480 480 480 0 0
720 480 0 0 0
480 0 480 480 0
0 0 0 720 480
480 480 0 0 480
480 0 480 480 0
0 480 480 0 480
480 0 480 480 0
480 480 0 480 0
0 480 480 480 0
0 0 480 480 480
480 0 0 480 480
480 480 0 0 720
0 480 720 0 480
480 480 480 480 0
480 720 0 480 0
480 720 0 0 480
720 480 0 0 480
480 0 0 720 480
480 0 480 720 0
720 0 480 0 480
0 720 0 480 480
480 720 480 0 0
480 480 0 480 480
0 720 480 0 480
480 0 480 480 480
0 0 480 480 720
0 480 480 480 480
480 480 0 480 480
480 480 480 480 480
0 480 720 0 720
480 480 480 0 720
480 480 0 720 480
0 720 720 0 480
480 0 720 480 480
