216
227
143
255
245
66
247
69
186
114
175
63
188
58
231
123
172
169
66
118
240
194
176
115
246
115
178
241
244
241
60
232
166
122
116
182
178
64
60
238
64
237
117
238
61
170
236
167
57
51
239
124
124
118
66
229
62
56
183
117
181
61
246
238
120
194
183
185
244
178
128
57
58
230
237
59
182
174
118
178
244
181
67
174
122
130
61
237
108
180
250
241
62
186
190
234
51
123
179
50
55
249
60
248
126
56
126
60
122
107
234
119
128
53
124
116
180
173
52
62
177
113
237
59
56
114
107
250
113
248
116
114
53
185
167
60
189
180
120
235
118
119
255
173
183
174
67
123
56
239
