183
245
239
239
252
174
180
187
242
228
59
240
181
119
57
55
180
180
119
235
61
130
56
60
63
184
251
229
118
233
122
60
238
60
113
248
238
123
57
58
62
187
61
181
115
239
47
57
126
112
120
233
70
185
124
60
183
175
176
58
173
59
250
56
247
54
56
183
183
223
121
176
62
60
59
58
120
57
56
178
179
184
64
117
122
122
63
170
59
180
54
57
59
117
240
53
242
121
237
122
116
177
66
116
180
119
120
178
56
130
237
247
182
116
233
179
187
171
228
180
113
122
169
241
124
62
184
123
126
242
227
233
243
173
55
190
177
244
57
175
182
103
251
241
173
57
225
185
249
65
207
178
57
173
129
188
117
120
126
181
183
249
118
116
131
184
216
124
62
113
66
233
57
231
173
54
181
58
239
238
247
184
61
244
240
237
182
122
249
161
114
62
172
115
175
185
57
239
239
242
61
181
232
233
116
115
124
57
63
242
237
62
181
67
124
178
115
184
119
124
175
187
246
254
247
179
177
271
129
232
178
193
117
241
123
240
186
131
229
170
122
134
122
243
123
228
178
55
58
178
122
237
231
59
120
61
243
240
119
50
115
190
237
239
181
58
245
180
180
191
178
125
132
231
119
63
48
174
183
169
59
240
247
58
186
255
169
187
60
61
124
120
174
68
119
122
117
55
116
119
