186
54
57
55
68
239
114
54
58
223
180
184
62
235
189
183
109
175
118
114
177
69
248
57
61
177
126
245
180
115
58
167
187
248
239
185
177
175
242
235
118
118
119
50
172
116
113
243
182
62
170
139
175
177
238
182
185
235
111
60
235
142
171
249
57
239
123
56
168
62
173
236
240
171
165
173
136
57
238
188
120
238
182
233
125
192
117
186
240
237
120
238
174
239
121
54
64
113
251
186
251
237
187
127
170
56
127
175
53
57
239
56
184
239
60
238
166
178
234
177
275
50
178
236
62
63
63
121
247
57
123
193
59
247
60
266
184
58
52
55
116
111
59
243
189
120
130
182
57
186
241
61
247
120
58
64
180
234
182
225
238
178
173
56
104
184
56
59
62
249
61
64
245
118
172
123
253
179
128
64
121
189
124
173
190
60
77
116
179
237
127
236
192
245
127
186
127
68
125
216
61
244
191
181
182
111
122
54
250
170
218
120
62
170
170
121
252
59
238
122
178
58
244
185
185
57
241
184
60
180
178
60
233
247
62
234
61
116
242
185
238
123
245
113
57
182
179
180
101
116
122
61
120
180
58
242
230
61
60
56
234
62
183
183
57
221
115
238
125
186
128
129
61
62
190
50
188
122
253
58
114
177
116
175
60
248
65
240
120
180
245
118
227
181
188
61
185
181
236
55
250
62
61
130
114
128
58
182
52
233
188
178
118
232
116
60
112
182
62
56
173
62
121
60
123
235
186
184
240
116
188
260
55
118
121
123
119
244
179
234
122
123
119
114
64
61
226
121
227
180
182
119
64
61
61
53
123
177
57
159
246
240
243
189
61
123
172
245
50
240
60
246
243
127
180
110
117
118
182
111
56
187
191
171
123
117
117
57
248
127
254
196
244
131
59
182
238
122
120
243
