63
74
59
238
173
228
239
177
184
58
233
185
246
169
123
169
171
59
62
121
236
61
124
193
179
60
122
180
125
118
193
60
119
174
58
237
228
180
248
237
114
121
116
240
239
64
192
169
175
172
121
55
122
64
239
252
215
233
180
231
192
62
62
179
122
62
64
239
117
131
223
194
183
220
240
64
64
117
242
198
125
234
180
124
170
182
160
242
123
60
260
63
58
233
236
61
67
116
58
172
236
176
184
118
60
54
240
173
56
183
180
62
249
58
171
116
123
125
189
113
117
135
239
175
249
62
183
182
238
110
238
100
231
116
60
122
60
234
180
66
238
60
125
230
167
59
226
60
222
235
61
236
55
123
125
162
183
253
59
65
59
238
125
180
245
133
175
119
120
165
176
172
171
123
180
171
177
56
58
63
55
125
51
111
195
176
56
249
235
188
242
246
50
171
192
182
239
255
113
63
247
192
241
57
245
186
182
118
136
60
121
237
60
241
122
117
229
124
179
241
118
248
58
122
172
243
168
120
246
176
179
181
105
58
59
190
187
237
229
120
58
184
226
173
128
113
61
254
196
59
182
61
114
170
114
177
66
130
236
55
63
188
183
176
115
58
67
247
232
242
58
64
120
182
230
239
176
162
58
127
233
120
237
241
233
181
126
116
173
177
194
61
247
177
61
117
125
238
253
184
174
57
172
238
59
62
49
61
124
63
116
63
56
64
236
126
239
66
60
124
237
181
174
123
123
68
239
242
181
200
234
55
225
260
172
169
115
177
182
123
185
180
64
63
238
106
137
58
113
122
195
180
243
61
57
56
63
182
241
234
241
166
65
178
244
59
116
249
136
169
239
57
61
63
171
120
239
64
238
62
183
183
53
237
194
183
61
57
62
55
240
231
195
61
59
223
189
249
54
218
236
122
127
62
238
57
241
185
248
71
232
179
256
124
168
62
62
64
65
55
173
233
174
57
244
181
187
245
235
225
132
57
249
109
241
174
239
59
243
179
242
179
167
121
222
179
123
244
169
119
236
126
183
226
193
120
49
63
239
69
116
63
177
57
237
241
114
118
184
60
51
179
114
229
62
247
242
122
112
113
186
176
119
129
55
113
169
185
123
233
192
61
116
53
236
57
235
127
243
180
