59
61
177
58
119
123
181
235
179
237
60
177
64
128
239
220
59
133
259
117
114
61
263
228
235
124
63
58
58
118
117
62
58
58
56
246
247
173
173
189
185
240
76
186
55
179
127
167
180
185
117
55
233
50
172
59
59
122
119
129
175
175
181
59
67
119
117
268
128
60
236
60
125
116
229
135
190
239
130
114
189
176
114
67
116
67
116
185
58
62
250
257
177
177
237
122
119
181
182
233
55
120
241
120
56
137
118
175
121
177
239
121
174
118
248
243
228
116
63
61
119
72
61
113
61
184
238
64
108
50
243
59
234
57
59
126
118
63
60
119
117
253
122
57
177
64
127
182
74
65
60
128
175
243
238
170
178
60
251
128
120
229
235
186
236
241
180
232
230
61
123
115
247
125
183
66
188
63
238
57
124
126
247
56
59
63
245
253
235
240
106
165
110
116
234
182
247
59
60
183
115
183
234
169
232
237
116
180
131
61
180
57
180
64
60
249
191
237
163
117
120
118
122
227
252
168
116
115
50
183
122
225
58
58
122
252
170
61
60
229
179
62
60
230
187
70
243
225
167
181
116
231
231
232
187
122
132
125
116
63
121
237
50
122
113
179
230
177
177
56
120
60
189
115
65
124
126
235
239
246
177
121
182
75
115
121
177
59
231
177
181
239
121
242
58
50
180
116
119
116
235
66
190
118
242
180
121
172
115
233
185
227
58
171
171
237
122
241
253
65
191
238
118
248
236
56
115
59
118
136
239
175
56
231
132
181
172
123
184
60
191
170
56
120
195
227
232
77
179
176
168
120
66
66
175
119
127
122
115
185
120
237
127
116
178
116
113
184
126
176
64
181
250
65
186
60
171
65
114
60
174
56
166
185
174
241
104
177
180
123
239
158
71
137
177
118
234
243
52
190
186
126
231
57
179
176
118
244
187
223
230
57
259
178
60
114
201
56
57
171
118
181
117
116
118
118
59
246
176
173
62
58
116
60
109
111
255
177
55
175
189
116
190
231
245
242
128
113
189
127
181
66
124
113
58
238
60
106
115
170
61
65
247
69
239
177
109
119
252
51
124
114
117
61
181
174
54
180
118
238
230
237
247
122
252
123
51
61
248
171
118
240
67
233
176
186
184
247
182
113
235
176
139
168
174
245
118
62
60
182
224
118
129
121
61
186
120
59
60
181
62
244
117
176
123
238
58
175
121
249
120
125
233
62
69
115
60
125
62
110
175
181
242
51
184
229
63
54
117
245
186
57
58
115
115
229
176
59
57
169
241
225
129
184
128
246
176
60
55
115
178
219
182
179
232
63
176
59
120
122
232
195
58
175
58
115
181
185
243
176
117
185
57
175
236
180
254
56
172
116
