1 1 1 0.654910
1 1 2 0.000000
1 1 3 0.656009
1 1 4 0.000000
1 1 5 0.000000
1 2 1 0.000000
1 2 2 0.662585
1 2 3 0.000000
1 2 4 0.589450
1 2 5 0.000000
1 3 1 0.632560
1 3 2 0.655318
1 3 3 0.633658
1 3 4 0.000000
1 3 5 0.502010
1 4 1 0.632035
1 4 2 0.654793
1 4 3 0.000000
1 4 4 0.581658
1 4 5 0.000000
1 5 1 0.635970
1 5 2 0.000000
1 5 3 0.637069
1 5 4 0.000000
1 5 5 0.505420
1 6 1 0.655468
1 6 2 0.678226
1 6 3 0.000000
1 6 4 0.605091
1 6 5 0.524918
1 7 1 0.656423
1 7 2 0.679181
1 7 3 0.657522
1 7 4 0.000000
1 7 5 0.525873
1 8 1 0.629462
1 8 2 0.000000
1 8 3 0.630560
1 8 4 0.579084
1 8 5 0.000000
1 9 1 0.000000
1 9 2 0.655411
1 9 3 0.000000
1 9 4 0.582276
1 9 5 0.000000
1 10 1 0.633443
1 10 2 0.656200
1 10 3 0.634541
1 10 4 0.583066
1 10 5 0.502893
2 1 1 0.654910
2 1 2 0.000000
2 1 3 0.656009
2 1 4 0.000000
2 1 5 0.000000
2 2 1 0.000000
2 2 2 0.662585
2 2 3 0.000000
2 2 4 0.589450
2 2 5 0.000000
2 3 1 0.632560
2 3 2 0.655318
2 3 3 0.633658
2 3 4 0.000000
2 3 5 0.502010
2 4 1 0.632035
2 4 2 0.654793
2 4 3 0.000000
2 4 4 0.581658
2 4 5 0.000000
2 5 1 0.635970
2 5 2 0.000000
2 5 3 0.637069
2 5 4 0.000000
2 5 5 0.505420
2 6 1 0.655468
2 6 2 0.678226
2 6 3 0.000000
2 6 4 0.605091
2 6 5 0.524918
2 7 1 0.656423
2 7 2 0.679181
2 7 3 0.657522
2 7 4 0.000000
2 7 5 0.525873
2 8 1 0.629462
2 8 2 0.000000
2 8 3 0.630560
2 8 4 0.579084
2 8 5 0.000000
2 9 1 0.000000
2 9 2 0.655411
2 9 3 0.000000
2 9 4 0.582276
2 9 5 0.000000
2 10 1 0.633443
2 10 2 0.656200
2 10 3 0.634541
2 10 4 0.583066
2 10 5 0.502893
3 1 1 0.654910
3 1 2 0.000000
3 1 3 0.656009
3 1 4 0.000000
3 1 5 0.000000
3 2 1 0.000000
3 2 2 0.662585
3 2 3 0.000000
3 2 4 0.589450
3 2 5 0.000000
3 3 1 0.632560
3 3 2 0.655318
3 3 3 0.633658
3 3 4 0.000000
3 3 5 0.502010
3 4 1 0.632035
3 4 2 0.654793
3 4 3 0.000000
3 4 4 0.581658
3 4 5 0.000000
3 5 1 0.635970
3 5 2 0.000000
3 5 3 0.637069
3 5 4 0.000000
3 5 5 0.505420
3 6 1 0.655468
3 6 2 0.678226
3 6 3 0.000000
3 6 4 0.605091
3 6 5 0.524918
3 7 1 0.656423
3 7 2 0.679181
3 7 3 0.657522
3 7 4 0.000000
3 7 5 0.525873
3 8 1 0.629462
3 8 2 0.000000
3 8 3 0.630560
3 8 4 0.579084
3 8 5 0.000000
3 9 1 0.000000
3 9 2 0.655411
3 9 3 0.000000
3 9 4 0.582276
3 9 5 0.000000
3 10 1 0.633443
3 10 2 0.656200
3 10 3 0.634541
3 10 4 0.583066
3 10 5 0.502893
4 1 1 0.654910
4 1 2 0.000000
4 1 3 0.656009
4 1 4 0.000000
4 1 5 0.000000
4 2 1 0.000000
4 2 2 0.662585
4 2 3 0.000000
4 2 4 0.589450
4 2 5 0.000000
4 3 1 0.632560
4 3 2 0.655318
4 3 3 0.633658
4 3 4 0.000000
4 3 5 0.502010
4 4 1 0.632035
4 4 2 0.654793
4 4 3 0.000000
4 4 4 0.581658
4 4 5 0.000000
4 5 1 0.635970
4 5 2 0.000000
4 5 3 0.637069
4 5 4 0.000000
4 5 5 0.505420
4 6 1 0.655468
4 6 2 0.678226
4 6 3 0.000000
4 6 4 0.605091
4 6 5 0.524918
4 7 1 0.656423
4 7 2 0.679181
4 7 3 0.657522
4 7 4 0.000000
4 7 5 0.525873
4 8 1 0.629462
4 8 2 0.000000
4 8 3 0.630560
4 8 4 0.579084
4 8 5 0.000000
4 9 1 0.000000
4 9 2 0.655411
4 9 3 0.000000
4 9 4 0.582276
4 9 5 0.000000
4 10 1 0.633443
4 10 2 0.656200
4 10 3 0.634541
4 10 4 0.583066
4 10 5 0.502893
5 1 1 0.654910
5 1 2 0.000000
5 1 3 0.656009
5 1 4 0.000000
5 1 5 0.000000
5 2 1 0.000000
5 2 2 0.662585
5 2 3 0.000000
5 2 4 0.589450
5 2 5 0.000000
5 3 1 0.632560
5 3 2 0.655318
5 3 3 0.633658
5 3 4 0.000000
5 3 5 0.502010
5 4 1 0.632035
5 4 2 0.654793
5 4 3 0.000000
5 4 4 0.581658
5 4 5 0.000000
5 5 1 0.635970
5 5 2 0.000000
5 5 3 0.637069
5 5 4 0.000000
5 5 5 0.505420
5 6 1 0.655468
5 6 2 0.678226
5 6 3 0.000000
5 6 4 0.605091
5 6 5 0.524918
5 7 1 0.656423
5 7 2 0.679181
5 7 3 0.657522
5 7 4 0.000000
5 7 5 0.525873
5 8 1 0.629462
5 8 2 0.000000
5 8 3 0.630560
5 8 4 0.579084
5 8 5 0.000000
5 9 1 0.000000
5 9 2 0.655411
5 9 3 0.000000
5 9 4 0.582276
5 9 5 0.000000
5 10 1 0.633443
5 10 2 0.656200
5 10 3 0.634541
5 10 4 0.583066
5 10 5 0.502893
6 1 1 0.654910
6 1 2 0.000000
6 1 3 0.656009
6 1 4 0.000000
6 1 5 0.000000
6 2 1 0.000000
6 2 2 0.662585
6 2 3 0.000000
6 2 4 0.589450
6 2 5 0.000000
6 3 1 0.632560
6 3 2 0.655318
6 3 3 0.633658
6 3 4 0.000000
6 3 5 0.502010
6 4 1 0.632035
6 4 2 0.654793
6 4 3 0.000000
6 4 4 0.581658
6 4 5 0.000000
6 5 1 0.635970
6 5 2 0.000000
6 5 3 0.637069
6 5 4 0.000000
6 5 5 0.505420
6 6 1 0.655468
6 6 2 0.678226
6 6 3 0.000000
6 6 4 0.605091
6 6 5 0.524918
6 7 1 0.656423
6 7 2 0.679181
6 7 3 0.657522
6 7 4 0.000000
6 7 5 0.525873
6 8 1 0.629462
6 8 2 0.000000
6 8 3 0.630560
6 8 4 0.579084
6 8 5 0.000000
6 9 1 0.000000
6 9 2 0.655411
6 9 3 0.000000
6 9 4 0.582276
6 9 5 0.000000
6 10 1 0.633443
6 10 2 0.656200
6 10 3 0.634541
6 10 4 0.583066
6 10 5 0.502893
7 1 1 0.654910
7 1 2 0.000000
7 1 3 0.656009
7 1 4 0.000000
7 1 5 0.000000
7 2 1 0.000000
7 2 2 0.662585
7 2 3 0.000000
7 2 4 0.589450
7 2 5 0.000000
7 3 1 0.632560
7 3 2 0.655318
7 3 3 0.633658
7 3 4 0.000000
7 3 5 0.502010
7 4 1 0.632035
7 4 2 0.654793
7 4 3 0.000000
7 4 4 0.581658
7 4 5 0.000000
7 5 1 0.635970
7 5 2 0.000000
7 5 3 0.637069
7 5 4 0.000000
7 5 5 0.505420
7 6 1 0.655468
7 6 2 0.678226
7 6 3 0.000000
7 6 4 0.605091
7 6 5 0.524918
7 7 1 0.656423
7 7 2 0.679181
7 7 3 0.657522
7 7 4 0.000000
7 7 5 0.525873
7 8 1 0.629462
7 8 2 0.000000
7 8 3 0.630560
7 8 4 0.579084
7 8 5 0.000000
7 9 1 0.000000
7 9 2 0.655411
7 9 3 0.000000
7 9 4 0.582276
7 9 5 0.000000
7 10 1 0.633443
7 10 2 0.656200
7 10 3 0.634541
7 10 4 0.583066
7 10 5 0.502893
8 1 1 0.654910
8 1 2 0.000000
8 1 3 0.656009
8 1 4 0.000000
8 1 5 0.000000
8 2 1 0.000000
8 2 2 0.662585
8 2 3 0.000000
8 2 4 0.589450
8 2 5 0.000000
8 3 1 0.632560
8 3 2 0.655318
8 3 3 0.633658
8 3 4 0.000000
8 3 5 0.502010
8 4 1 0.632035
8 4 2 0.654793
8 4 3 0.000000
8 4 4 0.581658
8 4 5 0.000000
8 5 1 0.635970
8 5 2 0.000000
8 5 3 0.637069
8 5 4 0.000000
8 5 5 0.505420
8 6 1 0.655468
8 6 2 0.678226
8 6 3 0.000000
8 6 4 0.605091
8 6 5 0.524918
8 7 1 0.656423
8 7 2 0.679181
8 7 3 0.657522
8 7 4 0.000000
8 7 5 0.525873
8 8 1 0.629462
8 8 2 0.000000
8 8 3 0.630560
8 8 4 0.579084
8 8 5 0.000000
8 9 1 0.000000
8 9 2 0.655411
8 9 3 0.000000
8 9 4 0.582276
8 9 5 0.000000
8 10 1 0.633443
8 10 2 0.656200
8 10 3 0.634541
8 10 4 0.583066
8 10 5 0.502893
9 1 1 0.654910
9 1 2 0.000000
9 1 3 0.656009
9 1 4 0.000000
9 1 5 0.000000
9 2 1 0.000000
9 2 2 0.662585
9 2 3 0.000000
9 2 4 0.589450
9 2 5 0.000000
9 3 1 0.632560
9 3 2 0.655318
9 3 3 0.633658
9 3 4 0.000000
9 3 5 0.502010
9 4 1 0.632035
9 4 2 0.654793
9 4 3 0.000000
9 4 4 0.581658
9 4 5 0.000000
9 5 1 0.635970
9 5 2 0.000000
9 5 3 0.637069
9 5 4 0.000000
9 5 5 0.505420
9 6 1 0.655468
9 6 2 0.678226
9 6 3 0.000000
9 6 4 0.605091
9 6 5 0.524918
9 7 1 0.656423
9 7 2 0.679181
9 7 3 0.657522
9 7 4 0.000000
9 7 5 0.525873
9 8 1 0.629462
9 8 2 0.000000
9 8 3 0.630560
9 8 4 0.579084
9 8 5 0.000000
9 9 1 0.000000
9 9 2 0.655411
9 9 3 0.000000
9 9 4 0.582276
9 9 5 0.000000
9 10 1 0.633443
9 10 2 0.656200
9 10 3 0.634541
9 10 4 0.583066
9 10 5 0.502893
10 1 1 0.654910
10 1 2 0.000000
10 1 3 0.656009
10 1 4 0.000000
10 1 5 0.000000
10 2 1 0.000000
10 2 2 0.662585
10 2 3 0.000000
10 2 4 0.589450
10 2 5 0.000000
10 3 1 0.632560
10 3 2 0.655318
10 3 3 0.633658
10 3 4 0.000000
10 3 5 0.502010
10 4 1 0.632035
10 4 2 0.654793
10 4 3 0.000000
10 4 4 0.581658
10 4 5 0.000000
10 5 1 0.635970
10 5 2 0.000000
10 5 3 0.637069
10 5 4 0.000000
10 5 5 0.505420
10 6 1 0.655468
10 6 2 0.678226
10 6 3 0.000000
10 6 4 0.605091
10 6 5 0.524918
10 7 1 0.656423
10 7 2 0.679181
10 7 3 0.657522
10 7 4 0.000000
10 7 5 0.525873
10 8 1 0.629462
10 8 2 0.000000
10 8 3 0.630560
10 8 4 0.579084
10 8 5 0.000000
10 9 1 0.000000
10 9 2 0.655411
10 9 3 0.000000
10 9 4 0.582276
10 9 5 0.000000
10 10 1 0.633443
10 10 2 0.656200
10 10 3 0.634541
10 10 4 0.583066
10 10 5 0.502893
11 1 1 0.654910
11 1 2 0.000000
11 1 3 0.656009
11 1 4 0.000000
11 1 5 0.000000
11 2 1 0.000000
11 2 2 0.662585
11 2 3 0.000000
11 2 4 0.589450
11 2 5 0.000000
11 3 1 0.632560
11 3 2 0.655318
11 3 3 0.633658
11 3 4 0.000000
11 3 5 0.502010
11 4 1 0.632035
11 4 2 0.654793
11 4 3 0.000000
11 4 4 0.581658
11 4 5 0.000000
11 5 1 0.635970
11 5 2 0.000000
11 5 3 0.637069
11 5 4 0.000000
11 5 5 0.505420
11 6 1 0.655468
11 6 2 0.678226
11 6 3 0.000000
11 6 4 0.605091
11 6 5 0.524918
11 7 1 0.656423
11 7 2 0.679181
11 7 3 0.657522
11 7 4 0.000000
11 7 5 0.525873
11 8 1 0.629462
11 8 2 0.000000
11 8 3 0.630560
11 8 4 0.579084
11 8 5 0.000000
11 9 1 0.000000
11 9 2 0.655411
11 9 3 0.000000
11 9 4 0.582276
11 9 5 0.000000
11 10 1 0.633443
11 10 2 0.656200
11 10 3 0.634541
11 10 4 0.583066
11 10 5 0.502893
12 1 1 0.654910
12 1 2 0.000000
12 1 3 0.656009
12 1 4 0.000000
12 1 5 0.000000
12 2 1 0.000000
12 2 2 0.662585
12 2 3 0.000000
12 2 4 0.589450
12 2 5 0.000000
12 3 1 0.632560
12 3 2 0.655318
12 3 3 0.633658
12 3 4 0.000000
12 3 5 0.502010
12 4 1 0.632035
12 4 2 0.654793
12 4 3 0.000000
12 4 4 0.581658
12 4 5 0.000000
12 5 1 0.635970
12 5 2 0.000000
12 5 3 0.637069
12 5 4 0.000000
12 5 5 0.505420
12 6 1 0.655468
12 6 2 0.678226
12 6 3 0.000000
12 6 4 0.605091
12 6 5 0.524918
12 7 1 0.656423
12 7 2 0.679181
12 7 3 0.657522
12 7 4 0.000000
12 7 5 0.525873
12 8 1 0.629462
12 8 2 0.000000
12 8 3 0.630560
12 8 4 0.579084
12 8 5 0.000000
12 9 1 0.000000
12 9 2 0.655411
12 9 3 0.000000
12 9 4 0.582276
12 9 5 0.000000
12 10 1 0.633443
12 10 2 0.656200
12 10 3 0.634541
12 10 4 0.583066
12 10 5 0.502893
13 1 1 0.654910
13 1 2 0.000000
13 1 3 0.656009
13 1 4 0.000000
13 1 5 0.000000
13 2 1 0.000000
13 2 2 0.662585
13 2 3 0.000000
13 2 4 0.589450
13 2 5 0.000000
13 3 1 0.632560
13 3 2 0.655318
13 3 3 0.633658
13 3 4 0.000000
13 3 5 0.502010
13 4 1 0.632035
13 4 2 0.654793
13 4 3 0.000000
13 4 4 0.581658
13 4 5 0.000000
13 5 1 0.635970
13 5 2 0.000000
13 5 3 0.637069
13 5 4 0.000000
13 5 5 0.505420
13 6 1 0.655468
13 6 2 0.678226
13 6 3 0.000000
13 6 4 0.605091
13 6 5 0.524918
13 7 1 0.656423
13 7 2 0.679181
13 7 3 0.657522
13 7 4 0.000000
13 7 5 0.525873
13 8 1 0.629462
13 8 2 0.000000
13 8 3 0.630560
13 8 4 0.579084
13 8 5 0.000000
13 9 1 0.000000
13 9 2 0.655411
13 9 3 0.000000
13 9 4 0.582276
13 9 5 0.000000
13 10 1 0.633443
13 10 2 0.656200
13 10 3 0.634541
13 10 4 0.583066
13 10 5 0.502893
14 1 1 0.654910
14 1 2 0.000000
14 1 3 0.656009
14 1 4 0.000000
14 1 5 0.000000
14 2 1 0.000000
14 2 2 0.662585
14 2 3 0.000000
14 2 4 0.589450
14 2 5 0.000000
14 3 1 0.632560
14 3 2 0.655318
14 3 3 0.633658
14 3 4 0.000000
14 3 5 0.502010
14 4 1 0.632035
14 4 2 0.654793
14 4 3 0.000000
14 4 4 0.581658
14 4 5 0.000000
14 5 1 0.635970
14 5 2 0.000000
14 5 3 0.637069
14 5 4 0.000000
14 5 5 0.505420
14 6 1 0.655468
14 6 2 0.678226
14 6 3 0.000000
14 6 4 0.605091
14 6 5 0.524918
14 7 1 0.656423
14 7 2 0.679181
14 7 3 0.657522
14 7 4 0.000000
14 7 5 0.525873
14 8 1 0.629462
14 8 2 0.000000
14 8 3 0.630560
14 8 4 0.579084
14 8 5 0.000000
14 9 1 0.000000
14 9 2 0.655411
14 9 3 0.000000
14 9 4 0.582276
14 9 5 0.000000
14 10 1 0.633443
14 10 2 0.656200
14 10 3 0.634541
14 10 4 0.583066
14 10 5 0.502893
15 1 1 0.654910
15 1 2 0.000000
15 1 3 0.656009
15 1 4 0.000000
15 1 5 0.000000
15 2 1 0.000000
15 2 2 0.662585
15 2 3 0.000000
15 2 4 0.589450
15 2 5 0.000000
15 3 1 0.632560
15 3 2 0.655318
15 3 3 0.633658
15 3 4 0.000000
15 3 5 0.502010
15 4 1 0.632035
15 4 2 0.654793
15 4 3 0.000000
15 4 4 0.581658
15 4 5 0.000000
15 5 1 0.635970
15 5 2 0.000000
15 5 3 0.637069
15 5 4 0.000000
15 5 5 0.505420
15 6 1 0.655468
15 6 2 0.678226
15 6 3 0.000000
15 6 4 0.605091
15 6 5 0.524918
15 7 1 0.656423
15 7 2 0.679181
15 7 3 0.657522
15 7 4 0.000000
15 7 5 0.525873
15 8 1 0.629462
15 8 2 0.000000
15 8 3 0.630560
15 8 4 0.579084
15 8 5 0.000000
15 9 1 0.000000
15 9 2 0.655411
15 9 3 0.000000
15 9 4 0.582276
15 9 5 0.000000
15 10 1 0.633443
15 10 2 0.656200
15 10 3 0.634541
15 10 4 0.583066
15 10 5 0.502893
16 1 1 0.654910
16 1 2 0.000000
16 1 3 0.656009
16 1 4 0.000000
16 1 5 0.000000
16 2 1 0.000000
16 2 2 0.662585
16 2 3 0.000000
16 2 4 0.589450
16 2 5 0.000000
16 3 1 0.632560
16 3 2 0.655318
16 3 3 0.633658
16 3 4 0.000000
16 3 5 0.502010
16 4 1 0.632035
16 4 2 0.654793
16 4 3 0.000000
16 4 4 0.581658
16 4 5 0.000000
16 5 1 0.635970
16 5 2 0.000000
16 5 3 0.637069
16 5 4 0.000000
16 5 5 0.505420
16 6 1 0.655468
16 6 2 0.678226
16 6 3 0.000000
16 6 4 0.605091
16 6 5 0.524918
16 7 1 0.656423
16 7 2 0.679181
16 7 3 0.657522
16 7 4 0.000000
16 7 5 0.525873
16 8 1 0.629462
16 8 2 0.000000
16 8 3 0.630560
16 8 4 0.579084
16 8 5 0.000000
16 9 1 0.000000
16 9 2 0.655411
16 9 3 0.000000
16 9 4 0.582276
16 9 5 0.000000
16 10 1 0.633443
16 10 2 0.656200
16 10 3 0.634541
16 10 4 0.583066
16 10 5 0.502893
17 1 1 0.654910
17 1 2 0.000000
17 1 3 0.656009
17 1 4 0.000000
17 1 5 0.000000
17 2 1 0.000000
17 2 2 0.662585
17 2 3 0.000000
17 2 4 0.589450
17 2 5 0.000000
17 3 1 0.632560
17 3 2 0.655318
17 3 3 0.633658
17 3 4 0.000000
17 3 5 0.502010
17 4 1 0.632035
17 4 2 0.654793
17 4 3 0.000000
17 4 4 0.581658
17 4 5 0.000000
17 5 1 0.635970
17 5 2 0.000000
17 5 3 0.637069
17 5 4 0.000000
17 5 5 0.505420
17 6 1 0.655468
17 6 2 0.678226
17 6 3 0.000000
17 6 4 0.605091
17 6 5 0.524918
17 7 1 0.656423
17 7 2 0.679181
17 7 3 0.657522
17 7 4 0.000000
17 7 5 0.525873
17 8 1 0.629462
17 8 2 0.000000
17 8 3 0.630560
17 8 4 0.579084
17 8 5 0.000000
17 9 1 0.000000
17 9 2 0.655411
17 9 3 0.000000
17 9 4 0.582276
17 9 5 0.000000
17 10 1 0.633443
17 10 2 0.656200
17 10 3 0.634541
17 10 4 0.583066
17 10 5 0.502893
18 1 1 0.654910
18 1 2 0.000000
18 1 3 0.656009
18 1 4 0.000000
18 1 5 0.000000
18 2 1 0.000000
18 2 2 0.662585
18 2 3 0.000000
18 2 4 0.589450
18 2 5 0.000000
18 3 1 0.632560
18 3 2 0.655318
18 3 3 0.633658
18 3 4 0.000000
18 3 5 0.502010
18 4 1 0.632035
18 4 2 0.654793
18 4 3 0.000000
18 4 4 0.581658
18 4 5 0.000000
18 5 1 0.635970
18 5 2 0.000000
18 5 3 0.637069
18 5 4 0.000000
18 5 5 0.505420
18 6 1 0.655468
18 6 2 0.678226
18 6 3 0.000000
18 6 4 0.605091
18 6 5 0.524918
18 7 1 0.656423
18 7 2 0.679181
18 7 3 0.657522
18 7 4 0.000000
18 7 5 0.525873
18 8 1 0.629462
18 8 2 0.000000
18 8 3 0.630560
18 8 4 0.579084
18 8 5 0.000000
18 9 1 0.000000
18 9 2 0.655411
18 9 3 0.000000
18 9 4 0.582276
18 9 5 0.000000
18 10 1 0.633443
18 10 2 0.656200
18 10 3 0.634541
18 10 4 0.583066
18 10 5 0.502893
19 1 1 0.654910
19 1 2 0.000000
19 1 3 0.656009
19 1 4 0.000000
19 1 5 0.000000
19 2 1 0.000000
19 2 2 0.662585
19 2 3 0.000000
19 2 4 0.589450
19 2 5 0.000000
19 3 1 0.632560
19 3 2 0.655318
19 3 3 0.633658
19 3 4 0.000000
19 3 5 0.502010
19 4 1 0.632035
19 4 2 0.654793
19 4 3 0.000000
19 4 4 0.581658
19 4 5 0.000000
19 5 1 0.635970
19 5 2 0.000000
19 5 3 0.637069
19 5 4 0.000000
19 5 5 0.505420
19 6 1 0.655468
19 6 2 0.678226
19 6 3 0.000000
19 6 4 0.605091
19 6 5 0.524918
19 7 1 0.656423
19 7 2 0.679181
19 7 3 0.657522
19 7 4 0.000000
19 7 5 0.525873
19 8 1 0.629462
19 8 2 0.000000
19 8 3 0.630560
19 8 4 0.579084
19 8 5 0.000000
19 9 1 0.000000
19 9 2 0.655411
19 9 3 0.000000
19 9 4 0.582276
19 9 5 0.000000
19 10 1 0.633443
19 10 2 0.656200
19 10 3 0.634541
19 10 4 0.583066
19 10 5 0.502893
20 1 1 0.654910
20 1 2 0.000000
20 1 3 0.656009
20 1 4 0.000000
20 1 5 0.000000
20 2 1 0.000000
20 2 2 0.662585
20 2 3 0.000000
20 2 4 0.589450
20 2 5 0.000000
20 3 1 0.632560
20 3 2 0.655318
20 3 3 0.633658
20 3 4 0.000000
20 3 5 0.502010
20 4 1 0.632035
20 4 2 0.654793
20 4 3 0.000000
20 4 4 0.581658
20 4 5 0.000000
20 5 1 0.635970
20 5 2 0.000000
20 5 3 0.637069
20 5 4 0.000000
20 5 5 0.505420
20 6 1 0.655468
20 6 2 0.678226
20 6 3 0.000000
20 6 4 0.605091
20 6 5 0.524918
20 7 1 0.656423
20 7 2 0.679181
20 7 3 0.657522
20 7 4 0.000000
20 7 5 0.525873
20 8 1 0.629462
20 8 2 0.000000
20 8 3 0.630560
20 8 4 0.579084
20 8 5 0.000000
20 9 1 0.000000
20 9 2 0.655411
20 9 3 0.000000
20 9 4 0.582276
20 9 5 0.000000
20 10 1 0.633443
20 10 2 0.656200
20 10 3 0.634541
20 10 4 0.583066
20 10 5 0.502893
21 1 1 0.654910
21 1 2 0.000000
21 1 3 0.656009
21 1 4 0.000000
21 1 5 0.000000
21 2 1 0.000000
21 2 2 0.662585
21 2 3 0.000000
21 2 4 0.589450
21 2 5 0.000000
21 3 1 0.632560
21 3 2 0.655318
21 3 3 0.633658
21 3 4 0.000000
21 3 5 0.502010
21 4 1 0.632035
21 4 2 0.654793
21 4 3 0.000000
21 4 4 0.581658
21 4 5 0.000000
21 5 1 0.635970
21 5 2 0.000000
21 5 3 0.637069
21 5 4 0.000000
21 5 5 0.505420
21 6 1 0.655468
21 6 2 0.678226
21 6 3 0.000000
21 6 4 0.605091
21 6 5 0.524918
21 7 1 0.656423
21 7 2 0.679181
21 7 3 0.657522
21 7 4 0.000000
21 7 5 0.525873
21 8 1 0.629462
21 8 2 0.000000
21 8 3 0.630560
21 8 4 0.579084
21 8 5 0.000000
21 9 1 0.000000
21 9 2 0.655411
21 9 3 0.000000
21 9 4 0.582276
21 9 5 0.000000
21 10 1 0.633443
21 10 2 0.656200
21 10 3 0.634541
21 10 4 0.583066
21 10 5 0.502893
22 1 1 0.654910
22 1 2 0.000000
22 1 3 0.656009
22 1 4 0.000000
22 1 5 0.000000
22 2 1 0.000000
22 2 2 0.662585
22 2 3 0.000000
22 2 4 0.589450
22 2 5 0.000000
22 3 1 0.632560
22 3 2 0.655318
22 3 3 0.633658
22 3 4 0.000000
22 3 5 0.502010
22 4 1 0.632035
22 4 2 0.654793
22 4 3 0.000000
22 4 4 0.581658
22 4 5 0.000000
22 5 1 0.635970
22 5 2 0.000000
22 5 3 0.637069
22 5 4 0.000000
22 5 5 0.505420
22 6 1 0.655468
22 6 2 0.678226
22 6 3 0.000000
22 6 4 0.605091
22 6 5 0.524918
22 7 1 0.656423
22 7 2 0.679181
22 7 3 0.657522
22 7 4 0.000000
22 7 5 0.525873
22 8 1 0.629462
22 8 2 0.000000
22 8 3 0.630560
22 8 4 0.579084
22 8 5 0.000000
22 9 1 0.000000
22 9 2 0.655411
22 9 3 0.000000
22 9 4 0.582276
22 9 5 0.000000
22 10 1 0.633443
22 10 2 0.656200
22 10 3 0.634541
22 10 4 0.583066
22 10 5 0.502893
23 1 1 0.654910
23 1 2 0.000000
23 1 3 0.656009
23 1 4 0.000000
23 1 5 0.000000
23 2 1 0.000000
23 2 2 0.662585
23 2 3 0.000000
23 2 4 0.589450
23 2 5 0.000000
23 3 1 0.632560
23 3 2 0.655318
23 3 3 0.633658
23 3 4 0.000000
23 3 5 0.502010
23 4 1 0.632035
23 4 2 0.654793
23 4 3 0.000000
23 4 4 0.581658
23 4 5 0.000000
23 5 1 0.635970
23 5 2 0.000000
23 5 3 0.637069
23 5 4 0.000000
23 5 5 0.505420
23 6 1 0.655468
23 6 2 0.678226
23 6 3 0.000000
23 6 4 0.605091
23 6 5 0.524918
23 7 1 0.656423
23 7 2 0.679181
23 7 3 0.657522
23 7 4 0.000000
23 7 5 0.525873
23 8 1 0.629462
23 8 2 0.000000
23 8 3 0.630560
23 8 4 0.579084
23 8 5 0.000000
23 9 1 0.000000
23 9 2 0.655411
23 9 3 0.000000
23 9 4 0.582276
23 9 5 0.000000
23 10 1 0.633443
23 10 2 0.656200
23 10 3 0.634541
23 10 4 0.583066
23 10 5 0.502893
24 1 1 0.654910
24 1 2 0.000000
24 1 3 0.656009
24 1 4 0.000000
24 1 5 0.000000
24 2 1 0.000000
24 2 2 0.662585
24 2 3 0.000000
24 2 4 0.589450
24 2 5 0.000000
24 3 1 0.632560
24 3 2 0.655318
24 3 3 0.633658
24 3 4 0.000000
24 3 5 0.502010
24 4 1 0.632035
24 4 2 0.654793
24 4 3 0.000000
24 4 4 0.581658
24 4 5 0.000000
24 5 1 0.635970
24 5 2 0.000000
24 5 3 0.637069
24 5 4 0.000000
24 5 5 0.505420
24 6 1 0.655468
24 6 2 0.678226
24 6 3 0.000000
24 6 4 0.605091
24 6 5 0.524918
24 7 1 0.656423
24 7 2 0.679181
24 7 3 0.657522
24 7 4 0.000000
24 7 5 0.525873
24 8 1 0.629462
24 8 2 0.000000
24 8 3 0.630560
24 8 4 0.579084
24 8 5 0.000000
24 9 1 0.000000
24 9 2 0.655411
24 9 3 0.000000
24 9 4 0.582276
24 9 5 0.000000
24 10 1 0.633443
24 10 2 0.656200
24 10 3 0.634541
24 10 4 0.583066
24 10 5 0.502893
25 1 1 0.654910
25 1 2 0.000000
25 1 3 0.656009
25 1 4 0.000000
25 1 5 0.000000
25 2 1 0.000000
25 2 2 0.662585
25 2 3 0.000000
25 2 4 0.589450
25 2 5 0.000000
25 3 1 0.632560
25 3 2 0.655318
25 3 3 0.633658
25 3 4 0.000000
25 3 5 0.502010
25 4 1 0.632035
25 4 2 0.654793
25 4 3 0.000000
25 4 4 0.581658
25 4 5 0.000000
25 5 1 0.635970
25 5 2 0.000000
25 5 3 0.637069
25 5 4 0.000000
25 5 5 0.505420
25 6 1 0.655468
25 6 2 0.678226
25 6 3 0.000000
25 6 4 0.605091
25 6 5 0.524918
25 7 1 0.656423
25 7 2 0.679181
25 7 3 0.657522
25 7 4 0.000000
25 7 5 0.525873
25 8 1 0.629462
25 8 2 0.000000
25 8 3 0.630560
25 8 4 0.579084
25 8 5 0.000000
25 9 1 0.000000
25 9 2 0.655411
25 9 3 0.000000
25 9 4 0.582276
25 9 5 0.000000
25 10 1 0.633443
25 10 2 0.656200
25 10 3 0.634541
25 10 4 0.583066
25 10 5 0.502893
26 1 1 0.654910
26 1 2 0.000000
26 1 3 0.656009
26 1 4 0.000000
26 1 5 0.000000
26 2 1 0.000000
26 2 2 0.662585
26 2 3 0.000000
26 2 4 0.589450
26 2 5 0.000000
26 3 1 0.632560
26 3 2 0.655318
26 3 3 0.633658
26 3 4 0.000000
26 3 5 0.502010
26 4 1 0.632035
26 4 2 0.654793
26 4 3 0.000000
26 4 4 0.581658
26 4 5 0.000000
26 5 1 0.635970
26 5 2 0.000000
26 5 3 0.637069
26 5 4 0.000000
26 5 5 0.505420
26 6 1 0.655468
26 6 2 0.678226
26 6 3 0.000000
26 6 4 0.605091
26 6 5 0.524918
26 7 1 0.656423
26 7 2 0.679181
26 7 3 0.657522
26 7 4 0.000000
26 7 5 0.525873
26 8 1 0.629462
26 8 2 0.000000
26 8 3 0.630560
26 8 4 0.579084
26 8 5 0.000000
26 9 1 0.000000
26 9 2 0.655411
26 9 3 0.000000
26 9 4 0.582276
26 9 5 0.000000
26 10 1 0.633443
26 10 2 0.656200
26 10 3 0.634541
26 10 4 0.583066
26 10 5 0.502893
27 1 1 0.654910
27 1 2 0.000000
27 1 3 0.656009
27 1 4 0.000000
27 1 5 0.000000
27 2 1 0.000000
27 2 2 0.662585
27 2 3 0.000000
27 2 4 0.589450
27 2 5 0.000000
27 3 1 0.632560
27 3 2 0.655318
27 3 3 0.633658
27 3 4 0.000000
27 3 5 0.502010
27 4 1 0.632035
27 4 2 0.654793
27 4 3 0.000000
27 4 4 0.581658
27 4 5 0.000000
27 5 1 0.635970
27 5 2 0.000000
27 5 3 0.637069
27 5 4 0.000000
27 5 5 0.505420
27 6 1 0.655468
27 6 2 0.678226
27 6 3 0.000000
27 6 4 0.605091
27 6 5 0.524918
27 7 1 0.656423
27 7 2 0.679181
27 7 3 0.657522
27 7 4 0.000000
27 7 5 0.525873
27 8 1 0.629462
27 8 2 0.000000
27 8 3 0.630560
27 8 4 0.579084
27 8 5 0.000000
27 9 1 0.000000
27 9 2 0.655411
27 9 3 0.000000
27 9 4 0.582276
27 9 5 0.000000
27 10 1 0.633443
27 10 2 0.656200
27 10 3 0.634541
27 10 4 0.583066
27 10 5 0.502893
28 1 1 0.654910
28 1 2 0.000000
28 1 3 0.656009
28 1 4 0.000000
28 1 5 0.000000
28 2 1 0.000000
28 2 2 0.662585
28 2 3 0.000000
28 2 4 0.589450
28 2 5 0.000000
28 3 1 0.632560
28 3 2 0.655318
28 3 3 0.633658
28 3 4 0.000000
28 3 5 0.502010
28 4 1 0.632035
28 4 2 0.654793
28 4 3 0.000000
28 4 4 0.581658
28 4 5 0.000000
28 5 1 0.635970
28 5 2 0.000000
28 5 3 0.637069
28 5 4 0.000000
28 5 5 0.505420
28 6 1 0.655468
28 6 2 0.678226
28 6 3 0.000000
28 6 4 0.605091
28 6 5 0.524918
28 7 1 0.656423
28 7 2 0.679181
28 7 3 0.657522
28 7 4 0.000000
28 7 5 0.525873
28 8 1 0.629462
28 8 2 0.000000
28 8 3 0.630560
28 8 4 0.579084
28 8 5 0.000000
28 9 1 0.000000
28 9 2 0.655411
28 9 3 0.000000
28 9 4 0.582276
28 9 5 0.000000
28 10 1 0.633443
28 10 2 0.656200
28 10 3 0.634541
28 10 4 0.583066
28 10 5 0.502893
29 1 1 0.654910
29 1 2 0.000000
29 1 3 0.656009
29 1 4 0.000000
29 1 5 0.000000
29 2 1 0.000000
29 2 2 0.662585
29 2 3 0.000000
29 2 4 0.589450
29 2 5 0.000000
29 3 1 0.632560
29 3 2 0.655318
29 3 3 0.633658
29 3 4 0.000000
29 3 5 0.502010
29 4 1 0.632035
29 4 2 0.654793
29 4 3 0.000000
29 4 4 0.581658
29 4 5 0.000000
29 5 1 0.635970
29 5 2 0.000000
29 5 3 0.637069
29 5 4 0.000000
29 5 5 0.505420
29 6 1 0.655468
29 6 2 0.678226
29 6 3 0.000000
29 6 4 0.605091
29 6 5 0.524918
29 7 1 0.656423
29 7 2 0.679181
29 7 3 0.657522
29 7 4 0.000000
29 7 5 0.525873
29 8 1 0.629462
29 8 2 0.000000
29 8 3 0.630560
29 8 4 0.579084
29 8 5 0.000000
29 9 1 0.000000
29 9 2 0.655411
29 9 3 0.000000
29 9 4 0.582276
29 9 5 0.000000
29 10 1 0.633443
29 10 2 0.656200
29 10 3 0.634541
29 10 4 0.583066
29 10 5 0.502893
30 1 1 0.654910
30 1 2 0.000000
30 1 3 0.656009
30 1 4 0.000000
30 1 5 0.000000
30 2 1 0.000000
30 2 2 0.662585
30 2 3 0.000000
30 2 4 0.589450
30 2 5 0.000000
30 3 1 0.632560
30 3 2 0.655318
30 3 3 0.633658
30 3 4 0.000000
30 3 5 0.502010
30 4 1 0.632035
30 4 2 0.654793
30 4 3 0.000000
30 4 4 0.581658
30 4 5 0.000000
30 5 1 0.635970
30 5 2 0.000000
30 5 3 0.637069
30 5 4 0.000000
30 5 5 0.505420
30 6 1 0.655468
30 6 2 0.678226
30 6 3 0.000000
30 6 4 0.605091
30 6 5 0.524918
30 7 1 0.656423
30 7 2 0.679181
30 7 3 0.657522
30 7 4 0.000000
30 7 5 0.525873
30 8 1 0.629462
30 8 2 0.000000
30 8 3 0.630560
30 8 4 0.579084
30 8 5 0.000000
30 9 1 0.000000
30 9 2 0.655411
30 9 3 0.000000
30 9 4 0.582276
30 9 5 0.000000
30 10 1 0.633443
30 10 2 0.656200
30 10 3 0.634541
30 10 4 0.583066
30 10 5 0.502893
31 1 1 0.654910
31 1 2 0.000000
31 1 3 0.656009
31 1 4 0.000000
31 1 5 0.000000
31 2 1 0.000000
31 2 2 0.662585
31 2 3 0.000000
31 2 4 0.589450
31 2 5 0.000000
31 3 1 0.632560
31 3 2 0.655318
31 3 3 0.633658
31 3 4 0.000000
31 3 5 0.502010
31 4 1 0.632035
31 4 2 0.654793
31 4 3 0.000000
31 4 4 0.581658
31 4 5 0.000000
31 5 1 0.635970
31 5 2 0.000000
31 5 3 0.637069
31 5 4 0.000000
31 5 5 0.505420
31 6 1 0.655468
31 6 2 0.678226
31 6 3 0.000000
31 6 4 0.605091
31 6 5 0.524918
31 7 1 0.656423
31 7 2 0.679181
31 7 3 0.657522
31 7 4 0.000000
31 7 5 0.525873
31 8 1 0.629462
31 8 2 0.000000
31 8 3 0.630560
31 8 4 0.579084
31 8 5 0.000000
31 9 1 0.000000
31 9 2 0.655411
31 9 3 0.000000
31 9 4 0.582276
31 9 5 0.000000
31 10 1 0.633443
31 10 2 0.656200
31 10 3 0.634541
31 10 4 0.583066
31 10 5 0.502893
32 1 1 0.654910
32 1 2 0.000000
32 1 3 0.656009
32 1 4 0.000000
32 1 5 0.000000
32 2 1 0.000000
32 2 2 0.662585
32 2 3 0.000000
32 2 4 0.589450
32 2 5 0.000000
32 3 1 0.632560
32 3 2 0.655318
32 3 3 0.633658
32 3 4 0.000000
32 3 5 0.502010
32 4 1 0.632035
32 4 2 0.654793
32 4 3 0.000000
32 4 4 0.581658
32 4 5 0.000000
32 5 1 0.635970
32 5 2 0.000000
32 5 3 0.637069
32 5 4 0.000000
32 5 5 0.505420
32 6 1 0.655468
32 6 2 0.678226
32 6 3 0.000000
32 6 4 0.605091
32 6 5 0.524918
32 7 1 0.656423
32 7 2 0.679181
32 7 3 0.657522
32 7 4 0.000000
32 7 5 0.525873
32 8 1 0.629462
32 8 2 0.000000
32 8 3 0.630560
32 8 4 0.579084
32 8 5 0.000000
32 9 1 0.000000
32 9 2 0.655411
32 9 3 0.000000
32 9 4 0.582276
32 9 5 0.000000
32 10 1 0.633443
32 10 2 0.656200
32 10 3 0.634541
32 10 4 0.583066
32 10 5 0.502893
33 1 1 0.654910
33 1 2 0.000000
33 1 3 0.656009
33 1 4 0.000000
33 1 5 0.000000
33 2 1 0.000000
33 2 2 0.662585
33 2 3 0.000000
33 2 4 0.589450
33 2 5 0.000000
33 3 1 0.632560
33 3 2 0.655318
33 3 3 0.633658
33 3 4 0.000000
33 3 5 0.502010
33 4 1 0.632035
33 4 2 0.654793
33 4 3 0.000000
33 4 4 0.581658
33 4 5 0.000000
33 5 1 0.635970
33 5 2 0.000000
33 5 3 0.637069
33 5 4 0.000000
33 5 5 0.505420
33 6 1 0.655468
33 6 2 0.678226
33 6 3 0.000000
33 6 4 0.605091
33 6 5 0.524918
33 7 1 0.656423
33 7 2 0.679181
33 7 3 0.657522
33 7 4 0.000000
33 7 5 0.525873
33 8 1 0.629462
33 8 2 0.000000
33 8 3 0.630560
33 8 4 0.579084
33 8 5 0.000000
33 9 1 0.000000
33 9 2 0.655411
33 9 3 0.000000
33 9 4 0.582276
33 9 5 0.000000
33 10 1 0.633443
33 10 2 0.656200
33 10 3 0.634541
33 10 4 0.583066
33 10 5 0.502893
34 1 1 0.654910
34 1 2 0.000000
34 1 3 0.656009
34 1 4 0.000000
34 1 5 0.000000
34 2 1 0.000000
34 2 2 0.662585
34 2 3 0.000000
34 2 4 0.589450
34 2 5 0.000000
34 3 1 0.632560
34 3 2 0.655318
34 3 3 0.633658
34 3 4 0.000000
34 3 5 0.502010
34 4 1 0.632035
34 4 2 0.654793
34 4 3 0.000000
34 4 4 0.581658
34 4 5 0.000000
34 5 1 0.635970
34 5 2 0.000000
34 5 3 0.637069
34 5 4 0.000000
34 5 5 0.505420
34 6 1 0.655468
34 6 2 0.678226
34 6 3 0.000000
34 6 4 0.605091
34 6 5 0.524918
34 7 1 0.656423
34 7 2 0.679181
34 7 3 0.657522
34 7 4 0.000000
34 7 5 0.525873
34 8 1 0.629462
34 8 2 0.000000
34 8 3 0.630560
34 8 4 0.579084
34 8 5 0.000000
34 9 1 0.000000
34 9 2 0.655411
34 9 3 0.000000
34 9 4 0.582276
34 9 5 0.000000
34 10 1 0.633443
34 10 2 0.656200
34 10 3 0.634541
34 10 4 0.583066
34 10 5 0.502893
35 1 1 0.654910
35 1 2 0.000000
35 1 3 0.656009
35 1 4 0.000000
35 1 5 0.000000
35 2 1 0.000000
35 2 2 0.662585
35 2 3 0.000000
35 2 4 0.589450
35 2 5 0.000000
35 3 1 0.632560
35 3 2 0.655318
35 3 3 0.633658
35 3 4 0.000000
35 3 5 0.502010
35 4 1 0.632035
35 4 2 0.654793
35 4 3 0.000000
35 4 4 0.581658
35 4 5 0.000000
35 5 1 0.635970
35 5 2 0.000000
35 5 3 0.637069
35 5 4 0.000000
35 5 5 0.505420
35 6 1 0.655468
35 6 2 0.678226
35 6 3 0.000000
35 6 4 0.605091
35 6 5 0.524918
35 7 1 0.656423
35 7 2 0.679181
35 7 3 0.657522
35 7 4 0.000000
35 7 5 0.525873
35 8 1 0.629462
35 8 2 0.000000
35 8 3 0.630560
35 8 4 0.579084
35 8 5 0.000000
35 9 1 0.000000
35 9 2 0.655411
35 9 3 0.000000
35 9 4 0.582276
35 9 5 0.000000
35 10 1 0.633443
35 10 2 0.656200
35 10 3 0.634541
35 10 4 0.583066
35 10 5 0.502893
36 1 1 0.654910
36 1 2 0.000000
36 1 3 0.656009
36 1 4 0.000000
36 1 5 0.000000
36 2 1 0.000000
36 2 2 0.662585
36 2 3 0.000000
36 2 4 0.589450
36 2 5 0.000000
36 3 1 0.632560
36 3 2 0.655318
36 3 3 0.633658
36 3 4 0.000000
36 3 5 0.502010
36 4 1 0.632035
36 4 2 0.654793
36 4 3 0.000000
36 4 4 0.581658
36 4 5 0.000000
36 5 1 0.635970
36 5 2 0.000000
36 5 3 0.637069
36 5 4 0.000000
36 5 5 0.505420
36 6 1 0.655468
36 6 2 0.678226
36 6 3 0.000000
36 6 4 0.605091
36 6 5 0.524918
36 7 1 0.656423
36 7 2 0.679181
36 7 3 0.657522
36 7 4 0.000000
36 7 5 0.525873
36 8 1 0.629462
36 8 2 0.000000
36 8 3 0.630560
36 8 4 0.579084
36 8 5 0.000000
36 9 1 0.000000
36 9 2 0.655411
36 9 3 0.000000
36 9 4 0.582276
36 9 5 0.000000
36 10 1 0.633443
36 10 2 0.656200
36 10 3 0.634541
36 10 4 0.583066
36 10 5 0.502893
37 1 1 0.654910
37 1 2 0.000000
37 1 3 0.656009
37 1 4 0.000000
37 1 5 0.000000
37 2 1 0.000000
37 2 2 0.662585
37 2 3 0.000000
37 2 4 0.589450
37 2 5 0.000000
37 3 1 0.632560
37 3 2 0.655318
37 3 3 0.633658
37 3 4 0.000000
37 3 5 0.502010
37 4 1 0.632035
37 4 2 0.654793
37 4 3 0.000000
37 4 4 0.581658
37 4 5 0.000000
37 5 1 0.635970
37 5 2 0.000000
37 5 3 0.637069
37 5 4 0.000000
37 5 5 0.505420
37 6 1 0.655468
37 6 2 0.678226
37 6 3 0.000000
37 6 4 0.605091
37 6 5 0.524918
37 7 1 0.656423
37 7 2 0.679181
37 7 3 0.657522
37 7 4 0.000000
37 7 5 0.525873
37 8 1 0.629462
37 8 2 0.000000
37 8 3 0.630560
37 8 4 0.579084
37 8 5 0.000000
37 9 1 0.000000
37 9 2 0.655411
37 9 3 0.000000
37 9 4 0.582276
37 9 5 0.000000
37 10 1 0.633443
37 10 2 0.656200
37 10 3 0.634541
37 10 4 0.583066
37 10 5 0.502893
38 1 1 0.654910
38 1 2 0.000000
38 1 3 0.656009
38 1 4 0.000000
38 1 5 0.000000
38 2 1 0.000000
38 2 2 0.662585
38 2 3 0.000000
38 2 4 0.589450
38 2 5 0.000000
38 3 1 0.632560
38 3 2 0.655318
38 3 3 0.633658
38 3 4 0.000000
38 3 5 0.502010
38 4 1 0.632035
38 4 2 0.654793
38 4 3 0.000000
38 4 4 0.581658
38 4 5 0.000000
38 5 1 0.635970
38 5 2 0.000000
38 5 3 0.637069
38 5 4 0.000000
38 5 5 0.505420
38 6 1 0.655468
38 6 2 0.678226
38 6 3 0.000000
38 6 4 0.605091
38 6 5 0.524918
38 7 1 0.656423
38 7 2 0.679181
38 7 3 0.657522
38 7 4 0.000000
38 7 5 0.525873
38 8 1 0.629462
38 8 2 0.000000
38 8 3 0.630560
38 8 4 0.579084
38 8 5 0.000000
38 9 1 0.000000
38 9 2 0.655411
38 9 3 0.000000
38 9 4 0.582276
38 9 5 0.000000
38 10 1 0.633443
38 10 2 0.656200
38 10 3 0.634541
38 10 4 0.583066
38 10 5 0.502893
39 1 1 0.654910
39 1 2 0.000000
39 1 3 0.656009
39 1 4 0.000000
39 1 5 0.000000
39 2 1 0.000000
39 2 2 0.662585
39 2 3 0.000000
39 2 4 0.589450
39 2 5 0.000000
39 3 1 0.632560
39 3 2 0.655318
39 3 3 0.633658
39 3 4 0.000000
39 3 5 0.502010
39 4 1 0.632035
39 4 2 0.654793
39 4 3 0.000000
39 4 4 0.581658
39 4 5 0.000000
39 5 1 0.635970
39 5 2 0.000000
39 5 3 0.637069
39 5 4 0.000000
39 5 5 0.505420
39 6 1 0.655468
39 6 2 0.678226
39 6 3 0.000000
39 6 4 0.605091
39 6 5 0.524918
39 7 1 0.656423
39 7 2 0.679181
39 7 3 0.657522
39 7 4 0.000000
39 7 5 0.525873
39 8 1 0.629462
39 8 2 0.000000
39 8 3 0.630560
39 8 4 0.579084
39 8 5 0.000000
39 9 1 0.000000
39 9 2 0.655411
39 9 3 0.000000
39 9 4 0.582276
39 9 5 0.000000
39 10 1 0.633443
39 10 2 0.656200
39 10 3 0.634541
39 10 4 0.583066
39 10 5 0.502893
40 1 1 0.654910
40 1 2 0.000000
40 1 3 0.656009
40 1 4 0.000000
40 1 5 0.000000
40 2 1 0.000000
40 2 2 0.662585
40 2 3 0.000000
40 2 4 0.589450
40 2 5 0.000000
40 3 1 0.632560
40 3 2 0.655318
40 3 3 0.633658
40 3 4 0.000000
40 3 5 0.502010
40 4 1 0.632035
40 4 2 0.654793
40 4 3 0.000000
40 4 4 0.581658
40 4 5 0.000000
40 5 1 0.635970
40 5 2 0.000000
40 5 3 0.637069
40 5 4 0.000000
40 5 5 0.505420
40 6 1 0.655468
40 6 2 0.678226
40 6 3 0.000000
40 6 4 0.605091
40 6 5 0.524918
40 7 1 0.656423
40 7 2 0.679181
40 7 3 0.657522
40 7 4 0.000000
40 7 5 0.525873
40 8 1 0.629462
40 8 2 0.000000
40 8 3 0.630560
40 8 4 0.579084
40 8 5 0.000000
40 9 1 0.000000
40 9 2 0.655411
40 9 3 0.000000
40 9 4 0.582276
40 9 5 0.000000
40 10 1 0.633443
40 10 2 0.656200
40 10 3 0.634541
40 10 4 0.583066
40 10 5 0.502893
41 1 1 0.654910
41 1 2 0.000000
41 1 3 0.656009
41 1 4 0.000000
41 1 5 0.000000
41 2 1 0.000000
41 2 2 0.662585
41 2 3 0.000000
41 2 4 0.589450
41 2 5 0.000000
41 3 1 0.632560
41 3 2 0.655318
41 3 3 0.633658
41 3 4 0.000000
41 3 5 0.502010
41 4 1 0.632035
41 4 2 0.654793
41 4 3 0.000000
41 4 4 0.581658
41 4 5 0.000000
41 5 1 0.635970
41 5 2 0.000000
41 5 3 0.637069
41 5 4 0.000000
41 5 5 0.505420
41 6 1 0.655468
41 6 2 0.678226
41 6 3 0.000000
41 6 4 0.605091
41 6 5 0.524918
41 7 1 0.656423
41 7 2 0.679181
41 7 3 0.657522
41 7 4 0.000000
41 7 5 0.525873
41 8 1 0.629462
41 8 2 0.000000
41 8 3 0.630560
41 8 4 0.579084
41 8 5 0.000000
41 9 1 0.000000
41 9 2 0.655411
41 9 3 0.000000
41 9 4 0.582276
41 9 5 0.000000
41 10 1 0.633443
41 10 2 0.656200
41 10 3 0.634541
41 10 4 0.583066
41 10 5 0.502893
42 1 1 0.654910
42 1 2 0.000000
42 1 3 0.656009
42 1 4 0.000000
42 1 5 0.000000
42 2 1 0.000000
42 2 2 0.662585
42 2 3 0.000000
42 2 4 0.589450
42 2 5 0.000000
42 3 1 0.632560
42 3 2 0.655318
42 3 3 0.633658
42 3 4 0.000000
42 3 5 0.502010
42 4 1 0.632035
42 4 2 0.654793
42 4 3 0.000000
42 4 4 0.581658
42 4 5 0.000000
42 5 1 0.635970
42 5 2 0.000000
42 5 3 0.637069
42 5 4 0.000000
42 5 5 0.505420
42 6 1 0.655468
42 6 2 0.678226
42 6 3 0.000000
42 6 4 0.605091
42 6 5 0.524918
42 7 1 0.656423
42 7 2 0.679181
42 7 3 0.657522
42 7 4 0.000000
42 7 5 0.525873
42 8 1 0.629462
42 8 2 0.000000
42 8 3 0.630560
42 8 4 0.579084
42 8 5 0.000000
42 9 1 0.000000
42 9 2 0.655411
42 9 3 0.000000
42 9 4 0.582276
42 9 5 0.000000
42 10 1 0.633443
42 10 2 0.656200
42 10 3 0.634541
42 10 4 0.583066
42 10 5 0.502893
43 1 1 0.654910
43 1 2 0.000000
43 1 3 0.656009
43 1 4 0.000000
43 1 5 0.000000
43 2 1 0.000000
43 2 2 0.662585
43 2 3 0.000000
43 2 4 0.589450
43 2 5 0.000000
43 3 1 0.632560
43 3 2 0.655318
43 3 3 0.633658
43 3 4 0.000000
43 3 5 0.502010
43 4 1 0.632035
43 4 2 0.654793
43 4 3 0.000000
43 4 4 0.581658
43 4 5 0.000000
43 5 1 0.635970
43 5 2 0.000000
43 5 3 0.637069
43 5 4 0.000000
43 5 5 0.505420
43 6 1 0.655468
43 6 2 0.678226
43 6 3 0.000000
43 6 4 0.605091
43 6 5 0.524918
43 7 1 0.656423
43 7 2 0.679181
43 7 3 0.657522
43 7 4 0.000000
43 7 5 0.525873
43 8 1 0.629462
43 8 2 0.000000
43 8 3 0.630560
43 8 4 0.579084
43 8 5 0.000000
43 9 1 0.000000
43 9 2 0.655411
43 9 3 0.000000
43 9 4 0.582276
43 9 5 0.000000
43 10 1 0.633443
43 10 2 0.656200
43 10 3 0.634541
43 10 4 0.583066
43 10 5 0.502893
44 1 1 0.654910
44 1 2 0.000000
44 1 3 0.656009
44 1 4 0.000000
44 1 5 0.000000
44 2 1 0.000000
44 2 2 0.662585
44 2 3 0.000000
44 2 4 0.589450
44 2 5 0.000000
44 3 1 0.632560
44 3 2 0.655318
44 3 3 0.633658
44 3 4 0.000000
44 3 5 0.502010
44 4 1 0.632035
44 4 2 0.654793
44 4 3 0.000000
44 4 4 0.581658
44 4 5 0.000000
44 5 1 0.635970
44 5 2 0.000000
44 5 3 0.637069
44 5 4 0.000000
44 5 5 0.505420
44 6 1 0.655468
44 6 2 0.678226
44 6 3 0.000000
44 6 4 0.605091
44 6 5 0.524918
44 7 1 0.656423
44 7 2 0.679181
44 7 3 0.657522
44 7 4 0.000000
44 7 5 0.525873
44 8 1 0.629462
44 8 2 0.000000
44 8 3 0.630560
44 8 4 0.579084
44 8 5 0.000000
44 9 1 0.000000
44 9 2 0.655411
44 9 3 0.000000
44 9 4 0.582276
44 9 5 0.000000
44 10 1 0.633443
44 10 2 0.656200
44 10 3 0.634541
44 10 4 0.583066
44 10 5 0.502893
45 1 1 0.654910
45 1 2 0.000000
45 1 3 0.656009
45 1 4 0.000000
45 1 5 0.000000
45 2 1 0.000000
45 2 2 0.662585
45 2 3 0.000000
45 2 4 0.589450
45 2 5 0.000000
45 3 1 0.632560
45 3 2 0.655318
45 3 3 0.633658
45 3 4 0.000000
45 3 5 0.502010
45 4 1 0.632035
45 4 2 0.654793
45 4 3 0.000000
45 4 4 0.581658
45 4 5 0.000000
45 5 1 0.635970
45 5 2 0.000000
45 5 3 0.637069
45 5 4 0.000000
45 5 5 0.505420
45 6 1 0.655468
45 6 2 0.678226
45 6 3 0.000000
45 6 4 0.605091
45 6 5 0.524918
45 7 1 0.656423
45 7 2 0.679181
45 7 3 0.657522
45 7 4 0.000000
45 7 5 0.525873
45 8 1 0.629462
45 8 2 0.000000
45 8 3 0.630560
45 8 4 0.579084
45 8 5 0.000000
45 9 1 0.000000
45 9 2 0.655411
45 9 3 0.000000
45 9 4 0.582276
45 9 5 0.000000
45 10 1 0.633443
45 10 2 0.656200
45 10 3 0.634541
45 10 4 0.583066
45 10 5 0.502893
46 1 1 0.654910
46 1 2 0.000000
46 1 3 0.656009
46 1 4 0.000000
46 1 5 0.000000
46 2 1 0.000000
46 2 2 0.662585
46 2 3 0.000000
46 2 4 0.589450
46 2 5 0.000000
46 3 1 0.632560
46 3 2 0.655318
46 3 3 0.633658
46 3 4 0.000000
46 3 5 0.502010
46 4 1 0.632035
46 4 2 0.654793
46 4 3 0.000000
46 4 4 0.581658
46 4 5 0.000000
46 5 1 0.635970
46 5 2 0.000000
46 5 3 0.637069
46 5 4 0.000000
46 5 5 0.505420
46 6 1 0.655468
46 6 2 0.678226
46 6 3 0.000000
46 6 4 0.605091
46 6 5 0.524918
46 7 1 0.656423
46 7 2 0.679181
46 7 3 0.657522
46 7 4 0.000000
46 7 5 0.525873
46 8 1 0.629462
46 8 2 0.000000
46 8 3 0.630560
46 8 4 0.579084
46 8 5 0.000000
46 9 1 0.000000
46 9 2 0.655411
46 9 3 0.000000
46 9 4 0.582276
46 9 5 0.000000
46 10 1 0.633443
46 10 2 0.656200
46 10 3 0.634541
46 10 4 0.583066
46 10 5 0.502893
47 1 1 0.654910
47 1 2 0.000000
47 1 3 0.656009
47 1 4 0.000000
47 1 5 0.000000
47 2 1 0.000000
47 2 2 0.662585
47 2 3 0.000000
47 2 4 0.589450
47 2 5 0.000000
47 3 1 0.632560
47 3 2 0.655318
47 3 3 0.633658
47 3 4 0.000000
47 3 5 0.502010
47 4 1 0.632035
47 4 2 0.654793
47 4 3 0.000000
47 4 4 0.581658
47 4 5 0.000000
47 5 1 0.635970
47 5 2 0.000000
47 5 3 0.637069
47 5 4 0.000000
47 5 5 0.505420
47 6 1 0.655468
47 6 2 0.678226
47 6 3 0.000000
47 6 4 0.605091
47 6 5 0.524918
47 7 1 0.656423
47 7 2 0.679181
47 7 3 0.657522
47 7 4 0.000000
47 7 5 0.525873
47 8 1 0.629462
47 8 2 0.000000
47 8 3 0.630560
47 8 4 0.579084
47 8 5 0.000000
47 9 1 0.000000
47 9 2 0.655411
47 9 3 0.000000
47 9 4 0.582276
47 9 5 0.000000
47 10 1 0.633443
47 10 2 0.656200
47 10 3 0.634541
47 10 4 0.583066
47 10 5 0.502893
48 1 1 0.654910
48 1 2 0.000000
48 1 3 0.656009
48 1 4 0.000000
48 1 5 0.000000
48 2 1 0.000000
48 2 2 0.662585
48 2 3 0.000000
48 2 4 0.589450
48 2 5 0.000000
48 3 1 0.632560
48 3 2 0.655318
48 3 3 0.633658
48 3 4 0.000000
48 3 5 0.502010
48 4 1 0.632035
48 4 2 0.654793
48 4 3 0.000000
48 4 4 0.581658
48 4 5 0.000000
48 5 1 0.635970
48 5 2 0.000000
48 5 3 0.637069
48 5 4 0.000000
48 5 5 0.505420
48 6 1 0.655468
48 6 2 0.678226
48 6 3 0.000000
48 6 4 0.605091
48 6 5 0.524918
48 7 1 0.656423
48 7 2 0.679181
48 7 3 0.657522
48 7 4 0.000000
48 7 5 0.525873
48 8 1 0.629462
48 8 2 0.000000
48 8 3 0.630560
48 8 4 0.579084
48 8 5 0.000000
48 9 1 0.000000
48 9 2 0.655411
48 9 3 0.000000
48 9 4 0.582276
48 9 5 0.000000
48 10 1 0.633443
48 10 2 0.656200
48 10 3 0.634541
48 10 4 0.583066
48 10 5 0.502893
49 1 1 0.654910
49 1 2 0.000000
49 1 3 0.656009
49 1 4 0.000000
49 1 5 0.000000
49 2 1 0.000000
49 2 2 0.662585
49 2 3 0.000000
49 2 4 0.589450
49 2 5 0.000000
49 3 1 0.632560
49 3 2 0.655318
49 3 3 0.633658
49 3 4 0.000000
49 3 5 0.502010
49 4 1 0.632035
49 4 2 0.654793
49 4 3 0.000000
49 4 4 0.581658
49 4 5 0.000000
49 5 1 0.635970
49 5 2 0.000000
49 5 3 0.637069
49 5 4 0.000000
49 5 5 0.505420
49 6 1 0.655468
49 6 2 0.678226
49 6 3 0.000000
49 6 4 0.605091
49 6 5 0.524918
49 7 1 0.656423
49 7 2 0.679181
49 7 3 0.657522
49 7 4 0.000000
49 7 5 0.525873
49 8 1 0.629462
49 8 2 0.000000
49 8 3 0.630560
49 8 4 0.579084
49 8 5 0.000000
49 9 1 0.000000
49 9 2 0.655411
49 9 3 0.000000
49 9 4 0.582276
49 9 5 0.000000
49 10 1 0.633443
49 10 2 0.656200
49 10 3 0.634541
49 10 4 0.583066
49 10 5 0.502893
50 1 1 0.654910
50 1 2 0.000000
50 1 3 0.656009
50 1 4 0.000000
50 1 5 0.000000
50 2 1 0.000000
50 2 2 0.662585
50 2 3 0.000000
50 2 4 0.589450
50 2 5 0.000000
50 3 1 0.632560
50 3 2 0.655318
50 3 3 0.633658
50 3 4 0.000000
50 3 5 0.502010
50 4 1 0.632035
50 4 2 0.654793
50 4 3 0.000000
50 4 4 0.581658
50 4 5 0.000000
50 5 1 0.635970
50 5 2 0.000000
50 5 3 0.637069
50 5 4 0.000000
50 5 5 0.505420
50 6 1 0.655468
50 6 2 0.678226
50 6 3 0.000000
50 6 4 0.605091
50 6 5 0.524918
50 7 1 0.656423
50 7 2 0.679181
50 7 3 0.657522
50 7 4 0.000000
50 7 5 0.525873
50 8 1 0.629462
50 8 2 0.000000
50 8 3 0.630560
50 8 4 0.579084
50 8 5 0.000000
50 9 1 0.000000
50 9 2 0.655411
50 9 3 0.000000
50 9 4 0.582276
50 9 5 0.000000
50 10 1 0.633443
50 10 2 0.656200
50 10 3 0.634541
50 10 4 0.583066
50 10 5 0.502893
51 1 1 0.654910
51 1 2 0.000000
51 1 3 0.656009
51 1 4 0.000000
51 1 5 0.000000
51 2 1 0.000000
51 2 2 0.662585
51 2 3 0.000000
51 2 4 0.589450
51 2 5 0.000000
51 3 1 0.632560
51 3 2 0.655318
51 3 3 0.633658
51 3 4 0.000000
51 3 5 0.502010
51 4 1 0.632035
51 4 2 0.654793
51 4 3 0.000000
51 4 4 0.581658
51 4 5 0.000000
51 5 1 0.635970
51 5 2 0.000000
51 5 3 0.637069
51 5 4 0.000000
51 5 5 0.505420
51 6 1 0.655468
51 6 2 0.678226
51 6 3 0.000000
51 6 4 0.605091
51 6 5 0.524918
51 7 1 0.656423
51 7 2 0.679181
51 7 3 0.657522
51 7 4 0.000000
51 7 5 0.525873
51 8 1 0.629462
51 8 2 0.000000
51 8 3 0.630560
51 8 4 0.579084
51 8 5 0.000000
51 9 1 0.000000
51 9 2 0.655411
51 9 3 0.000000
51 9 4 0.582276
51 9 5 0.000000
51 10 1 0.633443
51 10 2 0.656200
51 10 3 0.634541
51 10 4 0.583066
51 10 5 0.502893
52 1 1 0.654910
52 1 2 0.000000
52 1 3 0.656009
52 1 4 0.000000
52 1 5 0.000000
52 2 1 0.000000
52 2 2 0.662585
52 2 3 0.000000
52 2 4 0.589450
52 2 5 0.000000
52 3 1 0.632560
52 3 2 0.655318
52 3 3 0.633658
52 3 4 0.000000
52 3 5 0.502010
52 4 1 0.632035
52 4 2 0.654793
52 4 3 0.000000
52 4 4 0.581658
52 4 5 0.000000
52 5 1 0.635970
52 5 2 0.000000
52 5 3 0.637069
52 5 4 0.000000
52 5 5 0.505420
52 6 1 0.655468
52 6 2 0.678226
52 6 3 0.000000
52 6 4 0.605091
52 6 5 0.524918
52 7 1 0.656423
52 7 2 0.679181
52 7 3 0.657522
52 7 4 0.000000
52 7 5 0.525873
52 8 1 0.629462
52 8 2 0.000000
52 8 3 0.630560
52 8 4 0.579084
52 8 5 0.000000
52 9 1 0.000000
52 9 2 0.655411
52 9 3 0.000000
52 9 4 0.582276
52 9 5 0.000000
52 10 1 0.633443
52 10 2 0.656200
52 10 3 0.634541
52 10 4 0.583066
52 10 5 0.502893
53 1 1 0.654910
53 1 2 0.000000
53 1 3 0.656009
53 1 4 0.000000
53 1 5 0.000000
53 2 1 0.000000
53 2 2 0.662585
53 2 3 0.000000
53 2 4 0.589450
53 2 5 0.000000
53 3 1 0.632560
53 3 2 0.655318
53 3 3 0.633658
53 3 4 0.000000
53 3 5 0.502010
53 4 1 0.632035
53 4 2 0.654793
53 4 3 0.000000
53 4 4 0.581658
53 4 5 0.000000
53 5 1 0.635970
53 5 2 0.000000
53 5 3 0.637069
53 5 4 0.000000
53 5 5 0.505420
53 6 1 0.655468
53 6 2 0.678226
53 6 3 0.000000
53 6 4 0.605091
53 6 5 0.524918
53 7 1 0.656423
53 7 2 0.679181
53 7 3 0.657522
53 7 4 0.000000
53 7 5 0.525873
53 8 1 0.629462
53 8 2 0.000000
53 8 3 0.630560
53 8 4 0.579084
53 8 5 0.000000
53 9 1 0.000000
53 9 2 0.655411
53 9 3 0.000000
53 9 4 0.582276
53 9 5 0.000000
53 10 1 0.633443
53 10 2 0.656200
53 10 3 0.634541
53 10 4 0.583066
53 10 5 0.502893
54 1 1 0.654910
54 1 2 0.000000
54 1 3 0.656009
54 1 4 0.000000
54 1 5 0.000000
54 2 1 0.000000
54 2 2 0.662585
54 2 3 0.000000
54 2 4 0.589450
54 2 5 0.000000
54 3 1 0.632560
54 3 2 0.655318
54 3 3 0.633658
54 3 4 0.000000
54 3 5 0.502010
54 4 1 0.632035
54 4 2 0.654793
54 4 3 0.000000
54 4 4 0.581658
54 4 5 0.000000
54 5 1 0.635970
54 5 2 0.000000
54 5 3 0.637069
54 5 4 0.000000
54 5 5 0.505420
54 6 1 0.655468
54 6 2 0.678226
54 6 3 0.000000
54 6 4 0.605091
54 6 5 0.524918
54 7 1 0.656423
54 7 2 0.679181
54 7 3 0.657522
54 7 4 0.000000
54 7 5 0.525873
54 8 1 0.629462
54 8 2 0.000000
54 8 3 0.630560
54 8 4 0.579084
54 8 5 0.000000
54 9 1 0.000000
54 9 2 0.655411
54 9 3 0.000000
54 9 4 0.582276
54 9 5 0.000000
54 10 1 0.633443
54 10 2 0.656200
54 10 3 0.634541
54 10 4 0.583066
54 10 5 0.502893
55 1 1 0.654910
55 1 2 0.000000
55 1 3 0.656009
55 1 4 0.000000
55 1 5 0.000000
55 2 1 0.000000
55 2 2 0.662585
55 2 3 0.000000
55 2 4 0.589450
55 2 5 0.000000
55 3 1 0.632560
55 3 2 0.655318
55 3 3 0.633658
55 3 4 0.000000
55 3 5 0.502010
55 4 1 0.632035
55 4 2 0.654793
55 4 3 0.000000
55 4 4 0.581658
55 4 5 0.000000
55 5 1 0.635970
55 5 2 0.000000
55 5 3 0.637069
55 5 4 0.000000
55 5 5 0.505420
55 6 1 0.655468
55 6 2 0.678226
55 6 3 0.000000
55 6 4 0.605091
55 6 5 0.524918
55 7 1 0.656423
55 7 2 0.679181
55 7 3 0.657522
55 7 4 0.000000
55 7 5 0.525873
55 8 1 0.629462
55 8 2 0.000000
55 8 3 0.630560
55 8 4 0.579084
55 8 5 0.000000
55 9 1 0.000000
55 9 2 0.655411
55 9 3 0.000000
55 9 4 0.582276
55 9 5 0.000000
55 10 1 0.633443
55 10 2 0.656200
55 10 3 0.634541
55 10 4 0.583066
55 10 5 0.502893
56 1 1 0.654910
56 1 2 0.000000
56 1 3 0.656009
56 1 4 0.000000
56 1 5 0.000000
56 2 1 0.000000
56 2 2 0.662585
56 2 3 0.000000
56 2 4 0.589450
56 2 5 0.000000
56 3 1 0.632560
56 3 2 0.655318
56 3 3 0.633658
56 3 4 0.000000
56 3 5 0.502010
56 4 1 0.632035
56 4 2 0.654793
56 4 3 0.000000
56 4 4 0.581658
56 4 5 0.000000
56 5 1 0.635970
56 5 2 0.000000
56 5 3 0.637069
56 5 4 0.000000
56 5 5 0.505420
56 6 1 0.655468
56 6 2 0.678226
56 6 3 0.000000
56 6 4 0.605091
56 6 5 0.524918
56 7 1 0.656423
56 7 2 0.679181
56 7 3 0.657522
56 7 4 0.000000
56 7 5 0.525873
56 8 1 0.629462
56 8 2 0.000000
56 8 3 0.630560
56 8 4 0.579084
56 8 5 0.000000
56 9 1 0.000000
56 9 2 0.655411
56 9 3 0.000000
56 9 4 0.582276
56 9 5 0.000000
56 10 1 0.633443
56 10 2 0.656200
56 10 3 0.634541
56 10 4 0.583066
56 10 5 0.502893
57 1 1 0.654910
57 1 2 0.000000
57 1 3 0.656009
57 1 4 0.000000
57 1 5 0.000000
57 2 1 0.000000
57 2 2 0.662585
57 2 3 0.000000
57 2 4 0.589450
57 2 5 0.000000
57 3 1 0.632560
57 3 2 0.655318
57 3 3 0.633658
57 3 4 0.000000
57 3 5 0.502010
57 4 1 0.632035
57 4 2 0.654793
57 4 3 0.000000
57 4 4 0.581658
57 4 5 0.000000
57 5 1 0.635970
57 5 2 0.000000
57 5 3 0.637069
57 5 4 0.000000
57 5 5 0.505420
57 6 1 0.655468
57 6 2 0.678226
57 6 3 0.000000
57 6 4 0.605091
57 6 5 0.524918
57 7 1 0.656423
57 7 2 0.679181
57 7 3 0.657522
57 7 4 0.000000
57 7 5 0.525873
57 8 1 0.629462
57 8 2 0.000000
57 8 3 0.630560
57 8 4 0.579084
57 8 5 0.000000
57 9 1 0.000000
57 9 2 0.655411
57 9 3 0.000000
57 9 4 0.582276
57 9 5 0.000000
57 10 1 0.633443
57 10 2 0.656200
57 10 3 0.634541
57 10 4 0.583066
57 10 5 0.502893
58 1 1 0.654910
58 1 2 0.000000
58 1 3 0.656009
58 1 4 0.000000
58 1 5 0.000000
58 2 1 0.000000
58 2 2 0.662585
58 2 3 0.000000
58 2 4 0.589450
58 2 5 0.000000
58 3 1 0.632560
58 3 2 0.655318
58 3 3 0.633658
58 3 4 0.000000
58 3 5 0.502010
58 4 1 0.632035
58 4 2 0.654793
58 4 3 0.000000
58 4 4 0.581658
58 4 5 0.000000
58 5 1 0.635970
58 5 2 0.000000
58 5 3 0.637069
58 5 4 0.000000
58 5 5 0.505420
58 6 1 0.655468
58 6 2 0.678226
58 6 3 0.000000
58 6 4 0.605091
58 6 5 0.524918
58 7 1 0.656423
58 7 2 0.679181
58 7 3 0.657522
58 7 4 0.000000
58 7 5 0.525873
58 8 1 0.629462
58 8 2 0.000000
58 8 3 0.630560
58 8 4 0.579084
58 8 5 0.000000
58 9 1 0.000000
58 9 2 0.655411
58 9 3 0.000000
58 9 4 0.582276
58 9 5 0.000000
58 10 1 0.633443
58 10 2 0.656200
58 10 3 0.634541
58 10 4 0.583066
58 10 5 0.502893
59 1 1 0.654910
59 1 2 0.000000
59 1 3 0.656009
59 1 4 0.000000
59 1 5 0.000000
59 2 1 0.000000
59 2 2 0.662585
59 2 3 0.000000
59 2 4 0.589450
59 2 5 0.000000
59 3 1 0.632560
59 3 2 0.655318
59 3 3 0.633658
59 3 4 0.000000
59 3 5 0.502010
59 4 1 0.632035
59 4 2 0.654793
59 4 3 0.000000
59 4 4 0.581658
59 4 5 0.000000
59 5 1 0.635970
59 5 2 0.000000
59 5 3 0.637069
59 5 4 0.000000
59 5 5 0.505420
59 6 1 0.655468
59 6 2 0.678226
59 6 3 0.000000
59 6 4 0.605091
59 6 5 0.524918
59 7 1 0.656423
59 7 2 0.679181
59 7 3 0.657522
59 7 4 0.000000
59 7 5 0.525873
59 8 1 0.629462
59 8 2 0.000000
59 8 3 0.630560
59 8 4 0.579084
59 8 5 0.000000
59 9 1 0.000000
59 9 2 0.655411
59 9 3 0.000000
59 9 4 0.582276
59 9 5 0.000000
59 10 1 0.633443
59 10 2 0.656200
59 10 3 0.634541
59 10 4 0.583066
59 10 5 0.502893
60 1 1 0.654910
60 1 2 0.000000
60 1 3 0.656009
60 1 4 0.000000
60 1 5 0.000000
60 2 1 0.000000
60 2 2 0.662585
60 2 3 0.000000
60 2 4 0.589450
60 2 5 0.000000
60 3 1 0.632560
60 3 2 0.655318
60 3 3 0.633658
60 3 4 0.000000
60 3 5 0.502010
60 4 1 0.632035
60 4 2 0.654793
60 4 3 0.000000
60 4 4 0.581658
60 4 5 0.000000
60 5 1 0.635970
60 5 2 0.000000
60 5 3 0.637069
60 5 4 0.000000
60 5 5 0.505420
60 6 1 0.655468
60 6 2 0.678226
60 6 3 0.000000
60 6 4 0.605091
60 6 5 0.524918
60 7 1 0.656423
60 7 2 0.679181
60 7 3 0.657522
60 7 4 0.000000
60 7 5 0.525873
60 8 1 0.629462
60 8 2 0.000000
60 8 3 0.630560
60 8 4 0.579084
60 8 5 0.000000
60 9 1 0.000000
60 9 2 0.655411
60 9 3 0.000000
60 9 4 0.582276
60 9 5 0.000000
60 10 1 0.633443
60 10 2 0.656200
60 10 3 0.634541
60 10 4 0.583066
60 10 5 0.502893
61 1 1 0.654910
61 1 2 0.000000
61 1 3 0.656009
61 1 4 0.000000
61 1 5 0.000000
61 2 1 0.000000
61 2 2 0.662585
61 2 3 0.000000
61 2 4 0.589450
61 2 5 0.000000
61 3 1 0.632560
61 3 2 0.655318
61 3 3 0.633658
61 3 4 0.000000
61 3 5 0.502010
61 4 1 0.632035
61 4 2 0.654793
61 4 3 0.000000
61 4 4 0.581658
61 4 5 0.000000
61 5 1 0.635970
61 5 2 0.000000
61 5 3 0.637069
61 5 4 0.000000
61 5 5 0.505420
61 6 1 0.655468
61 6 2 0.678226
61 6 3 0.000000
61 6 4 0.605091
61 6 5 0.524918
61 7 1 0.656423
61 7 2 0.679181
61 7 3 0.657522
61 7 4 0.000000
61 7 5 0.525873
61 8 1 0.629462
61 8 2 0.000000
61 8 3 0.630560
61 8 4 0.579084
61 8 5 0.000000
61 9 1 0.000000
61 9 2 0.655411
61 9 3 0.000000
61 9 4 0.582276
61 9 5 0.000000
61 10 1 0.633443
61 10 2 0.656200
61 10 3 0.634541
61 10 4 0.583066
61 10 5 0.502893
62 1 1 0.654910
62 1 2 0.000000
62 1 3 0.656009
62 1 4 0.000000
62 1 5 0.000000
62 2 1 0.000000
62 2 2 0.662585
62 2 3 0.000000
62 2 4 0.589450
62 2 5 0.000000
62 3 1 0.632560
62 3 2 0.655318
62 3 3 0.633658
62 3 4 0.000000
62 3 5 0.502010
62 4 1 0.632035
62 4 2 0.654793
62 4 3 0.000000
62 4 4 0.581658
62 4 5 0.000000
62 5 1 0.635970
62 5 2 0.000000
62 5 3 0.637069
62 5 4 0.000000
62 5 5 0.505420
62 6 1 0.655468
62 6 2 0.678226
62 6 3 0.000000
62 6 4 0.605091
62 6 5 0.524918
62 7 1 0.656423
62 7 2 0.679181
62 7 3 0.657522
62 7 4 0.000000
62 7 5 0.525873
62 8 1 0.629462
62 8 2 0.000000
62 8 3 0.630560
62 8 4 0.579084
62 8 5 0.000000
62 9 1 0.000000
62 9 2 0.655411
62 9 3 0.000000
62 9 4 0.582276
62 9 5 0.000000
62 10 1 0.633443
62 10 2 0.656200
62 10 3 0.634541
62 10 4 0.583066
62 10 5 0.502893
63 1 1 0.654910
63 1 2 0.000000
63 1 3 0.656009
63 1 4 0.000000
63 1 5 0.000000
63 2 1 0.000000
63 2 2 0.662585
63 2 3 0.000000
63 2 4 0.589450
63 2 5 0.000000
63 3 1 0.632560
63 3 2 0.655318
63 3 3 0.633658
63 3 4 0.000000
63 3 5 0.502010
63 4 1 0.632035
63 4 2 0.654793
63 4 3 0.000000
63 4 4 0.581658
63 4 5 0.000000
63 5 1 0.635970
63 5 2 0.000000
63 5 3 0.637069
63 5 4 0.000000
63 5 5 0.505420
63 6 1 0.655468
63 6 2 0.678226
63 6 3 0.000000
63 6 4 0.605091
63 6 5 0.524918
63 7 1 0.656423
63 7 2 0.679181
63 7 3 0.657522
63 7 4 0.000000
63 7 5 0.525873
63 8 1 0.629462
63 8 2 0.000000
63 8 3 0.630560
63 8 4 0.579084
63 8 5 0.000000
63 9 1 0.000000
63 9 2 0.655411
63 9 3 0.000000
63 9 4 0.582276
63 9 5 0.000000
63 10 1 0.633443
63 10 2 0.656200
63 10 3 0.634541
63 10 4 0.583066
63 10 5 0.502893
64 1 1 0.654910
64 1 2 0.000000
64 1 3 0.656009
64 1 4 0.000000
64 1 5 0.000000
64 2 1 0.000000
64 2 2 0.662585
64 2 3 0.000000
64 2 4 0.589450
64 2 5 0.000000
64 3 1 0.632560
64 3 2 0.655318
64 3 3 0.633658
64 3 4 0.000000
64 3 5 0.502010
64 4 1 0.632035
64 4 2 0.654793
64 4 3 0.000000
64 4 4 0.581658
64 4 5 0.000000
64 5 1 0.635970
64 5 2 0.000000
64 5 3 0.637069
64 5 4 0.000000
64 5 5 0.505420
64 6 1 0.655468
64 6 2 0.678226
64 6 3 0.000000
64 6 4 0.605091
64 6 5 0.524918
64 7 1 0.656423
64 7 2 0.679181
64 7 3 0.657522
64 7 4 0.000000
64 7 5 0.525873
64 8 1 0.629462
64 8 2 0.000000
64 8 3 0.630560
64 8 4 0.579084
64 8 5 0.000000
64 9 1 0.000000
64 9 2 0.655411
64 9 3 0.000000
64 9 4 0.582276
64 9 5 0.000000
64 10 1 0.633443
64 10 2 0.656200
64 10 3 0.634541
64 10 4 0.583066
64 10 5 0.502893
65 1 1 0.654910
65 1 2 0.000000
65 1 3 0.656009
65 1 4 0.000000
65 1 5 0.000000
65 2 1 0.000000
65 2 2 0.662585
65 2 3 0.000000
65 2 4 0.589450
65 2 5 0.000000
65 3 1 0.632560
65 3 2 0.655318
65 3 3 0.633658
65 3 4 0.000000
65 3 5 0.502010
65 4 1 0.632035
65 4 2 0.654793
65 4 3 0.000000
65 4 4 0.581658
65 4 5 0.000000
65 5 1 0.635970
65 5 2 0.000000
65 5 3 0.637069
65 5 4 0.000000
65 5 5 0.505420
65 6 1 0.655468
65 6 2 0.678226
65 6 3 0.000000
65 6 4 0.605091
65 6 5 0.524918
65 7 1 0.656423
65 7 2 0.679181
65 7 3 0.657522
65 7 4 0.000000
65 7 5 0.525873
65 8 1 0.629462
65 8 2 0.000000
65 8 3 0.630560
65 8 4 0.579084
65 8 5 0.000000
65 9 1 0.000000
65 9 2 0.655411
65 9 3 0.000000
65 9 4 0.582276
65 9 5 0.000000
65 10 1 0.633443
65 10 2 0.656200
65 10 3 0.634541
65 10 4 0.583066
65 10 5 0.502893
66 1 1 0.654910
66 1 2 0.000000
66 1 3 0.656009
66 1 4 0.000000
66 1 5 0.000000
66 2 1 0.000000
66 2 2 0.662585
66 2 3 0.000000
66 2 4 0.589450
66 2 5 0.000000
66 3 1 0.632560
66 3 2 0.655318
66 3 3 0.633658
66 3 4 0.000000
66 3 5 0.502010
66 4 1 0.632035
66 4 2 0.654793
66 4 3 0.000000
66 4 4 0.581658
66 4 5 0.000000
66 5 1 0.635970
66 5 2 0.000000
66 5 3 0.637069
66 5 4 0.000000
66 5 5 0.505420
66 6 1 0.655468
66 6 2 0.678226
66 6 3 0.000000
66 6 4 0.605091
66 6 5 0.524918
66 7 1 0.656423
66 7 2 0.679181
66 7 3 0.657522
66 7 4 0.000000
66 7 5 0.525873
66 8 1 0.629462
66 8 2 0.000000
66 8 3 0.630560
66 8 4 0.579084
66 8 5 0.000000
66 9 1 0.000000
66 9 2 0.655411
66 9 3 0.000000
66 9 4 0.582276
66 9 5 0.000000
66 10 1 0.633443
66 10 2 0.656200
66 10 3 0.634541
66 10 4 0.583066
66 10 5 0.502893
67 1 1 0.654910
67 1 2 0.000000
67 1 3 0.656009
67 1 4 0.000000
67 1 5 0.000000
67 2 1 0.000000
67 2 2 0.662585
67 2 3 0.000000
67 2 4 0.589450
67 2 5 0.000000
67 3 1 0.632560
67 3 2 0.655318
67 3 3 0.633658
67 3 4 0.000000
67 3 5 0.502010
67 4 1 0.632035
67 4 2 0.654793
67 4 3 0.000000
67 4 4 0.581658
67 4 5 0.000000
67 5 1 0.635970
67 5 2 0.000000
67 5 3 0.637069
67 5 4 0.000000
67 5 5 0.505420
67 6 1 0.655468
67 6 2 0.678226
67 6 3 0.000000
67 6 4 0.605091
67 6 5 0.524918
67 7 1 0.656423
67 7 2 0.679181
67 7 3 0.657522
67 7 4 0.000000
67 7 5 0.525873
67 8 1 0.629462
67 8 2 0.000000
67 8 3 0.630560
67 8 4 0.579084
67 8 5 0.000000
67 9 1 0.000000
67 9 2 0.655411
67 9 3 0.000000
67 9 4 0.582276
67 9 5 0.000000
67 10 1 0.633443
67 10 2 0.656200
67 10 3 0.634541
67 10 4 0.583066
67 10 5 0.502893
68 1 1 0.654910
68 1 2 0.000000
68 1 3 0.656009
68 1 4 0.000000
68 1 5 0.000000
68 2 1 0.000000
68 2 2 0.662585
68 2 3 0.000000
68 2 4 0.589450
68 2 5 0.000000
68 3 1 0.632560
68 3 2 0.655318
68 3 3 0.633658
68 3 4 0.000000
68 3 5 0.502010
68 4 1 0.632035
68 4 2 0.654793
68 4 3 0.000000
68 4 4 0.581658
68 4 5 0.000000
68 5 1 0.635970
68 5 2 0.000000
68 5 3 0.637069
68 5 4 0.000000
68 5 5 0.505420
68 6 1 0.655468
68 6 2 0.678226
68 6 3 0.000000
68 6 4 0.605091
68 6 5 0.524918
68 7 1 0.656423
68 7 2 0.679181
68 7 3 0.657522
68 7 4 0.000000
68 7 5 0.525873
68 8 1 0.629462
68 8 2 0.000000
68 8 3 0.630560
68 8 4 0.579084
68 8 5 0.000000
68 9 1 0.000000
68 9 2 0.655411
68 9 3 0.000000
68 9 4 0.582276
68 9 5 0.000000
68 10 1 0.633443
68 10 2 0.656200
68 10 3 0.634541
68 10 4 0.583066
68 10 5 0.502893
69 1 1 0.654910
69 1 2 0.000000
69 1 3 0.656009
69 1 4 0.000000
69 1 5 0.000000
69 2 1 0.000000
69 2 2 0.662585
69 2 3 0.000000
69 2 4 0.589450
69 2 5 0.000000
69 3 1 0.632560
69 3 2 0.655318
69 3 3 0.633658
69 3 4 0.000000
69 3 5 0.502010
69 4 1 0.632035
69 4 2 0.654793
69 4 3 0.000000
69 4 4 0.581658
69 4 5 0.000000
69 5 1 0.635970
69 5 2 0.000000
69 5 3 0.637069
69 5 4 0.000000
69 5 5 0.505420
69 6 1 0.655468
69 6 2 0.678226
69 6 3 0.000000
69 6 4 0.605091
69 6 5 0.524918
69 7 1 0.656423
69 7 2 0.679181
69 7 3 0.657522
69 7 4 0.000000
69 7 5 0.525873
69 8 1 0.629462
69 8 2 0.000000
69 8 3 0.630560
69 8 4 0.579084
69 8 5 0.000000
69 9 1 0.000000
69 9 2 0.655411
69 9 3 0.000000
69 9 4 0.582276
69 9 5 0.000000
69 10 1 0.633443
69 10 2 0.656200
69 10 3 0.634541
69 10 4 0.583066
69 10 5 0.502893
70 1 1 0.654910
70 1 2 0.000000
70 1 3 0.656009
70 1 4 0.000000
70 1 5 0.000000
70 2 1 0.000000
70 2 2 0.662585
70 2 3 0.000000
70 2 4 0.589450
70 2 5 0.000000
70 3 1 0.632560
70 3 2 0.655318
70 3 3 0.633658
70 3 4 0.000000
70 3 5 0.502010
70 4 1 0.632035
70 4 2 0.654793
70 4 3 0.000000
70 4 4 0.581658
70 4 5 0.000000
70 5 1 0.635970
70 5 2 0.000000
70 5 3 0.637069
70 5 4 0.000000
70 5 5 0.505420
70 6 1 0.655468
70 6 2 0.678226
70 6 3 0.000000
70 6 4 0.605091
70 6 5 0.524918
70 7 1 0.656423
70 7 2 0.679181
70 7 3 0.657522
70 7 4 0.000000
70 7 5 0.525873
70 8 1 0.629462
70 8 2 0.000000
70 8 3 0.630560
70 8 4 0.579084
70 8 5 0.000000
70 9 1 0.000000
70 9 2 0.655411
70 9 3 0.000000
70 9 4 0.582276
70 9 5 0.000000
70 10 1 0.633443
70 10 2 0.656200
70 10 3 0.634541
70 10 4 0.583066
70 10 5 0.502893
71 1 1 0.654910
71 1 2 0.000000
71 1 3 0.656009
71 1 4 0.000000
71 1 5 0.000000
71 2 1 0.000000
71 2 2 0.662585
71 2 3 0.000000
71 2 4 0.589450
71 2 5 0.000000
71 3 1 0.632560
71 3 2 0.655318
71 3 3 0.633658
71 3 4 0.000000
71 3 5 0.502010
71 4 1 0.632035
71 4 2 0.654793
71 4 3 0.000000
71 4 4 0.581658
71 4 5 0.000000
71 5 1 0.635970
71 5 2 0.000000
71 5 3 0.637069
71 5 4 0.000000
71 5 5 0.505420
71 6 1 0.655468
71 6 2 0.678226
71 6 3 0.000000
71 6 4 0.605091
71 6 5 0.524918
71 7 1 0.656423
71 7 2 0.679181
71 7 3 0.657522
71 7 4 0.000000
71 7 5 0.525873
71 8 1 0.629462
71 8 2 0.000000
71 8 3 0.630560
71 8 4 0.579084
71 8 5 0.000000
71 9 1 0.000000
71 9 2 0.655411
71 9 3 0.000000
71 9 4 0.582276
71 9 5 0.000000
71 10 1 0.633443
71 10 2 0.656200
71 10 3 0.634541
71 10 4 0.583066
71 10 5 0.502893
72 1 1 0.654910
72 1 2 0.000000
72 1 3 0.656009
72 1 4 0.000000
72 1 5 0.000000
72 2 1 0.000000
72 2 2 0.662585
72 2 3 0.000000
72 2 4 0.589450
72 2 5 0.000000
72 3 1 0.632560
72 3 2 0.655318
72 3 3 0.633658
72 3 4 0.000000
72 3 5 0.502010
72 4 1 0.632035
72 4 2 0.654793
72 4 3 0.000000
72 4 4 0.581658
72 4 5 0.000000
72 5 1 0.635970
72 5 2 0.000000
72 5 3 0.637069
72 5 4 0.000000
72 5 5 0.505420
72 6 1 0.655468
72 6 2 0.678226
72 6 3 0.000000
72 6 4 0.605091
72 6 5 0.524918
72 7 1 0.656423
72 7 2 0.679181
72 7 3 0.657522
72 7 4 0.000000
72 7 5 0.525873
72 8 1 0.629462
72 8 2 0.000000
72 8 3 0.630560
72 8 4 0.579084
72 8 5 0.000000
72 9 1 0.000000
72 9 2 0.655411
72 9 3 0.000000
72 9 4 0.582276
72 9 5 0.000000
72 10 1 0.633443
72 10 2 0.656200
72 10 3 0.634541
72 10 4 0.583066
72 10 5 0.502893
73 1 1 0.654910
73 1 2 0.000000
73 1 3 0.656009
73 1 4 0.000000
73 1 5 0.000000
73 2 1 0.000000
73 2 2 0.662585
73 2 3 0.000000
73 2 4 0.589450
73 2 5 0.000000
73 3 1 0.632560
73 3 2 0.655318
73 3 3 0.633658
73 3 4 0.000000
73 3 5 0.502010
73 4 1 0.632035
73 4 2 0.654793
73 4 3 0.000000
73 4 4 0.581658
73 4 5 0.000000
73 5 1 0.635970
73 5 2 0.000000
73 5 3 0.637069
73 5 4 0.000000
73 5 5 0.505420
73 6 1 0.655468
73 6 2 0.678226
73 6 3 0.000000
73 6 4 0.605091
73 6 5 0.524918
73 7 1 0.656423
73 7 2 0.679181
73 7 3 0.657522
73 7 4 0.000000
73 7 5 0.525873
73 8 1 0.629462
73 8 2 0.000000
73 8 3 0.630560
73 8 4 0.579084
73 8 5 0.000000
73 9 1 0.000000
73 9 2 0.655411
73 9 3 0.000000
73 9 4 0.582276
73 9 5 0.000000
73 10 1 0.633443
73 10 2 0.656200
73 10 3 0.634541
73 10 4 0.583066
73 10 5 0.502893
74 1 1 0.654910
74 1 2 0.000000
74 1 3 0.656009
74 1 4 0.000000
74 1 5 0.000000
74 2 1 0.000000
74 2 2 0.662585
74 2 3 0.000000
74 2 4 0.589450
74 2 5 0.000000
74 3 1 0.632560
74 3 2 0.655318
74 3 3 0.633658
74 3 4 0.000000
74 3 5 0.502010
74 4 1 0.632035
74 4 2 0.654793
74 4 3 0.000000
74 4 4 0.581658
74 4 5 0.000000
74 5 1 0.635970
74 5 2 0.000000
74 5 3 0.637069
74 5 4 0.000000
74 5 5 0.505420
74 6 1 0.655468
74 6 2 0.678226
74 6 3 0.000000
74 6 4 0.605091
74 6 5 0.524918
74 7 1 0.656423
74 7 2 0.679181
74 7 3 0.657522
74 7 4 0.000000
74 7 5 0.525873
74 8 1 0.629462
74 8 2 0.000000
74 8 3 0.630560
74 8 4 0.579084
74 8 5 0.000000
74 9 1 0.000000
74 9 2 0.655411
74 9 3 0.000000
74 9 4 0.582276
74 9 5 0.000000
74 10 1 0.633443
74 10 2 0.656200
74 10 3 0.634541
74 10 4 0.583066
74 10 5 0.502893
75 1 1 0.654910
75 1 2 0.000000
75 1 3 0.656009
75 1 4 0.000000
75 1 5 0.000000
75 2 1 0.000000
75 2 2 0.662585
75 2 3 0.000000
75 2 4 0.589450
75 2 5 0.000000
75 3 1 0.632560
75 3 2 0.655318
75 3 3 0.633658
75 3 4 0.000000
75 3 5 0.502010
75 4 1 0.632035
75 4 2 0.654793
75 4 3 0.000000
75 4 4 0.581658
75 4 5 0.000000
75 5 1 0.635970
75 5 2 0.000000
75 5 3 0.637069
75 5 4 0.000000
75 5 5 0.505420
75 6 1 0.655468
75 6 2 0.678226
75 6 3 0.000000
75 6 4 0.605091
75 6 5 0.524918
75 7 1 0.656423
75 7 2 0.679181
75 7 3 0.657522
75 7 4 0.000000
75 7 5 0.525873
75 8 1 0.629462
75 8 2 0.000000
75 8 3 0.630560
75 8 4 0.579084
75 8 5 0.000000
75 9 1 0.000000
75 9 2 0.655411
75 9 3 0.000000
75 9 4 0.582276
75 9 5 0.000000
75 10 1 0.633443
75 10 2 0.656200
75 10 3 0.634541
75 10 4 0.583066
75 10 5 0.502893
76 1 1 0.654910
76 1 2 0.000000
76 1 3 0.656009
76 1 4 0.000000
76 1 5 0.000000
76 2 1 0.000000
76 2 2 0.662585
76 2 3 0.000000
76 2 4 0.589450
76 2 5 0.000000
76 3 1 0.632560
76 3 2 0.655318
76 3 3 0.633658
76 3 4 0.000000
76 3 5 0.502010
76 4 1 0.632035
76 4 2 0.654793
76 4 3 0.000000
76 4 4 0.581658
76 4 5 0.000000
76 5 1 0.635970
76 5 2 0.000000
76 5 3 0.637069
76 5 4 0.000000
76 5 5 0.505420
76 6 1 0.655468
76 6 2 0.678226
76 6 3 0.000000
76 6 4 0.605091
76 6 5 0.524918
76 7 1 0.656423
76 7 2 0.679181
76 7 3 0.657522
76 7 4 0.000000
76 7 5 0.525873
76 8 1 0.629462
76 8 2 0.000000
76 8 3 0.630560
76 8 4 0.579084
76 8 5 0.000000
76 9 1 0.000000
76 9 2 0.655411
76 9 3 0.000000
76 9 4 0.582276
76 9 5 0.000000
76 10 1 0.633443
76 10 2 0.656200
76 10 3 0.634541
76 10 4 0.583066
76 10 5 0.502893
77 1 1 0.654910
77 1 2 0.000000
77 1 3 0.656009
77 1 4 0.000000
77 1 5 0.000000
77 2 1 0.000000
77 2 2 0.662585
77 2 3 0.000000
77 2 4 0.589450
77 2 5 0.000000
77 3 1 0.632560
77 3 2 0.655318
77 3 3 0.633658
77 3 4 0.000000
77 3 5 0.502010
77 4 1 0.632035
77 4 2 0.654793
77 4 3 0.000000
77 4 4 0.581658
77 4 5 0.000000
77 5 1 0.635970
77 5 2 0.000000
77 5 3 0.637069
77 5 4 0.000000
77 5 5 0.505420
77 6 1 0.655468
77 6 2 0.678226
77 6 3 0.000000
77 6 4 0.605091
77 6 5 0.524918
77 7 1 0.656423
77 7 2 0.679181
77 7 3 0.657522
77 7 4 0.000000
77 7 5 0.525873
77 8 1 0.629462
77 8 2 0.000000
77 8 3 0.630560
77 8 4 0.579084
77 8 5 0.000000
77 9 1 0.000000
77 9 2 0.655411
77 9 3 0.000000
77 9 4 0.582276
77 9 5 0.000000
77 10 1 0.633443
77 10 2 0.656200
77 10 3 0.634541
77 10 4 0.583066
77 10 5 0.502893
78 1 1 0.654910
78 1 2 0.000000
78 1 3 0.656009
78 1 4 0.000000
78 1 5 0.000000
78 2 1 0.000000
78 2 2 0.662585
78 2 3 0.000000
78 2 4 0.589450
78 2 5 0.000000
78 3 1 0.632560
78 3 2 0.655318
78 3 3 0.633658
78 3 4 0.000000
78 3 5 0.502010
78 4 1 0.632035
78 4 2 0.654793
78 4 3 0.000000
78 4 4 0.581658
78 4 5 0.000000
78 5 1 0.635970
78 5 2 0.000000
78 5 3 0.637069
78 5 4 0.000000
78 5 5 0.505420
78 6 1 0.655468
78 6 2 0.678226
78 6 3 0.000000
78 6 4 0.605091
78 6 5 0.524918
78 7 1 0.656423
78 7 2 0.679181
78 7 3 0.657522
78 7 4 0.000000
78 7 5 0.525873
78 8 1 0.629462
78 8 2 0.000000
78 8 3 0.630560
78 8 4 0.579084
78 8 5 0.000000
78 9 1 0.000000
78 9 2 0.655411
78 9 3 0.000000
78 9 4 0.582276
78 9 5 0.000000
78 10 1 0.633443
78 10 2 0.656200
78 10 3 0.634541
78 10 4 0.583066
78 10 5 0.502893
79 1 1 0.654910
79 1 2 0.000000
79 1 3 0.656009
79 1 4 0.000000
79 1 5 0.000000
79 2 1 0.000000
79 2 2 0.662585
79 2 3 0.000000
79 2 4 0.589450
79 2 5 0.000000
79 3 1 0.632560
79 3 2 0.655318
79 3 3 0.633658
79 3 4 0.000000
79 3 5 0.502010
79 4 1 0.632035
79 4 2 0.654793
79 4 3 0.000000
79 4 4 0.581658
79 4 5 0.000000
79 5 1 0.635970
79 5 2 0.000000
79 5 3 0.637069
79 5 4 0.000000
79 5 5 0.505420
79 6 1 0.655468
79 6 2 0.678226
79 6 3 0.000000
79 6 4 0.605091
79 6 5 0.524918
79 7 1 0.656423
79 7 2 0.679181
79 7 3 0.657522
79 7 4 0.000000
79 7 5 0.525873
79 8 1 0.629462
79 8 2 0.000000
79 8 3 0.630560
79 8 4 0.579084
79 8 5 0.000000
79 9 1 0.000000
79 9 2 0.655411
79 9 3 0.000000
79 9 4 0.582276
79 9 5 0.000000
79 10 1 0.633443
79 10 2 0.656200
79 10 3 0.634541
79 10 4 0.583066
79 10 5 0.502893
80 1 1 0.654910
80 1 2 0.000000
80 1 3 0.656009
80 1 4 0.000000
80 1 5 0.000000
80 2 1 0.000000
80 2 2 0.662585
80 2 3 0.000000
80 2 4 0.589450
80 2 5 0.000000
80 3 1 0.632560
80 3 2 0.655318
80 3 3 0.633658
80 3 4 0.000000
80 3 5 0.502010
80 4 1 0.632035
80 4 2 0.654793
80 4 3 0.000000
80 4 4 0.581658
80 4 5 0.000000
80 5 1 0.635970
80 5 2 0.000000
80 5 3 0.637069
80 5 4 0.000000
80 5 5 0.505420
80 6 1 0.655468
80 6 2 0.678226
80 6 3 0.000000
80 6 4 0.605091
80 6 5 0.524918
80 7 1 0.656423
80 7 2 0.679181
80 7 3 0.657522
80 7 4 0.000000
80 7 5 0.525873
80 8 1 0.629462
80 8 2 0.000000
80 8 3 0.630560
80 8 4 0.579084
80 8 5 0.000000
80 9 1 0.000000
80 9 2 0.655411
80 9 3 0.000000
80 9 4 0.582276
80 9 5 0.000000
80 10 1 0.633443
80 10 2 0.656200
80 10 3 0.634541
80 10 4 0.583066
80 10 5 0.502893
81 1 1 0.654910
81 1 2 0.000000
81 1 3 0.656009
81 1 4 0.000000
81 1 5 0.000000
81 2 1 0.000000
81 2 2 0.662585
81 2 3 0.000000
81 2 4 0.589450
81 2 5 0.000000
81 3 1 0.632560
81 3 2 0.655318
81 3 3 0.633658
81 3 4 0.000000
81 3 5 0.502010
81 4 1 0.632035
81 4 2 0.654793
81 4 3 0.000000
81 4 4 0.581658
81 4 5 0.000000
81 5 1 0.635970
81 5 2 0.000000
81 5 3 0.637069
81 5 4 0.000000
81 5 5 0.505420
81 6 1 0.655468
81 6 2 0.678226
81 6 3 0.000000
81 6 4 0.605091
81 6 5 0.524918
81 7 1 0.656423
81 7 2 0.679181
81 7 3 0.657522
81 7 4 0.000000
81 7 5 0.525873
81 8 1 0.629462
81 8 2 0.000000
81 8 3 0.630560
81 8 4 0.579084
81 8 5 0.000000
81 9 1 0.000000
81 9 2 0.655411
81 9 3 0.000000
81 9 4 0.582276
81 9 5 0.000000
81 10 1 0.633443
81 10 2 0.656200
81 10 3 0.634541
81 10 4 0.583066
81 10 5 0.502893
82 1 1 0.654910
82 1 2 0.000000
82 1 3 0.656009
82 1 4 0.000000
82 1 5 0.000000
82 2 1 0.000000
82 2 2 0.662585
82 2 3 0.000000
82 2 4 0.589450
82 2 5 0.000000
82 3 1 0.632560
82 3 2 0.655318
82 3 3 0.633658
82 3 4 0.000000
82 3 5 0.502010
82 4 1 0.632035
82 4 2 0.654793
82 4 3 0.000000
82 4 4 0.581658
82 4 5 0.000000
82 5 1 0.635970
82 5 2 0.000000
82 5 3 0.637069
82 5 4 0.000000
82 5 5 0.505420
82 6 1 0.655468
82 6 2 0.678226
82 6 3 0.000000
82 6 4 0.605091
82 6 5 0.524918
82 7 1 0.656423
82 7 2 0.679181
82 7 3 0.657522
82 7 4 0.000000
82 7 5 0.525873
82 8 1 0.629462
82 8 2 0.000000
82 8 3 0.630560
82 8 4 0.579084
82 8 5 0.000000
82 9 1 0.000000
82 9 2 0.655411
82 9 3 0.000000
82 9 4 0.582276
82 9 5 0.000000
82 10 1 0.633443
82 10 2 0.656200
82 10 3 0.634541
82 10 4 0.583066
82 10 5 0.502893
83 1 1 0.654910
83 1 2 0.000000
83 1 3 0.656009
83 1 4 0.000000
83 1 5 0.000000
83 2 1 0.000000
83 2 2 0.662585
83 2 3 0.000000
83 2 4 0.589450
83 2 5 0.000000
83 3 1 0.632560
83 3 2 0.655318
83 3 3 0.633658
83 3 4 0.000000
83 3 5 0.502010
83 4 1 0.632035
83 4 2 0.654793
83 4 3 0.000000
83 4 4 0.581658
83 4 5 0.000000
83 5 1 0.635970
83 5 2 0.000000
83 5 3 0.637069
83 5 4 0.000000
83 5 5 0.505420
83 6 1 0.655468
83 6 2 0.678226
83 6 3 0.000000
83 6 4 0.605091
83 6 5 0.524918
83 7 1 0.656423
83 7 2 0.679181
83 7 3 0.657522
83 7 4 0.000000
83 7 5 0.525873
83 8 1 0.629462
83 8 2 0.000000
83 8 3 0.630560
83 8 4 0.579084
83 8 5 0.000000
83 9 1 0.000000
83 9 2 0.655411
83 9 3 0.000000
83 9 4 0.582276
83 9 5 0.000000
83 10 1 0.633443
83 10 2 0.656200
83 10 3 0.634541
83 10 4 0.583066
83 10 5 0.502893
84 1 1 0.654910
84 1 2 0.000000
84 1 3 0.656009
84 1 4 0.000000
84 1 5 0.000000
84 2 1 0.000000
84 2 2 0.662585
84 2 3 0.000000
84 2 4 0.589450
84 2 5 0.000000
84 3 1 0.632560
84 3 2 0.655318
84 3 3 0.633658
84 3 4 0.000000
84 3 5 0.502010
84 4 1 0.632035
84 4 2 0.654793
84 4 3 0.000000
84 4 4 0.581658
84 4 5 0.000000
84 5 1 0.635970
84 5 2 0.000000
84 5 3 0.637069
84 5 4 0.000000
84 5 5 0.505420
84 6 1 0.655468
84 6 2 0.678226
84 6 3 0.000000
84 6 4 0.605091
84 6 5 0.524918
84 7 1 0.656423
84 7 2 0.679181
84 7 3 0.657522
84 7 4 0.000000
84 7 5 0.525873
84 8 1 0.629462
84 8 2 0.000000
84 8 3 0.630560
84 8 4 0.579084
84 8 5 0.000000
84 9 1 0.000000
84 9 2 0.655411
84 9 3 0.000000
84 9 4 0.582276
84 9 5 0.000000
84 10 1 0.633443
84 10 2 0.656200
84 10 3 0.634541
84 10 4 0.583066
84 10 5 0.502893
85 1 1 0.654910
85 1 2 0.000000
85 1 3 0.656009
85 1 4 0.000000
85 1 5 0.000000
85 2 1 0.000000
85 2 2 0.662585
85 2 3 0.000000
85 2 4 0.589450
85 2 5 0.000000
85 3 1 0.632560
85 3 2 0.655318
85 3 3 0.633658
85 3 4 0.000000
85 3 5 0.502010
85 4 1 0.632035
85 4 2 0.654793
85 4 3 0.000000
85 4 4 0.581658
85 4 5 0.000000
85 5 1 0.635970
85 5 2 0.000000
85 5 3 0.637069
85 5 4 0.000000
85 5 5 0.505420
85 6 1 0.655468
85 6 2 0.678226
85 6 3 0.000000
85 6 4 0.605091
85 6 5 0.524918
85 7 1 0.656423
85 7 2 0.679181
85 7 3 0.657522
85 7 4 0.000000
85 7 5 0.525873
85 8 1 0.629462
85 8 2 0.000000
85 8 3 0.630560
85 8 4 0.579084
85 8 5 0.000000
85 9 1 0.000000
85 9 2 0.655411
85 9 3 0.000000
85 9 4 0.582276
85 9 5 0.000000
85 10 1 0.633443
85 10 2 0.656200
85 10 3 0.634541
85 10 4 0.583066
85 10 5 0.502893
86 1 1 0.654910
86 1 2 0.000000
86 1 3 0.656009
86 1 4 0.000000
86 1 5 0.000000
86 2 1 0.000000
86 2 2 0.662585
86 2 3 0.000000
86 2 4 0.589450
86 2 5 0.000000
86 3 1 0.632560
86 3 2 0.655318
86 3 3 0.633658
86 3 4 0.000000
86 3 5 0.502010
86 4 1 0.632035
86 4 2 0.654793
86 4 3 0.000000
86 4 4 0.581658
86 4 5 0.000000
86 5 1 0.635970
86 5 2 0.000000
86 5 3 0.637069
86 5 4 0.000000
86 5 5 0.505420
86 6 1 0.655468
86 6 2 0.678226
86 6 3 0.000000
86 6 4 0.605091
86 6 5 0.524918
86 7 1 0.656423
86 7 2 0.679181
86 7 3 0.657522
86 7 4 0.000000
86 7 5 0.525873
86 8 1 0.629462
86 8 2 0.000000
86 8 3 0.630560
86 8 4 0.579084
86 8 5 0.000000
86 9 1 0.000000
86 9 2 0.655411
86 9 3 0.000000
86 9 4 0.582276
86 9 5 0.000000
86 10 1 0.633443
86 10 2 0.656200
86 10 3 0.634541
86 10 4 0.583066
86 10 5 0.502893
87 1 1 0.654910
87 1 2 0.000000
87 1 3 0.656009
87 1 4 0.000000
87 1 5 0.000000
87 2 1 0.000000
87 2 2 0.662585
87 2 3 0.000000
87 2 4 0.589450
87 2 5 0.000000
87 3 1 0.632560
87 3 2 0.655318
87 3 3 0.633658
87 3 4 0.000000
87 3 5 0.502010
87 4 1 0.632035
87 4 2 0.654793
87 4 3 0.000000
87 4 4 0.581658
87 4 5 0.000000
87 5 1 0.635970
87 5 2 0.000000
87 5 3 0.637069
87 5 4 0.000000
87 5 5 0.505420
87 6 1 0.655468
87 6 2 0.678226
87 6 3 0.000000
87 6 4 0.605091
87 6 5 0.524918
87 7 1 0.656423
87 7 2 0.679181
87 7 3 0.657522
87 7 4 0.000000
87 7 5 0.525873
87 8 1 0.629462
87 8 2 0.000000
87 8 3 0.630560
87 8 4 0.579084
87 8 5 0.000000
87 9 1 0.000000
87 9 2 0.655411
87 9 3 0.000000
87 9 4 0.582276
87 9 5 0.000000
87 10 1 0.633443
87 10 2 0.656200
87 10 3 0.634541
87 10 4 0.583066
87 10 5 0.502893
88 1 1 0.654910
88 1 2 0.000000
88 1 3 0.656009
88 1 4 0.000000
88 1 5 0.000000
88 2 1 0.000000
88 2 2 0.662585
88 2 3 0.000000
88 2 4 0.589450
88 2 5 0.000000
88 3 1 0.632560
88 3 2 0.655318
88 3 3 0.633658
88 3 4 0.000000
88 3 5 0.502010
88 4 1 0.632035
88 4 2 0.654793
88 4 3 0.000000
88 4 4 0.581658
88 4 5 0.000000
88 5 1 0.635970
88 5 2 0.000000
88 5 3 0.637069
88 5 4 0.000000
88 5 5 0.505420
88 6 1 0.655468
88 6 2 0.678226
88 6 3 0.000000
88 6 4 0.605091
88 6 5 0.524918
88 7 1 0.656423
88 7 2 0.679181
88 7 3 0.657522
88 7 4 0.000000
88 7 5 0.525873
88 8 1 0.629462
88 8 2 0.000000
88 8 3 0.630560
88 8 4 0.579084
88 8 5 0.000000
88 9 1 0.000000
88 9 2 0.655411
88 9 3 0.000000
88 9 4 0.582276
88 9 5 0.000000
88 10 1 0.633443
88 10 2 0.656200
88 10 3 0.634541
88 10 4 0.583066
88 10 5 0.502893
89 1 1 0.654910
89 1 2 0.000000
89 1 3 0.656009
89 1 4 0.000000
89 1 5 0.000000
89 2 1 0.000000
89 2 2 0.662585
89 2 3 0.000000
89 2 4 0.589450
89 2 5 0.000000
89 3 1 0.632560
89 3 2 0.655318
89 3 3 0.633658
89 3 4 0.000000
89 3 5 0.502010
89 4 1 0.632035
89 4 2 0.654793
89 4 3 0.000000
89 4 4 0.581658
89 4 5 0.000000
89 5 1 0.635970
89 5 2 0.000000
89 5 3 0.637069
89 5 4 0.000000
89 5 5 0.505420
89 6 1 0.655468
89 6 2 0.678226
89 6 3 0.000000
89 6 4 0.605091
89 6 5 0.524918
89 7 1 0.656423
89 7 2 0.679181
89 7 3 0.657522
89 7 4 0.000000
89 7 5 0.525873
89 8 1 0.629462
89 8 2 0.000000
89 8 3 0.630560
89 8 4 0.579084
89 8 5 0.000000
89 9 1 0.000000
89 9 2 0.655411
89 9 3 0.000000
89 9 4 0.582276
89 9 5 0.000000
89 10 1 0.633443
89 10 2 0.656200
89 10 3 0.634541
89 10 4 0.583066
89 10 5 0.502893
90 1 1 0.654910
90 1 2 0.000000
90 1 3 0.656009
90 1 4 0.000000
90 1 5 0.000000
90 2 1 0.000000
90 2 2 0.662585
90 2 3 0.000000
90 2 4 0.589450
90 2 5 0.000000
90 3 1 0.632560
90 3 2 0.655318
90 3 3 0.633658
90 3 4 0.000000
90 3 5 0.502010
90 4 1 0.632035
90 4 2 0.654793
90 4 3 0.000000
90 4 4 0.581658
90 4 5 0.000000
90 5 1 0.635970
90 5 2 0.000000
90 5 3 0.637069
90 5 4 0.000000
90 5 5 0.505420
90 6 1 0.655468
90 6 2 0.678226
90 6 3 0.000000
90 6 4 0.605091
90 6 5 0.524918
90 7 1 0.656423
90 7 2 0.679181
90 7 3 0.657522
90 7 4 0.000000
90 7 5 0.525873
90 8 1 0.629462
90 8 2 0.000000
90 8 3 0.630560
90 8 4 0.579084
90 8 5 0.000000
90 9 1 0.000000
90 9 2 0.655411
90 9 3 0.000000
90 9 4 0.582276
90 9 5 0.000000
90 10 1 0.633443
90 10 2 0.656200
90 10 3 0.634541
90 10 4 0.583066
90 10 5 0.502893
91 1 1 0.654910
91 1 2 0.000000
91 1 3 0.656009
91 1 4 0.000000
91 1 5 0.000000
91 2 1 0.000000
91 2 2 0.662585
91 2 3 0.000000
91 2 4 0.589450
91 2 5 0.000000
91 3 1 0.632560
91 3 2 0.655318
91 3 3 0.633658
91 3 4 0.000000
91 3 5 0.502010
91 4 1 0.632035
91 4 2 0.654793
91 4 3 0.000000
91 4 4 0.581658
91 4 5 0.000000
91 5 1 0.635970
91 5 2 0.000000
91 5 3 0.637069
91 5 4 0.000000
91 5 5 0.505420
91 6 1 0.655468
91 6 2 0.678226
91 6 3 0.000000
91 6 4 0.605091
91 6 5 0.524918
91 7 1 0.656423
91 7 2 0.679181
91 7 3 0.657522
91 7 4 0.000000
91 7 5 0.525873
91 8 1 0.629462
91 8 2 0.000000
91 8 3 0.630560
91 8 4 0.579084
91 8 5 0.000000
91 9 1 0.000000
91 9 2 0.655411
91 9 3 0.000000
91 9 4 0.582276
91 9 5 0.000000
91 10 1 0.633443
91 10 2 0.656200
91 10 3 0.634541
91 10 4 0.583066
91 10 5 0.502893
92 1 1 0.654910
92 1 2 0.000000
92 1 3 0.656009
92 1 4 0.000000
92 1 5 0.000000
92 2 1 0.000000
92 2 2 0.662585
92 2 3 0.000000
92 2 4 0.589450
92 2 5 0.000000
92 3 1 0.632560
92 3 2 0.655318
92 3 3 0.633658
92 3 4 0.000000
92 3 5 0.502010
92 4 1 0.632035
92 4 2 0.654793
92 4 3 0.000000
92 4 4 0.581658
92 4 5 0.000000
92 5 1 0.635970
92 5 2 0.000000
92 5 3 0.637069
92 5 4 0.000000
92 5 5 0.505420
92 6 1 0.655468
92 6 2 0.678226
92 6 3 0.000000
92 6 4 0.605091
92 6 5 0.524918
92 7 1 0.656423
92 7 2 0.679181
92 7 3 0.657522
92 7 4 0.000000
92 7 5 0.525873
92 8 1 0.629462
92 8 2 0.000000
92 8 3 0.630560
92 8 4 0.579084
92 8 5 0.000000
92 9 1 0.000000
92 9 2 0.655411
92 9 3 0.000000
92 9 4 0.582276
92 9 5 0.000000
92 10 1 0.633443
92 10 2 0.656200
92 10 3 0.634541
92 10 4 0.583066
92 10 5 0.502893
93 1 1 0.654910
93 1 2 0.000000
93 1 3 0.656009
93 1 4 0.000000
93 1 5 0.000000
93 2 1 0.000000
93 2 2 0.662585
93 2 3 0.000000
93 2 4 0.589450
93 2 5 0.000000
93 3 1 0.632560
93 3 2 0.655318
93 3 3 0.633658
93 3 4 0.000000
93 3 5 0.502010
93 4 1 0.632035
93 4 2 0.654793
93 4 3 0.000000
93 4 4 0.581658
93 4 5 0.000000
93 5 1 0.635970
93 5 2 0.000000
93 5 3 0.637069
93 5 4 0.000000
93 5 5 0.505420
93 6 1 0.655468
93 6 2 0.678226
93 6 3 0.000000
93 6 4 0.605091
93 6 5 0.524918
93 7 1 0.656423
93 7 2 0.679181
93 7 3 0.657522
93 7 4 0.000000
93 7 5 0.525873
93 8 1 0.629462
93 8 2 0.000000
93 8 3 0.630560
93 8 4 0.579084
93 8 5 0.000000
93 9 1 0.000000
93 9 2 0.655411
93 9 3 0.000000
93 9 4 0.582276
93 9 5 0.000000
93 10 1 0.633443
93 10 2 0.656200
93 10 3 0.634541
93 10 4 0.583066
93 10 5 0.502893
94 1 1 0.654910
94 1 2 0.000000
94 1 3 0.656009
94 1 4 0.000000
94 1 5 0.000000
94 2 1 0.000000
94 2 2 0.662585
94 2 3 0.000000
94 2 4 0.589450
94 2 5 0.000000
94 3 1 0.632560
94 3 2 0.655318
94 3 3 0.633658
94 3 4 0.000000
94 3 5 0.502010
94 4 1 0.632035
94 4 2 0.654793
94 4 3 0.000000
94 4 4 0.581658
94 4 5 0.000000
94 5 1 0.635970
94 5 2 0.000000
94 5 3 0.637069
94 5 4 0.000000
94 5 5 0.505420
94 6 1 0.655468
94 6 2 0.678226
94 6 3 0.000000
94 6 4 0.605091
94 6 5 0.524918
94 7 1 0.656423
94 7 2 0.679181
94 7 3 0.657522
94 7 4 0.000000
94 7 5 0.525873
94 8 1 0.629462
94 8 2 0.000000
94 8 3 0.630560
94 8 4 0.579084
94 8 5 0.000000
94 9 1 0.000000
94 9 2 0.655411
94 9 3 0.000000
94 9 4 0.582276
94 9 5 0.000000
94 10 1 0.633443
94 10 2 0.656200
94 10 3 0.634541
94 10 4 0.583066
94 10 5 0.502893
95 1 1 0.654910
95 1 2 0.000000
95 1 3 0.656009
95 1 4 0.000000
95 1 5 0.000000
95 2 1 0.000000
95 2 2 0.662585
95 2 3 0.000000
95 2 4 0.589450
95 2 5 0.000000
95 3 1 0.632560
95 3 2 0.655318
95 3 3 0.633658
95 3 4 0.000000
95 3 5 0.502010
95 4 1 0.632035
95 4 2 0.654793
95 4 3 0.000000
95 4 4 0.581658
95 4 5 0.000000
95 5 1 0.635970
95 5 2 0.000000
95 5 3 0.637069
95 5 4 0.000000
95 5 5 0.505420
95 6 1 0.655468
95 6 2 0.678226
95 6 3 0.000000
95 6 4 0.605091
95 6 5 0.524918
95 7 1 0.656423
95 7 2 0.679181
95 7 3 0.657522
95 7 4 0.000000
95 7 5 0.525873
95 8 1 0.629462
95 8 2 0.000000
95 8 3 0.630560
95 8 4 0.579084
95 8 5 0.000000
95 9 1 0.000000
95 9 2 0.655411
95 9 3 0.000000
95 9 4 0.582276
95 9 5 0.000000
95 10 1 0.633443
95 10 2 0.656200
95 10 3 0.634541
95 10 4 0.583066
95 10 5 0.502893
96 1 1 0.654910
96 1 2 0.000000
96 1 3 0.656009
96 1 4 0.000000
96 1 5 0.000000
96 2 1 0.000000
96 2 2 0.662585
96 2 3 0.000000
96 2 4 0.589450
96 2 5 0.000000
96 3 1 0.632560
96 3 2 0.655318
96 3 3 0.633658
96 3 4 0.000000
96 3 5 0.502010
96 4 1 0.632035
96 4 2 0.654793
96 4 3 0.000000
96 4 4 0.581658
96 4 5 0.000000
96 5 1 0.635970
96 5 2 0.000000
96 5 3 0.637069
96 5 4 0.000000
96 5 5 0.505420
96 6 1 0.655468
96 6 2 0.678226
96 6 3 0.000000
96 6 4 0.605091
96 6 5 0.524918
96 7 1 0.656423
96 7 2 0.679181
96 7 3 0.657522
96 7 4 0.000000
96 7 5 0.525873
96 8 1 0.629462
96 8 2 0.000000
96 8 3 0.630560
96 8 4 0.579084
96 8 5 0.000000
96 9 1 0.000000
96 9 2 0.655411
96 9 3 0.000000
96 9 4 0.582276
96 9 5 0.000000
96 10 1 0.633443
96 10 2 0.656200
96 10 3 0.634541
96 10 4 0.583066
96 10 5 0.502893
97 1 1 0.654910
97 1 2 0.000000
97 1 3 0.656009
97 1 4 0.000000
97 1 5 0.000000
97 2 1 0.000000
97 2 2 0.662585
97 2 3 0.000000
97 2 4 0.589450
97 2 5 0.000000
97 3 1 0.632560
97 3 2 0.655318
97 3 3 0.633658
97 3 4 0.000000
97 3 5 0.502010
97 4 1 0.632035
97 4 2 0.654793
97 4 3 0.000000
97 4 4 0.581658
97 4 5 0.000000
97 5 1 0.635970
97 5 2 0.000000
97 5 3 0.637069
97 5 4 0.000000
97 5 5 0.505420
97 6 1 0.655468
97 6 2 0.678226
97 6 3 0.000000
97 6 4 0.605091
97 6 5 0.524918
97 7 1 0.656423
97 7 2 0.679181
97 7 3 0.657522
97 7 4 0.000000
97 7 5 0.525873
97 8 1 0.629462
97 8 2 0.000000
97 8 3 0.630560
97 8 4 0.579084
97 8 5 0.000000
97 9 1 0.000000
97 9 2 0.655411
97 9 3 0.000000
97 9 4 0.582276
97 9 5 0.000000
97 10 1 0.633443
97 10 2 0.656200
97 10 3 0.634541
97 10 4 0.583066
97 10 5 0.502893
98 1 1 0.654910
98 1 2 0.000000
98 1 3 0.656009
98 1 4 0.000000
98 1 5 0.000000
98 2 1 0.000000
98 2 2 0.662585
98 2 3 0.000000
98 2 4 0.589450
98 2 5 0.000000
98 3 1 0.632560
98 3 2 0.655318
98 3 3 0.633658
98 3 4 0.000000
98 3 5 0.502010
98 4 1 0.632035
98 4 2 0.654793
98 4 3 0.000000
98 4 4 0.581658
98 4 5 0.000000
98 5 1 0.635970
98 5 2 0.000000
98 5 3 0.637069
98 5 4 0.000000
98 5 5 0.505420
98 6 1 0.655468
98 6 2 0.678226
98 6 3 0.000000
98 6 4 0.605091
98 6 5 0.524918
98 7 1 0.656423
98 7 2 0.679181
98 7 3 0.657522
98 7 4 0.000000
98 7 5 0.525873
98 8 1 0.629462
98 8 2 0.000000
98 8 3 0.630560
98 8 4 0.579084
98 8 5 0.000000
98 9 1 0.000000
98 9 2 0.655411
98 9 3 0.000000
98 9 4 0.582276
98 9 5 0.000000
98 10 1 0.633443
98 10 2 0.656200
98 10 3 0.634541
98 10 4 0.583066
98 10 5 0.502893
99 1 1 0.654910
99 1 2 0.000000
99 1 3 0.656009
99 1 4 0.000000
99 1 5 0.000000
99 2 1 0.000000
99 2 2 0.662585
99 2 3 0.000000
99 2 4 0.589450
99 2 5 0.000000
99 3 1 0.632560
99 3 2 0.655318
99 3 3 0.633658
99 3 4 0.000000
99 3 5 0.502010
99 4 1 0.632035
99 4 2 0.654793
99 4 3 0.000000
99 4 4 0.581658
99 4 5 0.000000
99 5 1 0.635970
99 5 2 0.000000
99 5 3 0.637069
99 5 4 0.000000
99 5 5 0.505420
99 6 1 0.655468
99 6 2 0.678226
99 6 3 0.000000
99 6 4 0.605091
99 6 5 0.524918
99 7 1 0.656423
99 7 2 0.679181
99 7 3 0.657522
99 7 4 0.000000
99 7 5 0.525873
99 8 1 0.629462
99 8 2 0.000000
99 8 3 0.630560
99 8 4 0.579084
99 8 5 0.000000
99 9 1 0.000000
99 9 2 0.655411
99 9 3 0.000000
99 9 4 0.582276
99 9 5 0.000000
99 10 1 0.633443
99 10 2 0.656200
99 10 3 0.634541
99 10 4 0.583066
99 10 5 0.502893
100 1 1 0.654910
100 1 2 0.000000
100 1 3 0.656009
100 1 4 0.000000
100 1 5 0.000000
100 2 1 0.000000
100 2 2 0.662585
100 2 3 0.000000
100 2 4 0.589450
100 2 5 0.000000
100 3 1 0.632560
100 3 2 0.655318
100 3 3 0.633658
100 3 4 0.000000
100 3 5 0.502010
100 4 1 0.632035
100 4 2 0.654793
100 4 3 0.000000
100 4 4 0.581658
100 4 5 0.000000
100 5 1 0.635970
100 5 2 0.000000
100 5 3 0.637069
100 5 4 0.000000
100 5 5 0.505420
100 6 1 0.655468
100 6 2 0.678226
100 6 3 0.000000
100 6 4 0.605091
100 6 5 0.524918
100 7 1 0.656423
100 7 2 0.679181
100 7 3 0.657522
100 7 4 0.000000
100 7 5 0.525873
100 8 1 0.629462
100 8 2 0.000000
100 8 3 0.630560
100 8 4 0.579084
100 8 5 0.000000
100 9 1 0.000000
100 9 2 0.655411
100 9 3 0.000000
100 9 4 0.582276
100 9 5 0.000000
100 10 1 0.633443
100 10 2 0.656200
100 10 3 0.634541
100 10 4 0.583066
100 10 5 0.502893
