1 1 1 0.675458
1 1 2 0.701497
1 1 3 0.000000
1 1 4 0.000000
1 1 5 0.587205
1 2 1 0.000000
1 2 2 0.652298
1 2 3 0.634292
1 2 4 0.599116
1 2 5 0.538006
1 3 1 0.636532
1 3 2 0.000000
1 3 3 0.644566
1 3 4 0.609390
1 3 5 0.548280
1 4 1 0.661942
1 4 2 0.687982
1 4 3 0.000000
1 4 4 0.634800
1 4 5 0.573690
1 5 1 0.620441
1 5 2 0.646481
1 5 3 0.628475
1 5 4 0.593299
1 5 5 0.532188
2 1 1 0.675458
2 1 2 0.701497
2 1 3 0.000000
2 1 4 0.000000
2 1 5 0.587205
2 2 1 0.000000
2 2 2 0.652298
2 2 3 0.634292
2 2 4 0.599116
2 2 5 0.538006
2 3 1 0.636532
2 3 2 0.000000
2 3 3 0.644566
2 3 4 0.609390
2 3 5 0.548280
2 4 1 0.661942
2 4 2 0.687982
2 4 3 0.000000
2 4 4 0.634800
2 4 5 0.573690
2 5 1 0.620441
2 5 2 0.646481
2 5 3 0.628475
2 5 4 0.593299
2 5 5 0.532188
3 1 1 0.675458
3 1 2 0.701497
3 1 3 0.000000
3 1 4 0.000000
3 1 5 0.587205
3 2 1 0.000000
3 2 2 0.652298
3 2 3 0.634292
3 2 4 0.599116
3 2 5 0.538006
3 3 1 0.636532
3 3 2 0.000000
3 3 3 0.644566
3 3 4 0.609390
3 3 5 0.548280
3 4 1 0.661942
3 4 2 0.687982
3 4 3 0.000000
3 4 4 0.634800
3 4 5 0.573690
3 5 1 0.620441
3 5 2 0.646481
3 5 3 0.628475
3 5 4 0.593299
3 5 5 0.532188
4 1 1 0.675458
4 1 2 0.701497
4 1 3 0.000000
4 1 4 0.000000
4 1 5 0.587205
4 2 1 0.000000
4 2 2 0.652298
4 2 3 0.634292
4 2 4 0.599116
4 2 5 0.538006
4 3 1 0.636532
4 3 2 0.000000
4 3 3 0.644566
4 3 4 0.609390
4 3 5 0.548280
4 4 1 0.661942
4 4 2 0.687982
4 4 3 0.000000
4 4 4 0.634800
4 4 5 0.573690
4 5 1 0.620441
4 5 2 0.646481
4 5 3 0.628475
4 5 4 0.593299
4 5 5 0.532188
5 1 1 0.675458
5 1 2 0.701497
5 1 3 0.000000
5 1 4 0.000000
5 1 5 0.587205
5 2 1 0.000000
5 2 2 0.652298
5 2 3 0.634292
5 2 4 0.599116
5 2 5 0.538006
5 3 1 0.636532
5 3 2 0.000000
5 3 3 0.644566
5 3 4 0.609390
5 3 5 0.548280
5 4 1 0.661942
5 4 2 0.687982
5 4 3 0.000000
5 4 4 0.634800
5 4 5 0.573690
5 5 1 0.620441
5 5 2 0.646481
5 5 3 0.628475
5 5 4 0.593299
5 5 5 0.532188
6 1 1 0.675458
6 1 2 0.701497
6 1 3 0.000000
6 1 4 0.000000
6 1 5 0.587205
6 2 1 0.000000
6 2 2 0.652298
6 2 3 0.634292
6 2 4 0.599116
6 2 5 0.538006
6 3 1 0.636532
6 3 2 0.000000
6 3 3 0.644566
6 3 4 0.609390
6 3 5 0.548280
6 4 1 0.661942
6 4 2 0.687982
6 4 3 0.000000
6 4 4 0.634800
6 4 5 0.573690
6 5 1 0.620441
6 5 2 0.646481
6 5 3 0.628475
6 5 4 0.593299
6 5 5 0.532188
7 1 1 0.675458
7 1 2 0.701497
7 1 3 0.000000
7 1 4 0.000000
7 1 5 0.587205
7 2 1 0.000000
7 2 2 0.652298
7 2 3 0.634292
7 2 4 0.599116
7 2 5 0.538006
7 3 1 0.636532
7 3 2 0.000000
7 3 3 0.644566
7 3 4 0.609390
7 3 5 0.548280
7 4 1 0.661942
7 4 2 0.687982
7 4 3 0.000000
7 4 4 0.634800
7 4 5 0.573690
7 5 1 0.620441
7 5 2 0.646481
7 5 3 0.628475
7 5 4 0.593299
7 5 5 0.532188
8 1 1 0.675458
8 1 2 0.701497
8 1 3 0.000000
8 1 4 0.000000
8 1 5 0.587205
8 2 1 0.000000
8 2 2 0.652298
8 2 3 0.634292
8 2 4 0.599116
8 2 5 0.538006
8 3 1 0.636532
8 3 2 0.000000
8 3 3 0.644566
8 3 4 0.609390
8 3 5 0.548280
8 4 1 0.661942
8 4 2 0.687982
8 4 3 0.000000
8 4 4 0.634800
8 4 5 0.573690
8 5 1 0.620441
8 5 2 0.646481
8 5 3 0.628475
8 5 4 0.593299
8 5 5 0.532188
9 1 1 0.675458
9 1 2 0.701497
9 1 3 0.000000
9 1 4 0.000000
9 1 5 0.587205
9 2 1 0.000000
9 2 2 0.652298
9 2 3 0.634292
9 2 4 0.599116
9 2 5 0.538006
9 3 1 0.636532
9 3 2 0.000000
9 3 3 0.644566
9 3 4 0.609390
9 3 5 0.548280
9 4 1 0.661942
9 4 2 0.687982
9 4 3 0.000000
9 4 4 0.634800
9 4 5 0.573690
9 5 1 0.620441
9 5 2 0.646481
9 5 3 0.628475
9 5 4 0.593299
9 5 5 0.532188
10 1 1 0.675458
10 1 2 0.701497
10 1 3 0.000000
10 1 4 0.000000
10 1 5 0.587205
10 2 1 0.000000
10 2 2 0.652298
10 2 3 0.634292
10 2 4 0.599116
10 2 5 0.538006
10 3 1 0.636532
10 3 2 0.000000
10 3 3 0.644566
10 3 4 0.609390
10 3 5 0.548280
10 4 1 0.661942
10 4 2 0.687982
10 4 3 0.000000
10 4 4 0.634800
10 4 5 0.573690
10 5 1 0.620441
10 5 2 0.646481
10 5 3 0.628475
10 5 4 0.593299
10 5 5 0.532188
11 1 1 0.675458
11 1 2 0.701497
11 1 3 0.000000
11 1 4 0.000000
11 1 5 0.587205
11 2 1 0.000000
11 2 2 0.652298
11 2 3 0.634292
11 2 4 0.599116
11 2 5 0.538006
11 3 1 0.636532
11 3 2 0.000000
11 3 3 0.644566
11 3 4 0.609390
11 3 5 0.548280
11 4 1 0.661942
11 4 2 0.687982
11 4 3 0.000000
11 4 4 0.634800
11 4 5 0.573690
11 5 1 0.620441
11 5 2 0.646481
11 5 3 0.628475
11 5 4 0.593299
11 5 5 0.532188
12 1 1 0.675458
12 1 2 0.701497
12 1 3 0.000000
12 1 4 0.000000
12 1 5 0.587205
12 2 1 0.000000
12 2 2 0.652298
12 2 3 0.634292
12 2 4 0.599116
12 2 5 0.538006
12 3 1 0.636532
12 3 2 0.000000
12 3 3 0.644566
12 3 4 0.609390
12 3 5 0.548280
12 4 1 0.661942
12 4 2 0.687982
12 4 3 0.000000
12 4 4 0.634800
12 4 5 0.573690
12 5 1 0.620441
12 5 2 0.646481
12 5 3 0.628475
12 5 4 0.593299
12 5 5 0.532188
13 1 1 0.675458
13 1 2 0.701497
13 1 3 0.000000
13 1 4 0.000000
13 1 5 0.587205
13 2 1 0.000000
13 2 2 0.652298
13 2 3 0.634292
13 2 4 0.599116
13 2 5 0.538006
13 3 1 0.636532
13 3 2 0.000000
13 3 3 0.644566
13 3 4 0.609390
13 3 5 0.548280
13 4 1 0.661942
13 4 2 0.687982
13 4 3 0.000000
13 4 4 0.634800
13 4 5 0.573690
13 5 1 0.620441
13 5 2 0.646481
13 5 3 0.628475
13 5 4 0.593299
13 5 5 0.532188
14 1 1 0.675458
14 1 2 0.701497
14 1 3 0.000000
14 1 4 0.000000
14 1 5 0.587205
14 2 1 0.000000
14 2 2 0.652298
14 2 3 0.634292
14 2 4 0.599116
14 2 5 0.538006
14 3 1 0.636532
14 3 2 0.000000
14 3 3 0.644566
14 3 4 0.609390
14 3 5 0.548280
14 4 1 0.661942
14 4 2 0.687982
14 4 3 0.000000
14 4 4 0.634800
14 4 5 0.573690
14 5 1 0.620441
14 5 2 0.646481
14 5 3 0.628475
14 5 4 0.593299
14 5 5 0.532188
15 1 1 0.675458
15 1 2 0.701497
15 1 3 0.000000
15 1 4 0.000000
15 1 5 0.587205
15 2 1 0.000000
15 2 2 0.652298
15 2 3 0.634292
15 2 4 0.599116
15 2 5 0.538006
15 3 1 0.636532
15 3 2 0.000000
15 3 3 0.644566
15 3 4 0.609390
15 3 5 0.548280
15 4 1 0.661942
15 4 2 0.687982
15 4 3 0.000000
15 4 4 0.634800
15 4 5 0.573690
15 5 1 0.620441
15 5 2 0.646481
15 5 3 0.628475
15 5 4 0.593299
15 5 5 0.532188
16 1 1 0.675458
16 1 2 0.701497
16 1 3 0.000000
16 1 4 0.000000
16 1 5 0.587205
16 2 1 0.000000
16 2 2 0.652298
16 2 3 0.634292
16 2 4 0.599116
16 2 5 0.538006
16 3 1 0.636532
16 3 2 0.000000
16 3 3 0.644566
16 3 4 0.609390
16 3 5 0.548280
16 4 1 0.661942
16 4 2 0.687982
16 4 3 0.000000
16 4 4 0.634800
16 4 5 0.573690
16 5 1 0.620441
16 5 2 0.646481
16 5 3 0.628475
16 5 4 0.593299
16 5 5 0.532188
17 1 1 0.675458
17 1 2 0.701497
17 1 3 0.000000
17 1 4 0.000000
17 1 5 0.587205
17 2 1 0.000000
17 2 2 0.652298
17 2 3 0.634292
17 2 4 0.599116
17 2 5 0.538006
17 3 1 0.636532
17 3 2 0.000000
17 3 3 0.644566
17 3 4 0.609390
17 3 5 0.548280
17 4 1 0.661942
17 4 2 0.687982
17 4 3 0.000000
17 4 4 0.634800
17 4 5 0.573690
17 5 1 0.620441
17 5 2 0.646481
17 5 3 0.628475
17 5 4 0.593299
17 5 5 0.532188
18 1 1 0.675458
18 1 2 0.701497
18 1 3 0.000000
18 1 4 0.000000
18 1 5 0.587205
18 2 1 0.000000
18 2 2 0.652298
18 2 3 0.634292
18 2 4 0.599116
18 2 5 0.538006
18 3 1 0.636532
18 3 2 0.000000
18 3 3 0.644566
18 3 4 0.609390
18 3 5 0.548280
18 4 1 0.661942
18 4 2 0.687982
18 4 3 0.000000
18 4 4 0.634800
18 4 5 0.573690
18 5 1 0.620441
18 5 2 0.646481
18 5 3 0.628475
18 5 4 0.593299
18 5 5 0.532188
19 1 1 0.675458
19 1 2 0.701497
19 1 3 0.000000
19 1 4 0.000000
19 1 5 0.587205
19 2 1 0.000000
19 2 2 0.652298
19 2 3 0.634292
19 2 4 0.599116
19 2 5 0.538006
19 3 1 0.636532
19 3 2 0.000000
19 3 3 0.644566
19 3 4 0.609390
19 3 5 0.548280
19 4 1 0.661942
19 4 2 0.687982
19 4 3 0.000000
19 4 4 0.634800
19 4 5 0.573690
19 5 1 0.620441
19 5 2 0.646481
19 5 3 0.628475
19 5 4 0.593299
19 5 5 0.532188
20 1 1 0.675458
20 1 2 0.701497
20 1 3 0.000000
20 1 4 0.000000
20 1 5 0.587205
20 2 1 0.000000
20 2 2 0.652298
20 2 3 0.634292
20 2 4 0.599116
20 2 5 0.538006
20 3 1 0.636532
20 3 2 0.000000
20 3 3 0.644566
20 3 4 0.609390
20 3 5 0.548280
20 4 1 0.661942
20 4 2 0.687982
20 4 3 0.000000
20 4 4 0.634800
20 4 5 0.573690
20 5 1 0.620441
20 5 2 0.646481
20 5 3 0.628475
20 5 4 0.593299
20 5 5 0.532188
21 1 1 0.675458
21 1 2 0.701497
21 1 3 0.000000
21 1 4 0.000000
21 1 5 0.587205
21 2 1 0.000000
21 2 2 0.652298
21 2 3 0.634292
21 2 4 0.599116
21 2 5 0.538006
21 3 1 0.636532
21 3 2 0.000000
21 3 3 0.644566
21 3 4 0.609390
21 3 5 0.548280
21 4 1 0.661942
21 4 2 0.687982
21 4 3 0.000000
21 4 4 0.634800
21 4 5 0.573690
21 5 1 0.620441
21 5 2 0.646481
21 5 3 0.628475
21 5 4 0.593299
21 5 5 0.532188
22 1 1 0.675458
22 1 2 0.701497
22 1 3 0.000000
22 1 4 0.000000
22 1 5 0.587205
22 2 1 0.000000
22 2 2 0.652298
22 2 3 0.634292
22 2 4 0.599116
22 2 5 0.538006
22 3 1 0.636532
22 3 2 0.000000
22 3 3 0.644566
22 3 4 0.609390
22 3 5 0.548280
22 4 1 0.661942
22 4 2 0.687982
22 4 3 0.000000
22 4 4 0.634800
22 4 5 0.573690
22 5 1 0.620441
22 5 2 0.646481
22 5 3 0.628475
22 5 4 0.593299
22 5 5 0.532188
23 1 1 0.675458
23 1 2 0.701497
23 1 3 0.000000
23 1 4 0.000000
23 1 5 0.587205
23 2 1 0.000000
23 2 2 0.652298
23 2 3 0.634292
23 2 4 0.599116
23 2 5 0.538006
23 3 1 0.636532
23 3 2 0.000000
23 3 3 0.644566
23 3 4 0.609390
23 3 5 0.548280
23 4 1 0.661942
23 4 2 0.687982
23 4 3 0.000000
23 4 4 0.634800
23 4 5 0.573690
23 5 1 0.620441
23 5 2 0.646481
23 5 3 0.628475
23 5 4 0.593299
23 5 5 0.532188
24 1 1 0.675458
24 1 2 0.701497
24 1 3 0.000000
24 1 4 0.000000
24 1 5 0.587205
24 2 1 0.000000
24 2 2 0.652298
24 2 3 0.634292
24 2 4 0.599116
24 2 5 0.538006
24 3 1 0.636532
24 3 2 0.000000
24 3 3 0.644566
24 3 4 0.609390
24 3 5 0.548280
24 4 1 0.661942
24 4 2 0.687982
24 4 3 0.000000
24 4 4 0.634800
24 4 5 0.573690
24 5 1 0.620441
24 5 2 0.646481
24 5 3 0.628475
24 5 4 0.593299
24 5 5 0.532188
25 1 1 0.675458
25 1 2 0.701497
25 1 3 0.000000
25 1 4 0.000000
25 1 5 0.587205
25 2 1 0.000000
25 2 2 0.652298
25 2 3 0.634292
25 2 4 0.599116
25 2 5 0.538006
25 3 1 0.636532
25 3 2 0.000000
25 3 3 0.644566
25 3 4 0.609390
25 3 5 0.548280
25 4 1 0.661942
25 4 2 0.687982
25 4 3 0.000000
25 4 4 0.634800
25 4 5 0.573690
25 5 1 0.620441
25 5 2 0.646481
25 5 3 0.628475
25 5 4 0.593299
25 5 5 0.532188
26 1 1 0.675458
26 1 2 0.701497
26 1 3 0.000000
26 1 4 0.000000
26 1 5 0.587205
26 2 1 0.000000
26 2 2 0.652298
26 2 3 0.634292
26 2 4 0.599116
26 2 5 0.538006
26 3 1 0.636532
26 3 2 0.000000
26 3 3 0.644566
26 3 4 0.609390
26 3 5 0.548280
26 4 1 0.661942
26 4 2 0.687982
26 4 3 0.000000
26 4 4 0.634800
26 4 5 0.573690
26 5 1 0.620441
26 5 2 0.646481
26 5 3 0.628475
26 5 4 0.593299
26 5 5 0.532188
27 1 1 0.675458
27 1 2 0.701497
27 1 3 0.000000
27 1 4 0.000000
27 1 5 0.587205
27 2 1 0.000000
27 2 2 0.652298
27 2 3 0.634292
27 2 4 0.599116
27 2 5 0.538006
27 3 1 0.636532
27 3 2 0.000000
27 3 3 0.644566
27 3 4 0.609390
27 3 5 0.548280
27 4 1 0.661942
27 4 2 0.687982
27 4 3 0.000000
27 4 4 0.634800
27 4 5 0.573690
27 5 1 0.620441
27 5 2 0.646481
27 5 3 0.628475
27 5 4 0.593299
27 5 5 0.532188
28 1 1 0.675458
28 1 2 0.701497
28 1 3 0.000000
28 1 4 0.000000
28 1 5 0.587205
28 2 1 0.000000
28 2 2 0.652298
28 2 3 0.634292
28 2 4 0.599116
28 2 5 0.538006
28 3 1 0.636532
28 3 2 0.000000
28 3 3 0.644566
28 3 4 0.609390
28 3 5 0.548280
28 4 1 0.661942
28 4 2 0.687982
28 4 3 0.000000
28 4 4 0.634800
28 4 5 0.573690
28 5 1 0.620441
28 5 2 0.646481
28 5 3 0.628475
28 5 4 0.593299
28 5 5 0.532188
29 1 1 0.675458
29 1 2 0.701497
29 1 3 0.000000
29 1 4 0.000000
29 1 5 0.587205
29 2 1 0.000000
29 2 2 0.652298
29 2 3 0.634292
29 2 4 0.599116
29 2 5 0.538006
29 3 1 0.636532
29 3 2 0.000000
29 3 3 0.644566
29 3 4 0.609390
29 3 5 0.548280
29 4 1 0.661942
29 4 2 0.687982
29 4 3 0.000000
29 4 4 0.634800
29 4 5 0.573690
29 5 1 0.620441
29 5 2 0.646481
29 5 3 0.628475
29 5 4 0.593299
29 5 5 0.532188
30 1 1 0.675458
30 1 2 0.701497
30 1 3 0.000000
30 1 4 0.000000
30 1 5 0.587205
30 2 1 0.000000
30 2 2 0.652298
30 2 3 0.634292
30 2 4 0.599116
30 2 5 0.538006
30 3 1 0.636532
30 3 2 0.000000
30 3 3 0.644566
30 3 4 0.609390
30 3 5 0.548280
30 4 1 0.661942
30 4 2 0.687982
30 4 3 0.000000
30 4 4 0.634800
30 4 5 0.573690
30 5 1 0.620441
30 5 2 0.646481
30 5 3 0.628475
30 5 4 0.593299
30 5 5 0.532188
31 1 1 0.675458
31 1 2 0.701497
31 1 3 0.000000
31 1 4 0.000000
31 1 5 0.587205
31 2 1 0.000000
31 2 2 0.652298
31 2 3 0.634292
31 2 4 0.599116
31 2 5 0.538006
31 3 1 0.636532
31 3 2 0.000000
31 3 3 0.644566
31 3 4 0.609390
31 3 5 0.548280
31 4 1 0.661942
31 4 2 0.687982
31 4 3 0.000000
31 4 4 0.634800
31 4 5 0.573690
31 5 1 0.620441
31 5 2 0.646481
31 5 3 0.628475
31 5 4 0.593299
31 5 5 0.532188
32 1 1 0.675458
32 1 2 0.701497
32 1 3 0.000000
32 1 4 0.000000
32 1 5 0.587205
32 2 1 0.000000
32 2 2 0.652298
32 2 3 0.634292
32 2 4 0.599116
32 2 5 0.538006
32 3 1 0.636532
32 3 2 0.000000
32 3 3 0.644566
32 3 4 0.609390
32 3 5 0.548280
32 4 1 0.661942
32 4 2 0.687982
32 4 3 0.000000
32 4 4 0.634800
32 4 5 0.573690
32 5 1 0.620441
32 5 2 0.646481
32 5 3 0.628475
32 5 4 0.593299
32 5 5 0.532188
33 1 1 0.675458
33 1 2 0.701497
33 1 3 0.000000
33 1 4 0.000000
33 1 5 0.587205
33 2 1 0.000000
33 2 2 0.652298
33 2 3 0.634292
33 2 4 0.599116
33 2 5 0.538006
33 3 1 0.636532
33 3 2 0.000000
33 3 3 0.644566
33 3 4 0.609390
33 3 5 0.548280
33 4 1 0.661942
33 4 2 0.687982
33 4 3 0.000000
33 4 4 0.634800
33 4 5 0.573690
33 5 1 0.620441
33 5 2 0.646481
33 5 3 0.628475
33 5 4 0.593299
33 5 5 0.532188
34 1 1 0.675458
34 1 2 0.701497
34 1 3 0.000000
34 1 4 0.000000
34 1 5 0.587205
34 2 1 0.000000
34 2 2 0.652298
34 2 3 0.634292
34 2 4 0.599116
34 2 5 0.538006
34 3 1 0.636532
34 3 2 0.000000
34 3 3 0.644566
34 3 4 0.609390
34 3 5 0.548280
34 4 1 0.661942
34 4 2 0.687982
34 4 3 0.000000
34 4 4 0.634800
34 4 5 0.573690
34 5 1 0.620441
34 5 2 0.646481
34 5 3 0.628475
34 5 4 0.593299
34 5 5 0.532188
35 1 1 0.675458
35 1 2 0.701497
35 1 3 0.000000
35 1 4 0.000000
35 1 5 0.587205
35 2 1 0.000000
35 2 2 0.652298
35 2 3 0.634292
35 2 4 0.599116
35 2 5 0.538006
35 3 1 0.636532
35 3 2 0.000000
35 3 3 0.644566
35 3 4 0.609390
35 3 5 0.548280
35 4 1 0.661942
35 4 2 0.687982
35 4 3 0.000000
35 4 4 0.634800
35 4 5 0.573690
35 5 1 0.620441
35 5 2 0.646481
35 5 3 0.628475
35 5 4 0.593299
35 5 5 0.532188
36 1 1 0.675458
36 1 2 0.701497
36 1 3 0.000000
36 1 4 0.000000
36 1 5 0.587205
36 2 1 0.000000
36 2 2 0.652298
36 2 3 0.634292
36 2 4 0.599116
36 2 5 0.538006
36 3 1 0.636532
36 3 2 0.000000
36 3 3 0.644566
36 3 4 0.609390
36 3 5 0.548280
36 4 1 0.661942
36 4 2 0.687982
36 4 3 0.000000
36 4 4 0.634800
36 4 5 0.573690
36 5 1 0.620441
36 5 2 0.646481
36 5 3 0.628475
36 5 4 0.593299
36 5 5 0.532188
37 1 1 0.675458
37 1 2 0.701497
37 1 3 0.000000
37 1 4 0.000000
37 1 5 0.587205
37 2 1 0.000000
37 2 2 0.652298
37 2 3 0.634292
37 2 4 0.599116
37 2 5 0.538006
37 3 1 0.636532
37 3 2 0.000000
37 3 3 0.644566
37 3 4 0.609390
37 3 5 0.548280
37 4 1 0.661942
37 4 2 0.687982
37 4 3 0.000000
37 4 4 0.634800
37 4 5 0.573690
37 5 1 0.620441
37 5 2 0.646481
37 5 3 0.628475
37 5 4 0.593299
37 5 5 0.532188
38 1 1 0.675458
38 1 2 0.701497
38 1 3 0.000000
38 1 4 0.000000
38 1 5 0.587205
38 2 1 0.000000
38 2 2 0.652298
38 2 3 0.634292
38 2 4 0.599116
38 2 5 0.538006
38 3 1 0.636532
38 3 2 0.000000
38 3 3 0.644566
38 3 4 0.609390
38 3 5 0.548280
38 4 1 0.661942
38 4 2 0.687982
38 4 3 0.000000
38 4 4 0.634800
38 4 5 0.573690
38 5 1 0.620441
38 5 2 0.646481
38 5 3 0.628475
38 5 4 0.593299
38 5 5 0.532188
39 1 1 0.675458
39 1 2 0.701497
39 1 3 0.000000
39 1 4 0.000000
39 1 5 0.587205
39 2 1 0.000000
39 2 2 0.652298
39 2 3 0.634292
39 2 4 0.599116
39 2 5 0.538006
39 3 1 0.636532
39 3 2 0.000000
39 3 3 0.644566
39 3 4 0.609390
39 3 5 0.548280
39 4 1 0.661942
39 4 2 0.687982
39 4 3 0.000000
39 4 4 0.634800
39 4 5 0.573690
39 5 1 0.620441
39 5 2 0.646481
39 5 3 0.628475
39 5 4 0.593299
39 5 5 0.532188
40 1 1 0.675458
40 1 2 0.701497
40 1 3 0.000000
40 1 4 0.000000
40 1 5 0.587205
40 2 1 0.000000
40 2 2 0.652298
40 2 3 0.634292
40 2 4 0.599116
40 2 5 0.538006
40 3 1 0.636532
40 3 2 0.000000
40 3 3 0.644566
40 3 4 0.609390
40 3 5 0.548280
40 4 1 0.661942
40 4 2 0.687982
40 4 3 0.000000
40 4 4 0.634800
40 4 5 0.573690
40 5 1 0.620441
40 5 2 0.646481
40 5 3 0.628475
40 5 4 0.593299
40 5 5 0.532188
41 1 1 0.675458
41 1 2 0.701497
41 1 3 0.000000
41 1 4 0.000000
41 1 5 0.587205
41 2 1 0.000000
41 2 2 0.652298
41 2 3 0.634292
41 2 4 0.599116
41 2 5 0.538006
41 3 1 0.636532
41 3 2 0.000000
41 3 3 0.644566
41 3 4 0.609390
41 3 5 0.548280
41 4 1 0.661942
41 4 2 0.687982
41 4 3 0.000000
41 4 4 0.634800
41 4 5 0.573690
41 5 1 0.620441
41 5 2 0.646481
41 5 3 0.628475
41 5 4 0.593299
41 5 5 0.532188
42 1 1 0.675458
42 1 2 0.701497
42 1 3 0.000000
42 1 4 0.000000
42 1 5 0.587205
42 2 1 0.000000
42 2 2 0.652298
42 2 3 0.634292
42 2 4 0.599116
42 2 5 0.538006
42 3 1 0.636532
42 3 2 0.000000
42 3 3 0.644566
42 3 4 0.609390
42 3 5 0.548280
42 4 1 0.661942
42 4 2 0.687982
42 4 3 0.000000
42 4 4 0.634800
42 4 5 0.573690
42 5 1 0.620441
42 5 2 0.646481
42 5 3 0.628475
42 5 4 0.593299
42 5 5 0.532188
43 1 1 0.675458
43 1 2 0.701497
43 1 3 0.000000
43 1 4 0.000000
43 1 5 0.587205
43 2 1 0.000000
43 2 2 0.652298
43 2 3 0.634292
43 2 4 0.599116
43 2 5 0.538006
43 3 1 0.636532
43 3 2 0.000000
43 3 3 0.644566
43 3 4 0.609390
43 3 5 0.548280
43 4 1 0.661942
43 4 2 0.687982
43 4 3 0.000000
43 4 4 0.634800
43 4 5 0.573690
43 5 1 0.620441
43 5 2 0.646481
43 5 3 0.628475
43 5 4 0.593299
43 5 5 0.532188
44 1 1 0.675458
44 1 2 0.701497
44 1 3 0.000000
44 1 4 0.000000
44 1 5 0.587205
44 2 1 0.000000
44 2 2 0.652298
44 2 3 0.634292
44 2 4 0.599116
44 2 5 0.538006
44 3 1 0.636532
44 3 2 0.000000
44 3 3 0.644566
44 3 4 0.609390
44 3 5 0.548280
44 4 1 0.661942
44 4 2 0.687982
44 4 3 0.000000
44 4 4 0.634800
44 4 5 0.573690
44 5 1 0.620441
44 5 2 0.646481
44 5 3 0.628475
44 5 4 0.593299
44 5 5 0.532188
45 1 1 0.675458
45 1 2 0.701497
45 1 3 0.000000
45 1 4 0.000000
45 1 5 0.587205
45 2 1 0.000000
45 2 2 0.652298
45 2 3 0.634292
45 2 4 0.599116
45 2 5 0.538006
45 3 1 0.636532
45 3 2 0.000000
45 3 3 0.644566
45 3 4 0.609390
45 3 5 0.548280
45 4 1 0.661942
45 4 2 0.687982
45 4 3 0.000000
45 4 4 0.634800
45 4 5 0.573690
45 5 1 0.620441
45 5 2 0.646481
45 5 3 0.628475
45 5 4 0.593299
45 5 5 0.532188
46 1 1 0.675458
46 1 2 0.701497
46 1 3 0.000000
46 1 4 0.000000
46 1 5 0.587205
46 2 1 0.000000
46 2 2 0.652298
46 2 3 0.634292
46 2 4 0.599116
46 2 5 0.538006
46 3 1 0.636532
46 3 2 0.000000
46 3 3 0.644566
46 3 4 0.609390
46 3 5 0.548280
46 4 1 0.661942
46 4 2 0.687982
46 4 3 0.000000
46 4 4 0.634800
46 4 5 0.573690
46 5 1 0.620441
46 5 2 0.646481
46 5 3 0.628475
46 5 4 0.593299
46 5 5 0.532188
47 1 1 0.675458
47 1 2 0.701497
47 1 3 0.000000
47 1 4 0.000000
47 1 5 0.587205
47 2 1 0.000000
47 2 2 0.652298
47 2 3 0.634292
47 2 4 0.599116
47 2 5 0.538006
47 3 1 0.636532
47 3 2 0.000000
47 3 3 0.644566
47 3 4 0.609390
47 3 5 0.548280
47 4 1 0.661942
47 4 2 0.687982
47 4 3 0.000000
47 4 4 0.634800
47 4 5 0.573690
47 5 1 0.620441
47 5 2 0.646481
47 5 3 0.628475
47 5 4 0.593299
47 5 5 0.532188
48 1 1 0.675458
48 1 2 0.701497
48 1 3 0.000000
48 1 4 0.000000
48 1 5 0.587205
48 2 1 0.000000
48 2 2 0.652298
48 2 3 0.634292
48 2 4 0.599116
48 2 5 0.538006
48 3 1 0.636532
48 3 2 0.000000
48 3 3 0.644566
48 3 4 0.609390
48 3 5 0.548280
48 4 1 0.661942
48 4 2 0.687982
48 4 3 0.000000
48 4 4 0.634800
48 4 5 0.573690
48 5 1 0.620441
48 5 2 0.646481
48 5 3 0.628475
48 5 4 0.593299
48 5 5 0.532188
49 1 1 0.675458
49 1 2 0.701497
49 1 3 0.000000
49 1 4 0.000000
49 1 5 0.587205
49 2 1 0.000000
49 2 2 0.652298
49 2 3 0.634292
49 2 4 0.599116
49 2 5 0.538006
49 3 1 0.636532
49 3 2 0.000000
49 3 3 0.644566
49 3 4 0.609390
49 3 5 0.548280
49 4 1 0.661942
49 4 2 0.687982
49 4 3 0.000000
49 4 4 0.634800
49 4 5 0.573690
49 5 1 0.620441
49 5 2 0.646481
49 5 3 0.628475
49 5 4 0.593299
49 5 5 0.532188
50 1 1 0.675458
50 1 2 0.701497
50 1 3 0.000000
50 1 4 0.000000
50 1 5 0.587205
50 2 1 0.000000
50 2 2 0.652298
50 2 3 0.634292
50 2 4 0.599116
50 2 5 0.538006
50 3 1 0.636532
50 3 2 0.000000
50 3 3 0.644566
50 3 4 0.609390
50 3 5 0.548280
50 4 1 0.661942
50 4 2 0.687982
50 4 3 0.000000
50 4 4 0.634800
50 4 5 0.573690
50 5 1 0.620441
50 5 2 0.646481
50 5 3 0.628475
50 5 4 0.593299
50 5 5 0.532188
51 1 1 0.675458
51 1 2 0.701497
51 1 3 0.000000
51 1 4 0.000000
51 1 5 0.587205
51 2 1 0.000000
51 2 2 0.652298
51 2 3 0.634292
51 2 4 0.599116
51 2 5 0.538006
51 3 1 0.636532
51 3 2 0.000000
51 3 3 0.644566
51 3 4 0.609390
51 3 5 0.548280
51 4 1 0.661942
51 4 2 0.687982
51 4 3 0.000000
51 4 4 0.634800
51 4 5 0.573690
51 5 1 0.620441
51 5 2 0.646481
51 5 3 0.628475
51 5 4 0.593299
51 5 5 0.532188
52 1 1 0.675458
52 1 2 0.701497
52 1 3 0.000000
52 1 4 0.000000
52 1 5 0.587205
52 2 1 0.000000
52 2 2 0.652298
52 2 3 0.634292
52 2 4 0.599116
52 2 5 0.538006
52 3 1 0.636532
52 3 2 0.000000
52 3 3 0.644566
52 3 4 0.609390
52 3 5 0.548280
52 4 1 0.661942
52 4 2 0.687982
52 4 3 0.000000
52 4 4 0.634800
52 4 5 0.573690
52 5 1 0.620441
52 5 2 0.646481
52 5 3 0.628475
52 5 4 0.593299
52 5 5 0.532188
53 1 1 0.675458
53 1 2 0.701497
53 1 3 0.000000
53 1 4 0.000000
53 1 5 0.587205
53 2 1 0.000000
53 2 2 0.652298
53 2 3 0.634292
53 2 4 0.599116
53 2 5 0.538006
53 3 1 0.636532
53 3 2 0.000000
53 3 3 0.644566
53 3 4 0.609390
53 3 5 0.548280
53 4 1 0.661942
53 4 2 0.687982
53 4 3 0.000000
53 4 4 0.634800
53 4 5 0.573690
53 5 1 0.620441
53 5 2 0.646481
53 5 3 0.628475
53 5 4 0.593299
53 5 5 0.532188
54 1 1 0.675458
54 1 2 0.701497
54 1 3 0.000000
54 1 4 0.000000
54 1 5 0.587205
54 2 1 0.000000
54 2 2 0.652298
54 2 3 0.634292
54 2 4 0.599116
54 2 5 0.538006
54 3 1 0.636532
54 3 2 0.000000
54 3 3 0.644566
54 3 4 0.609390
54 3 5 0.548280
54 4 1 0.661942
54 4 2 0.687982
54 4 3 0.000000
54 4 4 0.634800
54 4 5 0.573690
54 5 1 0.620441
54 5 2 0.646481
54 5 3 0.628475
54 5 4 0.593299
54 5 5 0.532188
55 1 1 0.675458
55 1 2 0.701497
55 1 3 0.000000
55 1 4 0.000000
55 1 5 0.587205
55 2 1 0.000000
55 2 2 0.652298
55 2 3 0.634292
55 2 4 0.599116
55 2 5 0.538006
55 3 1 0.636532
55 3 2 0.000000
55 3 3 0.644566
55 3 4 0.609390
55 3 5 0.548280
55 4 1 0.661942
55 4 2 0.687982
55 4 3 0.000000
55 4 4 0.634800
55 4 5 0.573690
55 5 1 0.620441
55 5 2 0.646481
55 5 3 0.628475
55 5 4 0.593299
55 5 5 0.532188
56 1 1 0.675458
56 1 2 0.701497
56 1 3 0.000000
56 1 4 0.000000
56 1 5 0.587205
56 2 1 0.000000
56 2 2 0.652298
56 2 3 0.634292
56 2 4 0.599116
56 2 5 0.538006
56 3 1 0.636532
56 3 2 0.000000
56 3 3 0.644566
56 3 4 0.609390
56 3 5 0.548280
56 4 1 0.661942
56 4 2 0.687982
56 4 3 0.000000
56 4 4 0.634800
56 4 5 0.573690
56 5 1 0.620441
56 5 2 0.646481
56 5 3 0.628475
56 5 4 0.593299
56 5 5 0.532188
57 1 1 0.675458
57 1 2 0.701497
57 1 3 0.000000
57 1 4 0.000000
57 1 5 0.587205
57 2 1 0.000000
57 2 2 0.652298
57 2 3 0.634292
57 2 4 0.599116
57 2 5 0.538006
57 3 1 0.636532
57 3 2 0.000000
57 3 3 0.644566
57 3 4 0.609390
57 3 5 0.548280
57 4 1 0.661942
57 4 2 0.687982
57 4 3 0.000000
57 4 4 0.634800
57 4 5 0.573690
57 5 1 0.620441
57 5 2 0.646481
57 5 3 0.628475
57 5 4 0.593299
57 5 5 0.532188
58 1 1 0.675458
58 1 2 0.701497
58 1 3 0.000000
58 1 4 0.000000
58 1 5 0.587205
58 2 1 0.000000
58 2 2 0.652298
58 2 3 0.634292
58 2 4 0.599116
58 2 5 0.538006
58 3 1 0.636532
58 3 2 0.000000
58 3 3 0.644566
58 3 4 0.609390
58 3 5 0.548280
58 4 1 0.661942
58 4 2 0.687982
58 4 3 0.000000
58 4 4 0.634800
58 4 5 0.573690
58 5 1 0.620441
58 5 2 0.646481
58 5 3 0.628475
58 5 4 0.593299
58 5 5 0.532188
59 1 1 0.675458
59 1 2 0.701497
59 1 3 0.000000
59 1 4 0.000000
59 1 5 0.587205
59 2 1 0.000000
59 2 2 0.652298
59 2 3 0.634292
59 2 4 0.599116
59 2 5 0.538006
59 3 1 0.636532
59 3 2 0.000000
59 3 3 0.644566
59 3 4 0.609390
59 3 5 0.548280
59 4 1 0.661942
59 4 2 0.687982
59 4 3 0.000000
59 4 4 0.634800
59 4 5 0.573690
59 5 1 0.620441
59 5 2 0.646481
59 5 3 0.628475
59 5 4 0.593299
59 5 5 0.532188
60 1 1 0.675458
60 1 2 0.701497
60 1 3 0.000000
60 1 4 0.000000
60 1 5 0.587205
60 2 1 0.000000
60 2 2 0.652298
60 2 3 0.634292
60 2 4 0.599116
60 2 5 0.538006
60 3 1 0.636532
60 3 2 0.000000
60 3 3 0.644566
60 3 4 0.609390
60 3 5 0.548280
60 4 1 0.661942
60 4 2 0.687982
60 4 3 0.000000
60 4 4 0.634800
60 4 5 0.573690
60 5 1 0.620441
60 5 2 0.646481
60 5 3 0.628475
60 5 4 0.593299
60 5 5 0.532188
61 1 1 0.675458
61 1 2 0.701497
61 1 3 0.000000
61 1 4 0.000000
61 1 5 0.587205
61 2 1 0.000000
61 2 2 0.652298
61 2 3 0.634292
61 2 4 0.599116
61 2 5 0.538006
61 3 1 0.636532
61 3 2 0.000000
61 3 3 0.644566
61 3 4 0.609390
61 3 5 0.548280
61 4 1 0.661942
61 4 2 0.687982
61 4 3 0.000000
61 4 4 0.634800
61 4 5 0.573690
61 5 1 0.620441
61 5 2 0.646481
61 5 3 0.628475
61 5 4 0.593299
61 5 5 0.532188
62 1 1 0.675458
62 1 2 0.701497
62 1 3 0.000000
62 1 4 0.000000
62 1 5 0.587205
62 2 1 0.000000
62 2 2 0.652298
62 2 3 0.634292
62 2 4 0.599116
62 2 5 0.538006
62 3 1 0.636532
62 3 2 0.000000
62 3 3 0.644566
62 3 4 0.609390
62 3 5 0.548280
62 4 1 0.661942
62 4 2 0.687982
62 4 3 0.000000
62 4 4 0.634800
62 4 5 0.573690
62 5 1 0.620441
62 5 2 0.646481
62 5 3 0.628475
62 5 4 0.593299
62 5 5 0.532188
63 1 1 0.675458
63 1 2 0.701497
63 1 3 0.000000
63 1 4 0.000000
63 1 5 0.587205
63 2 1 0.000000
63 2 2 0.652298
63 2 3 0.634292
63 2 4 0.599116
63 2 5 0.538006
63 3 1 0.636532
63 3 2 0.000000
63 3 3 0.644566
63 3 4 0.609390
63 3 5 0.548280
63 4 1 0.661942
63 4 2 0.687982
63 4 3 0.000000
63 4 4 0.634800
63 4 5 0.573690
63 5 1 0.620441
63 5 2 0.646481
63 5 3 0.628475
63 5 4 0.593299
63 5 5 0.532188
64 1 1 0.675458
64 1 2 0.701497
64 1 3 0.000000
64 1 4 0.000000
64 1 5 0.587205
64 2 1 0.000000
64 2 2 0.652298
64 2 3 0.634292
64 2 4 0.599116
64 2 5 0.538006
64 3 1 0.636532
64 3 2 0.000000
64 3 3 0.644566
64 3 4 0.609390
64 3 5 0.548280
64 4 1 0.661942
64 4 2 0.687982
64 4 3 0.000000
64 4 4 0.634800
64 4 5 0.573690
64 5 1 0.620441
64 5 2 0.646481
64 5 3 0.628475
64 5 4 0.593299
64 5 5 0.532188
65 1 1 0.675458
65 1 2 0.701497
65 1 3 0.000000
65 1 4 0.000000
65 1 5 0.587205
65 2 1 0.000000
65 2 2 0.652298
65 2 3 0.634292
65 2 4 0.599116
65 2 5 0.538006
65 3 1 0.636532
65 3 2 0.000000
65 3 3 0.644566
65 3 4 0.609390
65 3 5 0.548280
65 4 1 0.661942
65 4 2 0.687982
65 4 3 0.000000
65 4 4 0.634800
65 4 5 0.573690
65 5 1 0.620441
65 5 2 0.646481
65 5 3 0.628475
65 5 4 0.593299
65 5 5 0.532188
66 1 1 0.675458
66 1 2 0.701497
66 1 3 0.000000
66 1 4 0.000000
66 1 5 0.587205
66 2 1 0.000000
66 2 2 0.652298
66 2 3 0.634292
66 2 4 0.599116
66 2 5 0.538006
66 3 1 0.636532
66 3 2 0.000000
66 3 3 0.644566
66 3 4 0.609390
66 3 5 0.548280
66 4 1 0.661942
66 4 2 0.687982
66 4 3 0.000000
66 4 4 0.634800
66 4 5 0.573690
66 5 1 0.620441
66 5 2 0.646481
66 5 3 0.628475
66 5 4 0.593299
66 5 5 0.532188
67 1 1 0.675458
67 1 2 0.701497
67 1 3 0.000000
67 1 4 0.000000
67 1 5 0.587205
67 2 1 0.000000
67 2 2 0.652298
67 2 3 0.634292
67 2 4 0.599116
67 2 5 0.538006
67 3 1 0.636532
67 3 2 0.000000
67 3 3 0.644566
67 3 4 0.609390
67 3 5 0.548280
67 4 1 0.661942
67 4 2 0.687982
67 4 3 0.000000
67 4 4 0.634800
67 4 5 0.573690
67 5 1 0.620441
67 5 2 0.646481
67 5 3 0.628475
67 5 4 0.593299
67 5 5 0.532188
68 1 1 0.675458
68 1 2 0.701497
68 1 3 0.000000
68 1 4 0.000000
68 1 5 0.587205
68 2 1 0.000000
68 2 2 0.652298
68 2 3 0.634292
68 2 4 0.599116
68 2 5 0.538006
68 3 1 0.636532
68 3 2 0.000000
68 3 3 0.644566
68 3 4 0.609390
68 3 5 0.548280
68 4 1 0.661942
68 4 2 0.687982
68 4 3 0.000000
68 4 4 0.634800
68 4 5 0.573690
68 5 1 0.620441
68 5 2 0.646481
68 5 3 0.628475
68 5 4 0.593299
68 5 5 0.532188
69 1 1 0.675458
69 1 2 0.701497
69 1 3 0.000000
69 1 4 0.000000
69 1 5 0.587205
69 2 1 0.000000
69 2 2 0.652298
69 2 3 0.634292
69 2 4 0.599116
69 2 5 0.538006
69 3 1 0.636532
69 3 2 0.000000
69 3 3 0.644566
69 3 4 0.609390
69 3 5 0.548280
69 4 1 0.661942
69 4 2 0.687982
69 4 3 0.000000
69 4 4 0.634800
69 4 5 0.573690
69 5 1 0.620441
69 5 2 0.646481
69 5 3 0.628475
69 5 4 0.593299
69 5 5 0.532188
70 1 1 0.675458
70 1 2 0.701497
70 1 3 0.000000
70 1 4 0.000000
70 1 5 0.587205
70 2 1 0.000000
70 2 2 0.652298
70 2 3 0.634292
70 2 4 0.599116
70 2 5 0.538006
70 3 1 0.636532
70 3 2 0.000000
70 3 3 0.644566
70 3 4 0.609390
70 3 5 0.548280
70 4 1 0.661942
70 4 2 0.687982
70 4 3 0.000000
70 4 4 0.634800
70 4 5 0.573690
70 5 1 0.620441
70 5 2 0.646481
70 5 3 0.628475
70 5 4 0.593299
70 5 5 0.532188
71 1 1 0.675458
71 1 2 0.701497
71 1 3 0.000000
71 1 4 0.000000
71 1 5 0.587205
71 2 1 0.000000
71 2 2 0.652298
71 2 3 0.634292
71 2 4 0.599116
71 2 5 0.538006
71 3 1 0.636532
71 3 2 0.000000
71 3 3 0.644566
71 3 4 0.609390
71 3 5 0.548280
71 4 1 0.661942
71 4 2 0.687982
71 4 3 0.000000
71 4 4 0.634800
71 4 5 0.573690
71 5 1 0.620441
71 5 2 0.646481
71 5 3 0.628475
71 5 4 0.593299
71 5 5 0.532188
72 1 1 0.675458
72 1 2 0.701497
72 1 3 0.000000
72 1 4 0.000000
72 1 5 0.587205
72 2 1 0.000000
72 2 2 0.652298
72 2 3 0.634292
72 2 4 0.599116
72 2 5 0.538006
72 3 1 0.636532
72 3 2 0.000000
72 3 3 0.644566
72 3 4 0.609390
72 3 5 0.548280
72 4 1 0.661942
72 4 2 0.687982
72 4 3 0.000000
72 4 4 0.634800
72 4 5 0.573690
72 5 1 0.620441
72 5 2 0.646481
72 5 3 0.628475
72 5 4 0.593299
72 5 5 0.532188
73 1 1 0.675458
73 1 2 0.701497
73 1 3 0.000000
73 1 4 0.000000
73 1 5 0.587205
73 2 1 0.000000
73 2 2 0.652298
73 2 3 0.634292
73 2 4 0.599116
73 2 5 0.538006
73 3 1 0.636532
73 3 2 0.000000
73 3 3 0.644566
73 3 4 0.609390
73 3 5 0.548280
73 4 1 0.661942
73 4 2 0.687982
73 4 3 0.000000
73 4 4 0.634800
73 4 5 0.573690
73 5 1 0.620441
73 5 2 0.646481
73 5 3 0.628475
73 5 4 0.593299
73 5 5 0.532188
74 1 1 0.675458
74 1 2 0.701497
74 1 3 0.000000
74 1 4 0.000000
74 1 5 0.587205
74 2 1 0.000000
74 2 2 0.652298
74 2 3 0.634292
74 2 4 0.599116
74 2 5 0.538006
74 3 1 0.636532
74 3 2 0.000000
74 3 3 0.644566
74 3 4 0.609390
74 3 5 0.548280
74 4 1 0.661942
74 4 2 0.687982
74 4 3 0.000000
74 4 4 0.634800
74 4 5 0.573690
74 5 1 0.620441
74 5 2 0.646481
74 5 3 0.628475
74 5 4 0.593299
74 5 5 0.532188
75 1 1 0.675458
75 1 2 0.701497
75 1 3 0.000000
75 1 4 0.000000
75 1 5 0.587205
75 2 1 0.000000
75 2 2 0.652298
75 2 3 0.634292
75 2 4 0.599116
75 2 5 0.538006
75 3 1 0.636532
75 3 2 0.000000
75 3 3 0.644566
75 3 4 0.609390
75 3 5 0.548280
75 4 1 0.661942
75 4 2 0.687982
75 4 3 0.000000
75 4 4 0.634800
75 4 5 0.573690
75 5 1 0.620441
75 5 2 0.646481
75 5 3 0.628475
75 5 4 0.593299
75 5 5 0.532188
76 1 1 0.675458
76 1 2 0.701497
76 1 3 0.000000
76 1 4 0.000000
76 1 5 0.587205
76 2 1 0.000000
76 2 2 0.652298
76 2 3 0.634292
76 2 4 0.599116
76 2 5 0.538006
76 3 1 0.636532
76 3 2 0.000000
76 3 3 0.644566
76 3 4 0.609390
76 3 5 0.548280
76 4 1 0.661942
76 4 2 0.687982
76 4 3 0.000000
76 4 4 0.634800
76 4 5 0.573690
76 5 1 0.620441
76 5 2 0.646481
76 5 3 0.628475
76 5 4 0.593299
76 5 5 0.532188
77 1 1 0.675458
77 1 2 0.701497
77 1 3 0.000000
77 1 4 0.000000
77 1 5 0.587205
77 2 1 0.000000
77 2 2 0.652298
77 2 3 0.634292
77 2 4 0.599116
77 2 5 0.538006
77 3 1 0.636532
77 3 2 0.000000
77 3 3 0.644566
77 3 4 0.609390
77 3 5 0.548280
77 4 1 0.661942
77 4 2 0.687982
77 4 3 0.000000
77 4 4 0.634800
77 4 5 0.573690
77 5 1 0.620441
77 5 2 0.646481
77 5 3 0.628475
77 5 4 0.593299
77 5 5 0.532188
78 1 1 0.675458
78 1 2 0.701497
78 1 3 0.000000
78 1 4 0.000000
78 1 5 0.587205
78 2 1 0.000000
78 2 2 0.652298
78 2 3 0.634292
78 2 4 0.599116
78 2 5 0.538006
78 3 1 0.636532
78 3 2 0.000000
78 3 3 0.644566
78 3 4 0.609390
78 3 5 0.548280
78 4 1 0.661942
78 4 2 0.687982
78 4 3 0.000000
78 4 4 0.634800
78 4 5 0.573690
78 5 1 0.620441
78 5 2 0.646481
78 5 3 0.628475
78 5 4 0.593299
78 5 5 0.532188
79 1 1 0.675458
79 1 2 0.701497
79 1 3 0.000000
79 1 4 0.000000
79 1 5 0.587205
79 2 1 0.000000
79 2 2 0.652298
79 2 3 0.634292
79 2 4 0.599116
79 2 5 0.538006
79 3 1 0.636532
79 3 2 0.000000
79 3 3 0.644566
79 3 4 0.609390
79 3 5 0.548280
79 4 1 0.661942
79 4 2 0.687982
79 4 3 0.000000
79 4 4 0.634800
79 4 5 0.573690
79 5 1 0.620441
79 5 2 0.646481
79 5 3 0.628475
79 5 4 0.593299
79 5 5 0.532188
80 1 1 0.675458
80 1 2 0.701497
80 1 3 0.000000
80 1 4 0.000000
80 1 5 0.587205
80 2 1 0.000000
80 2 2 0.652298
80 2 3 0.634292
80 2 4 0.599116
80 2 5 0.538006
80 3 1 0.636532
80 3 2 0.000000
80 3 3 0.644566
80 3 4 0.609390
80 3 5 0.548280
80 4 1 0.661942
80 4 2 0.687982
80 4 3 0.000000
80 4 4 0.634800
80 4 5 0.573690
80 5 1 0.620441
80 5 2 0.646481
80 5 3 0.628475
80 5 4 0.593299
80 5 5 0.532188
81 1 1 0.675458
81 1 2 0.701497
81 1 3 0.000000
81 1 4 0.000000
81 1 5 0.587205
81 2 1 0.000000
81 2 2 0.652298
81 2 3 0.634292
81 2 4 0.599116
81 2 5 0.538006
81 3 1 0.636532
81 3 2 0.000000
81 3 3 0.644566
81 3 4 0.609390
81 3 5 0.548280
81 4 1 0.661942
81 4 2 0.687982
81 4 3 0.000000
81 4 4 0.634800
81 4 5 0.573690
81 5 1 0.620441
81 5 2 0.646481
81 5 3 0.628475
81 5 4 0.593299
81 5 5 0.532188
82 1 1 0.675458
82 1 2 0.701497
82 1 3 0.000000
82 1 4 0.000000
82 1 5 0.587205
82 2 1 0.000000
82 2 2 0.652298
82 2 3 0.634292
82 2 4 0.599116
82 2 5 0.538006
82 3 1 0.636532
82 3 2 0.000000
82 3 3 0.644566
82 3 4 0.609390
82 3 5 0.548280
82 4 1 0.661942
82 4 2 0.687982
82 4 3 0.000000
82 4 4 0.634800
82 4 5 0.573690
82 5 1 0.620441
82 5 2 0.646481
82 5 3 0.628475
82 5 4 0.593299
82 5 5 0.532188
83 1 1 0.675458
83 1 2 0.701497
83 1 3 0.000000
83 1 4 0.000000
83 1 5 0.587205
83 2 1 0.000000
83 2 2 0.652298
83 2 3 0.634292
83 2 4 0.599116
83 2 5 0.538006
83 3 1 0.636532
83 3 2 0.000000
83 3 3 0.644566
83 3 4 0.609390
83 3 5 0.548280
83 4 1 0.661942
83 4 2 0.687982
83 4 3 0.000000
83 4 4 0.634800
83 4 5 0.573690
83 5 1 0.620441
83 5 2 0.646481
83 5 3 0.628475
83 5 4 0.593299
83 5 5 0.532188
84 1 1 0.675458
84 1 2 0.701497
84 1 3 0.000000
84 1 4 0.000000
84 1 5 0.587205
84 2 1 0.000000
84 2 2 0.652298
84 2 3 0.634292
84 2 4 0.599116
84 2 5 0.538006
84 3 1 0.636532
84 3 2 0.000000
84 3 3 0.644566
84 3 4 0.609390
84 3 5 0.548280
84 4 1 0.661942
84 4 2 0.687982
84 4 3 0.000000
84 4 4 0.634800
84 4 5 0.573690
84 5 1 0.620441
84 5 2 0.646481
84 5 3 0.628475
84 5 4 0.593299
84 5 5 0.532188
85 1 1 0.675458
85 1 2 0.701497
85 1 3 0.000000
85 1 4 0.000000
85 1 5 0.587205
85 2 1 0.000000
85 2 2 0.652298
85 2 3 0.634292
85 2 4 0.599116
85 2 5 0.538006
85 3 1 0.636532
85 3 2 0.000000
85 3 3 0.644566
85 3 4 0.609390
85 3 5 0.548280
85 4 1 0.661942
85 4 2 0.687982
85 4 3 0.000000
85 4 4 0.634800
85 4 5 0.573690
85 5 1 0.620441
85 5 2 0.646481
85 5 3 0.628475
85 5 4 0.593299
85 5 5 0.532188
86 1 1 0.675458
86 1 2 0.701497
86 1 3 0.000000
86 1 4 0.000000
86 1 5 0.587205
86 2 1 0.000000
86 2 2 0.652298
86 2 3 0.634292
86 2 4 0.599116
86 2 5 0.538006
86 3 1 0.636532
86 3 2 0.000000
86 3 3 0.644566
86 3 4 0.609390
86 3 5 0.548280
86 4 1 0.661942
86 4 2 0.687982
86 4 3 0.000000
86 4 4 0.634800
86 4 5 0.573690
86 5 1 0.620441
86 5 2 0.646481
86 5 3 0.628475
86 5 4 0.593299
86 5 5 0.532188
87 1 1 0.675458
87 1 2 0.701497
87 1 3 0.000000
87 1 4 0.000000
87 1 5 0.587205
87 2 1 0.000000
87 2 2 0.652298
87 2 3 0.634292
87 2 4 0.599116
87 2 5 0.538006
87 3 1 0.636532
87 3 2 0.000000
87 3 3 0.644566
87 3 4 0.609390
87 3 5 0.548280
87 4 1 0.661942
87 4 2 0.687982
87 4 3 0.000000
87 4 4 0.634800
87 4 5 0.573690
87 5 1 0.620441
87 5 2 0.646481
87 5 3 0.628475
87 5 4 0.593299
87 5 5 0.532188
88 1 1 0.675458
88 1 2 0.701497
88 1 3 0.000000
88 1 4 0.000000
88 1 5 0.587205
88 2 1 0.000000
88 2 2 0.652298
88 2 3 0.634292
88 2 4 0.599116
88 2 5 0.538006
88 3 1 0.636532
88 3 2 0.000000
88 3 3 0.644566
88 3 4 0.609390
88 3 5 0.548280
88 4 1 0.661942
88 4 2 0.687982
88 4 3 0.000000
88 4 4 0.634800
88 4 5 0.573690
88 5 1 0.620441
88 5 2 0.646481
88 5 3 0.628475
88 5 4 0.593299
88 5 5 0.532188
89 1 1 0.675458
89 1 2 0.701497
89 1 3 0.000000
89 1 4 0.000000
89 1 5 0.587205
89 2 1 0.000000
89 2 2 0.652298
89 2 3 0.634292
89 2 4 0.599116
89 2 5 0.538006
89 3 1 0.636532
89 3 2 0.000000
89 3 3 0.644566
89 3 4 0.609390
89 3 5 0.548280
89 4 1 0.661942
89 4 2 0.687982
89 4 3 0.000000
89 4 4 0.634800
89 4 5 0.573690
89 5 1 0.620441
89 5 2 0.646481
89 5 3 0.628475
89 5 4 0.593299
89 5 5 0.532188
90 1 1 0.675458
90 1 2 0.701497
90 1 3 0.000000
90 1 4 0.000000
90 1 5 0.587205
90 2 1 0.000000
90 2 2 0.652298
90 2 3 0.634292
90 2 4 0.599116
90 2 5 0.538006
90 3 1 0.636532
90 3 2 0.000000
90 3 3 0.644566
90 3 4 0.609390
90 3 5 0.548280
90 4 1 0.661942
90 4 2 0.687982
90 4 3 0.000000
90 4 4 0.634800
90 4 5 0.573690
90 5 1 0.620441
90 5 2 0.646481
90 5 3 0.628475
90 5 4 0.593299
90 5 5 0.532188
91 1 1 0.675458
91 1 2 0.701497
91 1 3 0.000000
91 1 4 0.000000
91 1 5 0.587205
91 2 1 0.000000
91 2 2 0.652298
91 2 3 0.634292
91 2 4 0.599116
91 2 5 0.538006
91 3 1 0.636532
91 3 2 0.000000
91 3 3 0.644566
91 3 4 0.609390
91 3 5 0.548280
91 4 1 0.661942
91 4 2 0.687982
91 4 3 0.000000
91 4 4 0.634800
91 4 5 0.573690
91 5 1 0.620441
91 5 2 0.646481
91 5 3 0.628475
91 5 4 0.593299
91 5 5 0.532188
92 1 1 0.675458
92 1 2 0.701497
92 1 3 0.000000
92 1 4 0.000000
92 1 5 0.587205
92 2 1 0.000000
92 2 2 0.652298
92 2 3 0.634292
92 2 4 0.599116
92 2 5 0.538006
92 3 1 0.636532
92 3 2 0.000000
92 3 3 0.644566
92 3 4 0.609390
92 3 5 0.548280
92 4 1 0.661942
92 4 2 0.687982
92 4 3 0.000000
92 4 4 0.634800
92 4 5 0.573690
92 5 1 0.620441
92 5 2 0.646481
92 5 3 0.628475
92 5 4 0.593299
92 5 5 0.532188
93 1 1 0.675458
93 1 2 0.701497
93 1 3 0.000000
93 1 4 0.000000
93 1 5 0.587205
93 2 1 0.000000
93 2 2 0.652298
93 2 3 0.634292
93 2 4 0.599116
93 2 5 0.538006
93 3 1 0.636532
93 3 2 0.000000
93 3 3 0.644566
93 3 4 0.609390
93 3 5 0.548280
93 4 1 0.661942
93 4 2 0.687982
93 4 3 0.000000
93 4 4 0.634800
93 4 5 0.573690
93 5 1 0.620441
93 5 2 0.646481
93 5 3 0.628475
93 5 4 0.593299
93 5 5 0.532188
94 1 1 0.675458
94 1 2 0.701497
94 1 3 0.000000
94 1 4 0.000000
94 1 5 0.587205
94 2 1 0.000000
94 2 2 0.652298
94 2 3 0.634292
94 2 4 0.599116
94 2 5 0.538006
94 3 1 0.636532
94 3 2 0.000000
94 3 3 0.644566
94 3 4 0.609390
94 3 5 0.548280
94 4 1 0.661942
94 4 2 0.687982
94 4 3 0.000000
94 4 4 0.634800
94 4 5 0.573690
94 5 1 0.620441
94 5 2 0.646481
94 5 3 0.628475
94 5 4 0.593299
94 5 5 0.532188
95 1 1 0.675458
95 1 2 0.701497
95 1 3 0.000000
95 1 4 0.000000
95 1 5 0.587205
95 2 1 0.000000
95 2 2 0.652298
95 2 3 0.634292
95 2 4 0.599116
95 2 5 0.538006
95 3 1 0.636532
95 3 2 0.000000
95 3 3 0.644566
95 3 4 0.609390
95 3 5 0.548280
95 4 1 0.661942
95 4 2 0.687982
95 4 3 0.000000
95 4 4 0.634800
95 4 5 0.573690
95 5 1 0.620441
95 5 2 0.646481
95 5 3 0.628475
95 5 4 0.593299
95 5 5 0.532188
96 1 1 0.675458
96 1 2 0.701497
96 1 3 0.000000
96 1 4 0.000000
96 1 5 0.587205
96 2 1 0.000000
96 2 2 0.652298
96 2 3 0.634292
96 2 4 0.599116
96 2 5 0.538006
96 3 1 0.636532
96 3 2 0.000000
96 3 3 0.644566
96 3 4 0.609390
96 3 5 0.548280
96 4 1 0.661942
96 4 2 0.687982
96 4 3 0.000000
96 4 4 0.634800
96 4 5 0.573690
96 5 1 0.620441
96 5 2 0.646481
96 5 3 0.628475
96 5 4 0.593299
96 5 5 0.532188
97 1 1 0.675458
97 1 2 0.701497
97 1 3 0.000000
97 1 4 0.000000
97 1 5 0.587205
97 2 1 0.000000
97 2 2 0.652298
97 2 3 0.634292
97 2 4 0.599116
97 2 5 0.538006
97 3 1 0.636532
97 3 2 0.000000
97 3 3 0.644566
97 3 4 0.609390
97 3 5 0.548280
97 4 1 0.661942
97 4 2 0.687982
97 4 3 0.000000
97 4 4 0.634800
97 4 5 0.573690
97 5 1 0.620441
97 5 2 0.646481
97 5 3 0.628475
97 5 4 0.593299
97 5 5 0.532188
98 1 1 0.675458
98 1 2 0.701497
98 1 3 0.000000
98 1 4 0.000000
98 1 5 0.587205
98 2 1 0.000000
98 2 2 0.652298
98 2 3 0.634292
98 2 4 0.599116
98 2 5 0.538006
98 3 1 0.636532
98 3 2 0.000000
98 3 3 0.644566
98 3 4 0.609390
98 3 5 0.548280
98 4 1 0.661942
98 4 2 0.687982
98 4 3 0.000000
98 4 4 0.634800
98 4 5 0.573690
98 5 1 0.620441
98 5 2 0.646481
98 5 3 0.628475
98 5 4 0.593299
98 5 5 0.532188
99 1 1 0.675458
99 1 2 0.701497
99 1 3 0.000000
99 1 4 0.000000
99 1 5 0.587205
99 2 1 0.000000
99 2 2 0.652298
99 2 3 0.634292
99 2 4 0.599116
99 2 5 0.538006
99 3 1 0.636532
99 3 2 0.000000
99 3 3 0.644566
99 3 4 0.609390
99 3 5 0.548280
99 4 1 0.661942
99 4 2 0.687982
99 4 3 0.000000
99 4 4 0.634800
99 4 5 0.573690
99 5 1 0.620441
99 5 2 0.646481
99 5 3 0.628475
99 5 4 0.593299
99 5 5 0.532188
100 1 1 0.675458
100 1 2 0.701497
100 1 3 0.000000
100 1 4 0.000000
100 1 5 0.587205
100 2 1 0.000000
100 2 2 0.652298
100 2 3 0.634292
100 2 4 0.599116
100 2 5 0.538006
100 3 1 0.636532
100 3 2 0.000000
100 3 3 0.644566
100 3 4 0.609390
100 3 5 0.548280
100 4 1 0.661942
100 4 2 0.687982
100 4 3 0.000000
100 4 4 0.634800
100 4 5 0.573690
100 5 1 0.620441
100 5 2 0.646481
100 5 3 0.628475
100 5 4 0.593299
100 5 5 0.532188
