1 1 1 0.651651
1 1 2 0.000000
1 1 3 0.650383
1 1 4 0.000000
1 1 5 0.000000
1 2 1 0.000000
1 2 2 0.660516
1 2 3 0.000000
1 2 4 0.585669
1 2 5 0.000000
1 3 1 0.640640
1 3 2 0.660977
1 3 3 0.639372
1 3 4 0.000000
1 3 5 0.504872
1 4 1 0.644407
1 4 2 0.664744
1 4 3 0.000000
1 4 4 0.589897
1 4 5 0.000000
1 5 1 0.639594
1 5 2 0.000000
1 5 3 0.638326
1 5 4 0.000000
1 5 5 0.503825
1 6 1 0.642646
1 6 2 0.662983
1 6 3 0.000000
1 6 4 0.588136
1 6 5 0.506877
1 7 1 0.658517
1 7 2 0.678854
1 7 3 0.657249
1 7 4 0.000000
1 7 5 0.522748
1 8 1 0.642451
1 8 2 0.000000
1 8 3 0.641183
1 8 4 0.587941
1 8 5 0.000000
1 9 1 0.000000
1 9 2 0.651103
1 9 3 0.000000
1 9 4 0.576256
1 9 5 0.000000
1 10 1 0.637992
1 10 2 0.658329
1 10 3 0.636724
1 10 4 0.583482
1 10 5 0.502224
2 1 1 0.651651
2 1 2 0.000000
2 1 3 0.650383
2 1 4 0.000000
2 1 5 0.000000
2 2 1 0.000000
2 2 2 0.660516
2 2 3 0.000000
2 2 4 0.585669
2 2 5 0.000000
2 3 1 0.640640
2 3 2 0.660977
2 3 3 0.639372
2 3 4 0.000000
2 3 5 0.504872
2 4 1 0.644407
2 4 2 0.664744
2 4 3 0.000000
2 4 4 0.589897
2 4 5 0.000000
2 5 1 0.639594
2 5 2 0.000000
2 5 3 0.638326
2 5 4 0.000000
2 5 5 0.503825
2 6 1 0.642646
2 6 2 0.662983
2 6 3 0.000000
2 6 4 0.588136
2 6 5 0.506877
2 7 1 0.658517
2 7 2 0.678854
2 7 3 0.657249
2 7 4 0.000000
2 7 5 0.522748
2 8 1 0.642451
2 8 2 0.000000
2 8 3 0.641183
2 8 4 0.587941
2 8 5 0.000000
2 9 1 0.000000
2 9 2 0.651103
2 9 3 0.000000
2 9 4 0.576256
2 9 5 0.000000
2 10 1 0.637992
2 10 2 0.658329
2 10 3 0.636724
2 10 4 0.583482
2 10 5 0.502224
3 1 1 0.651651
3 1 2 0.000000
3 1 3 0.650383
3 1 4 0.000000
3 1 5 0.000000
3 2 1 0.000000
3 2 2 0.660516
3 2 3 0.000000
3 2 4 0.585669
3 2 5 0.000000
3 3 1 0.640640
3 3 2 0.660977
3 3 3 0.639372
3 3 4 0.000000
3 3 5 0.504872
3 4 1 0.644407
3 4 2 0.664744
3 4 3 0.000000
3 4 4 0.589897
3 4 5 0.000000
3 5 1 0.639594
3 5 2 0.000000
3 5 3 0.638326
3 5 4 0.000000
3 5 5 0.503825
3 6 1 0.642646
3 6 2 0.662983
3 6 3 0.000000
3 6 4 0.588136
3 6 5 0.506877
3 7 1 0.658517
3 7 2 0.678854
3 7 3 0.657249
3 7 4 0.000000
3 7 5 0.522748
3 8 1 0.642451
3 8 2 0.000000
3 8 3 0.641183
3 8 4 0.587941
3 8 5 0.000000
3 9 1 0.000000
3 9 2 0.651103
3 9 3 0.000000
3 9 4 0.576256
3 9 5 0.000000
3 10 1 0.637992
3 10 2 0.658329
3 10 3 0.636724
3 10 4 0.583482
3 10 5 0.502224
4 1 1 0.651651
4 1 2 0.000000
4 1 3 0.650383
4 1 4 0.000000
4 1 5 0.000000
4 2 1 0.000000
4 2 2 0.660516
4 2 3 0.000000
4 2 4 0.585669
4 2 5 0.000000
4 3 1 0.640640
4 3 2 0.660977
4 3 3 0.639372
4 3 4 0.000000
4 3 5 0.504872
4 4 1 0.644407
4 4 2 0.664744
4 4 3 0.000000
4 4 4 0.589897
4 4 5 0.000000
4 5 1 0.639594
4 5 2 0.000000
4 5 3 0.638326
4 5 4 0.000000
4 5 5 0.503825
4 6 1 0.642646
4 6 2 0.662983
4 6 3 0.000000
4 6 4 0.588136
4 6 5 0.506877
4 7 1 0.658517
4 7 2 0.678854
4 7 3 0.657249
4 7 4 0.000000
4 7 5 0.522748
4 8 1 0.642451
4 8 2 0.000000
4 8 3 0.641183
4 8 4 0.587941
4 8 5 0.000000
4 9 1 0.000000
4 9 2 0.651103
4 9 3 0.000000
4 9 4 0.576256
4 9 5 0.000000
4 10 1 0.637992
4 10 2 0.658329
4 10 3 0.636724
4 10 4 0.583482
4 10 5 0.502224
5 1 1 0.651651
5 1 2 0.000000
5 1 3 0.650383
5 1 4 0.000000
5 1 5 0.000000
5 2 1 0.000000
5 2 2 0.660516
5 2 3 0.000000
5 2 4 0.585669
5 2 5 0.000000
5 3 1 0.640640
5 3 2 0.660977
5 3 3 0.639372
5 3 4 0.000000
5 3 5 0.504872
5 4 1 0.644407
5 4 2 0.664744
5 4 3 0.000000
5 4 4 0.589897
5 4 5 0.000000
5 5 1 0.639594
5 5 2 0.000000
5 5 3 0.638326
5 5 4 0.000000
5 5 5 0.503825
5 6 1 0.642646
5 6 2 0.662983
5 6 3 0.000000
5 6 4 0.588136
5 6 5 0.506877
5 7 1 0.658517
5 7 2 0.678854
5 7 3 0.657249
5 7 4 0.000000
5 7 5 0.522748
5 8 1 0.642451
5 8 2 0.000000
5 8 3 0.641183
5 8 4 0.587941
5 8 5 0.000000
5 9 1 0.000000
5 9 2 0.651103
5 9 3 0.000000
5 9 4 0.576256
5 9 5 0.000000
5 10 1 0.637992
5 10 2 0.658329
5 10 3 0.636724
5 10 4 0.583482
5 10 5 0.502224
6 1 1 0.651651
6 1 2 0.000000
6 1 3 0.650383
6 1 4 0.000000
6 1 5 0.000000
6 2 1 0.000000
6 2 2 0.660516
6 2 3 0.000000
6 2 4 0.585669
6 2 5 0.000000
6 3 1 0.640640
6 3 2 0.660977
6 3 3 0.639372
6 3 4 0.000000
6 3 5 0.504872
6 4 1 0.644407
6 4 2 0.664744
6 4 3 0.000000
6 4 4 0.589897
6 4 5 0.000000
6 5 1 0.639594
6 5 2 0.000000
6 5 3 0.638326
6 5 4 0.000000
6 5 5 0.503825
6 6 1 0.642646
6 6 2 0.662983
6 6 3 0.000000
6 6 4 0.588136
6 6 5 0.506877
6 7 1 0.658517
6 7 2 0.678854
6 7 3 0.657249
6 7 4 0.000000
6 7 5 0.522748
6 8 1 0.642451
6 8 2 0.000000
6 8 3 0.641183
6 8 4 0.587941
6 8 5 0.000000
6 9 1 0.000000
6 9 2 0.651103
6 9 3 0.000000
6 9 4 0.576256
6 9 5 0.000000
6 10 1 0.637992
6 10 2 0.658329
6 10 3 0.636724
6 10 4 0.583482
6 10 5 0.502224
7 1 1 0.651651
7 1 2 0.000000
7 1 3 0.650383
7 1 4 0.000000
7 1 5 0.000000
7 2 1 0.000000
7 2 2 0.660516
7 2 3 0.000000
7 2 4 0.585669
7 2 5 0.000000
7 3 1 0.640640
7 3 2 0.660977
7 3 3 0.639372
7 3 4 0.000000
7 3 5 0.504872
7 4 1 0.644407
7 4 2 0.664744
7 4 3 0.000000
7 4 4 0.589897
7 4 5 0.000000
7 5 1 0.639594
7 5 2 0.000000
7 5 3 0.638326
7 5 4 0.000000
7 5 5 0.503825
7 6 1 0.642646
7 6 2 0.662983
7 6 3 0.000000
7 6 4 0.588136
7 6 5 0.506877
7 7 1 0.658517
7 7 2 0.678854
7 7 3 0.657249
7 7 4 0.000000
7 7 5 0.522748
7 8 1 0.642451
7 8 2 0.000000
7 8 3 0.641183
7 8 4 0.587941
7 8 5 0.000000
7 9 1 0.000000
7 9 2 0.651103
7 9 3 0.000000
7 9 4 0.576256
7 9 5 0.000000
7 10 1 0.637992
7 10 2 0.658329
7 10 3 0.636724
7 10 4 0.583482
7 10 5 0.502224
8 1 1 0.651651
8 1 2 0.000000
8 1 3 0.650383
8 1 4 0.000000
8 1 5 0.000000
8 2 1 0.000000
8 2 2 0.660516
8 2 3 0.000000
8 2 4 0.585669
8 2 5 0.000000
8 3 1 0.640640
8 3 2 0.660977
8 3 3 0.639372
8 3 4 0.000000
8 3 5 0.504872
8 4 1 0.644407
8 4 2 0.664744
8 4 3 0.000000
8 4 4 0.589897
8 4 5 0.000000
8 5 1 0.639594
8 5 2 0.000000
8 5 3 0.638326
8 5 4 0.000000
8 5 5 0.503825
8 6 1 0.642646
8 6 2 0.662983
8 6 3 0.000000
8 6 4 0.588136
8 6 5 0.506877
8 7 1 0.658517
8 7 2 0.678854
8 7 3 0.657249
8 7 4 0.000000
8 7 5 0.522748
8 8 1 0.642451
8 8 2 0.000000
8 8 3 0.641183
8 8 4 0.587941
8 8 5 0.000000
8 9 1 0.000000
8 9 2 0.651103
8 9 3 0.000000
8 9 4 0.576256
8 9 5 0.000000
8 10 1 0.637992
8 10 2 0.658329
8 10 3 0.636724
8 10 4 0.583482
8 10 5 0.502224
9 1 1 0.651651
9 1 2 0.000000
9 1 3 0.650383
9 1 4 0.000000
9 1 5 0.000000
9 2 1 0.000000
9 2 2 0.660516
9 2 3 0.000000
9 2 4 0.585669
9 2 5 0.000000
9 3 1 0.640640
9 3 2 0.660977
9 3 3 0.639372
9 3 4 0.000000
9 3 5 0.504872
9 4 1 0.644407
9 4 2 0.664744
9 4 3 0.000000
9 4 4 0.589897
9 4 5 0.000000
9 5 1 0.639594
9 5 2 0.000000
9 5 3 0.638326
9 5 4 0.000000
9 5 5 0.503825
9 6 1 0.642646
9 6 2 0.662983
9 6 3 0.000000
9 6 4 0.588136
9 6 5 0.506877
9 7 1 0.658517
9 7 2 0.678854
9 7 3 0.657249
9 7 4 0.000000
9 7 5 0.522748
9 8 1 0.642451
9 8 2 0.000000
9 8 3 0.641183
9 8 4 0.587941
9 8 5 0.000000
9 9 1 0.000000
9 9 2 0.651103
9 9 3 0.000000
9 9 4 0.576256
9 9 5 0.000000
9 10 1 0.637992
9 10 2 0.658329
9 10 3 0.636724
9 10 4 0.583482
9 10 5 0.502224
10 1 1 0.651651
10 1 2 0.000000
10 1 3 0.650383
10 1 4 0.000000
10 1 5 0.000000
10 2 1 0.000000
10 2 2 0.660516
10 2 3 0.000000
10 2 4 0.585669
10 2 5 0.000000
10 3 1 0.640640
10 3 2 0.660977
10 3 3 0.639372
10 3 4 0.000000
10 3 5 0.504872
10 4 1 0.644407
10 4 2 0.664744
10 4 3 0.000000
10 4 4 0.589897
10 4 5 0.000000
10 5 1 0.639594
10 5 2 0.000000
10 5 3 0.638326
10 5 4 0.000000
10 5 5 0.503825
10 6 1 0.642646
10 6 2 0.662983
10 6 3 0.000000
10 6 4 0.588136
10 6 5 0.506877
10 7 1 0.658517
10 7 2 0.678854
10 7 3 0.657249
10 7 4 0.000000
10 7 5 0.522748
10 8 1 0.642451
10 8 2 0.000000
10 8 3 0.641183
10 8 4 0.587941
10 8 5 0.000000
10 9 1 0.000000
10 9 2 0.651103
10 9 3 0.000000
10 9 4 0.576256
10 9 5 0.000000
10 10 1 0.637992
10 10 2 0.658329
10 10 3 0.636724
10 10 4 0.583482
10 10 5 0.502224
11 1 1 0.651651
11 1 2 0.000000
11 1 3 0.650383
11 1 4 0.000000
11 1 5 0.000000
11 2 1 0.000000
11 2 2 0.660516
11 2 3 0.000000
11 2 4 0.585669
11 2 5 0.000000
11 3 1 0.640640
11 3 2 0.660977
11 3 3 0.639372
11 3 4 0.000000
11 3 5 0.504872
11 4 1 0.644407
11 4 2 0.664744
11 4 3 0.000000
11 4 4 0.589897
11 4 5 0.000000
11 5 1 0.639594
11 5 2 0.000000
11 5 3 0.638326
11 5 4 0.000000
11 5 5 0.503825
11 6 1 0.642646
11 6 2 0.662983
11 6 3 0.000000
11 6 4 0.588136
11 6 5 0.506877
11 7 1 0.658517
11 7 2 0.678854
11 7 3 0.657249
11 7 4 0.000000
11 7 5 0.522748
11 8 1 0.642451
11 8 2 0.000000
11 8 3 0.641183
11 8 4 0.587941
11 8 5 0.000000
11 9 1 0.000000
11 9 2 0.651103
11 9 3 0.000000
11 9 4 0.576256
11 9 5 0.000000
11 10 1 0.637992
11 10 2 0.658329
11 10 3 0.636724
11 10 4 0.583482
11 10 5 0.502224
12 1 1 0.651651
12 1 2 0.000000
12 1 3 0.650383
12 1 4 0.000000
12 1 5 0.000000
12 2 1 0.000000
12 2 2 0.660516
12 2 3 0.000000
12 2 4 0.585669
12 2 5 0.000000
12 3 1 0.640640
12 3 2 0.660977
12 3 3 0.639372
12 3 4 0.000000
12 3 5 0.504872
12 4 1 0.644407
12 4 2 0.664744
12 4 3 0.000000
12 4 4 0.589897
12 4 5 0.000000
12 5 1 0.639594
12 5 2 0.000000
12 5 3 0.638326
12 5 4 0.000000
12 5 5 0.503825
12 6 1 0.642646
12 6 2 0.662983
12 6 3 0.000000
12 6 4 0.588136
12 6 5 0.506877
12 7 1 0.658517
12 7 2 0.678854
12 7 3 0.657249
12 7 4 0.000000
12 7 5 0.522748
12 8 1 0.642451
12 8 2 0.000000
12 8 3 0.641183
12 8 4 0.587941
12 8 5 0.000000
12 9 1 0.000000
12 9 2 0.651103
12 9 3 0.000000
12 9 4 0.576256
12 9 5 0.000000
12 10 1 0.637992
12 10 2 0.658329
12 10 3 0.636724
12 10 4 0.583482
12 10 5 0.502224
13 1 1 0.651651
13 1 2 0.000000
13 1 3 0.650383
13 1 4 0.000000
13 1 5 0.000000
13 2 1 0.000000
13 2 2 0.660516
13 2 3 0.000000
13 2 4 0.585669
13 2 5 0.000000
13 3 1 0.640640
13 3 2 0.660977
13 3 3 0.639372
13 3 4 0.000000
13 3 5 0.504872
13 4 1 0.644407
13 4 2 0.664744
13 4 3 0.000000
13 4 4 0.589897
13 4 5 0.000000
13 5 1 0.639594
13 5 2 0.000000
13 5 3 0.638326
13 5 4 0.000000
13 5 5 0.503825
13 6 1 0.642646
13 6 2 0.662983
13 6 3 0.000000
13 6 4 0.588136
13 6 5 0.506877
13 7 1 0.658517
13 7 2 0.678854
13 7 3 0.657249
13 7 4 0.000000
13 7 5 0.522748
13 8 1 0.642451
13 8 2 0.000000
13 8 3 0.641183
13 8 4 0.587941
13 8 5 0.000000
13 9 1 0.000000
13 9 2 0.651103
13 9 3 0.000000
13 9 4 0.576256
13 9 5 0.000000
13 10 1 0.637992
13 10 2 0.658329
13 10 3 0.636724
13 10 4 0.583482
13 10 5 0.502224
14 1 1 0.651651
14 1 2 0.000000
14 1 3 0.650383
14 1 4 0.000000
14 1 5 0.000000
14 2 1 0.000000
14 2 2 0.660516
14 2 3 0.000000
14 2 4 0.585669
14 2 5 0.000000
14 3 1 0.640640
14 3 2 0.660977
14 3 3 0.639372
14 3 4 0.000000
14 3 5 0.504872
14 4 1 0.644407
14 4 2 0.664744
14 4 3 0.000000
14 4 4 0.589897
14 4 5 0.000000
14 5 1 0.639594
14 5 2 0.000000
14 5 3 0.638326
14 5 4 0.000000
14 5 5 0.503825
14 6 1 0.642646
14 6 2 0.662983
14 6 3 0.000000
14 6 4 0.588136
14 6 5 0.506877
14 7 1 0.658517
14 7 2 0.678854
14 7 3 0.657249
14 7 4 0.000000
14 7 5 0.522748
14 8 1 0.642451
14 8 2 0.000000
14 8 3 0.641183
14 8 4 0.587941
14 8 5 0.000000
14 9 1 0.000000
14 9 2 0.651103
14 9 3 0.000000
14 9 4 0.576256
14 9 5 0.000000
14 10 1 0.637992
14 10 2 0.658329
14 10 3 0.636724
14 10 4 0.583482
14 10 5 0.502224
15 1 1 0.651651
15 1 2 0.000000
15 1 3 0.650383
15 1 4 0.000000
15 1 5 0.000000
15 2 1 0.000000
15 2 2 0.660516
15 2 3 0.000000
15 2 4 0.585669
15 2 5 0.000000
15 3 1 0.640640
15 3 2 0.660977
15 3 3 0.639372
15 3 4 0.000000
15 3 5 0.504872
15 4 1 0.644407
15 4 2 0.664744
15 4 3 0.000000
15 4 4 0.589897
15 4 5 0.000000
15 5 1 0.639594
15 5 2 0.000000
15 5 3 0.638326
15 5 4 0.000000
15 5 5 0.503825
15 6 1 0.642646
15 6 2 0.662983
15 6 3 0.000000
15 6 4 0.588136
15 6 5 0.506877
15 7 1 0.658517
15 7 2 0.678854
15 7 3 0.657249
15 7 4 0.000000
15 7 5 0.522748
15 8 1 0.642451
15 8 2 0.000000
15 8 3 0.641183
15 8 4 0.587941
15 8 5 0.000000
15 9 1 0.000000
15 9 2 0.651103
15 9 3 0.000000
15 9 4 0.576256
15 9 5 0.000000
15 10 1 0.637992
15 10 2 0.658329
15 10 3 0.636724
15 10 4 0.583482
15 10 5 0.502224
16 1 1 0.651651
16 1 2 0.000000
16 1 3 0.650383
16 1 4 0.000000
16 1 5 0.000000
16 2 1 0.000000
16 2 2 0.660516
16 2 3 0.000000
16 2 4 0.585669
16 2 5 0.000000
16 3 1 0.640640
16 3 2 0.660977
16 3 3 0.639372
16 3 4 0.000000
16 3 5 0.504872
16 4 1 0.644407
16 4 2 0.664744
16 4 3 0.000000
16 4 4 0.589897
16 4 5 0.000000
16 5 1 0.639594
16 5 2 0.000000
16 5 3 0.638326
16 5 4 0.000000
16 5 5 0.503825
16 6 1 0.642646
16 6 2 0.662983
16 6 3 0.000000
16 6 4 0.588136
16 6 5 0.506877
16 7 1 0.658517
16 7 2 0.678854
16 7 3 0.657249
16 7 4 0.000000
16 7 5 0.522748
16 8 1 0.642451
16 8 2 0.000000
16 8 3 0.641183
16 8 4 0.587941
16 8 5 0.000000
16 9 1 0.000000
16 9 2 0.651103
16 9 3 0.000000
16 9 4 0.576256
16 9 5 0.000000
16 10 1 0.637992
16 10 2 0.658329
16 10 3 0.636724
16 10 4 0.583482
16 10 5 0.502224
17 1 1 0.651651
17 1 2 0.000000
17 1 3 0.650383
17 1 4 0.000000
17 1 5 0.000000
17 2 1 0.000000
17 2 2 0.660516
17 2 3 0.000000
17 2 4 0.585669
17 2 5 0.000000
17 3 1 0.640640
17 3 2 0.660977
17 3 3 0.639372
17 3 4 0.000000
17 3 5 0.504872
17 4 1 0.644407
17 4 2 0.664744
17 4 3 0.000000
17 4 4 0.589897
17 4 5 0.000000
17 5 1 0.639594
17 5 2 0.000000
17 5 3 0.638326
17 5 4 0.000000
17 5 5 0.503825
17 6 1 0.642646
17 6 2 0.662983
17 6 3 0.000000
17 6 4 0.588136
17 6 5 0.506877
17 7 1 0.658517
17 7 2 0.678854
17 7 3 0.657249
17 7 4 0.000000
17 7 5 0.522748
17 8 1 0.642451
17 8 2 0.000000
17 8 3 0.641183
17 8 4 0.587941
17 8 5 0.000000
17 9 1 0.000000
17 9 2 0.651103
17 9 3 0.000000
17 9 4 0.576256
17 9 5 0.000000
17 10 1 0.637992
17 10 2 0.658329
17 10 3 0.636724
17 10 4 0.583482
17 10 5 0.502224
18 1 1 0.651651
18 1 2 0.000000
18 1 3 0.650383
18 1 4 0.000000
18 1 5 0.000000
18 2 1 0.000000
18 2 2 0.660516
18 2 3 0.000000
18 2 4 0.585669
18 2 5 0.000000
18 3 1 0.640640
18 3 2 0.660977
18 3 3 0.639372
18 3 4 0.000000
18 3 5 0.504872
18 4 1 0.644407
18 4 2 0.664744
18 4 3 0.000000
18 4 4 0.589897
18 4 5 0.000000
18 5 1 0.639594
18 5 2 0.000000
18 5 3 0.638326
18 5 4 0.000000
18 5 5 0.503825
18 6 1 0.642646
18 6 2 0.662983
18 6 3 0.000000
18 6 4 0.588136
18 6 5 0.506877
18 7 1 0.658517
18 7 2 0.678854
18 7 3 0.657249
18 7 4 0.000000
18 7 5 0.522748
18 8 1 0.642451
18 8 2 0.000000
18 8 3 0.641183
18 8 4 0.587941
18 8 5 0.000000
18 9 1 0.000000
18 9 2 0.651103
18 9 3 0.000000
18 9 4 0.576256
18 9 5 0.000000
18 10 1 0.637992
18 10 2 0.658329
18 10 3 0.636724
18 10 4 0.583482
18 10 5 0.502224
19 1 1 0.651651
19 1 2 0.000000
19 1 3 0.650383
19 1 4 0.000000
19 1 5 0.000000
19 2 1 0.000000
19 2 2 0.660516
19 2 3 0.000000
19 2 4 0.585669
19 2 5 0.000000
19 3 1 0.640640
19 3 2 0.660977
19 3 3 0.639372
19 3 4 0.000000
19 3 5 0.504872
19 4 1 0.644407
19 4 2 0.664744
19 4 3 0.000000
19 4 4 0.589897
19 4 5 0.000000
19 5 1 0.639594
19 5 2 0.000000
19 5 3 0.638326
19 5 4 0.000000
19 5 5 0.503825
19 6 1 0.642646
19 6 2 0.662983
19 6 3 0.000000
19 6 4 0.588136
19 6 5 0.506877
19 7 1 0.658517
19 7 2 0.678854
19 7 3 0.657249
19 7 4 0.000000
19 7 5 0.522748
19 8 1 0.642451
19 8 2 0.000000
19 8 3 0.641183
19 8 4 0.587941
19 8 5 0.000000
19 9 1 0.000000
19 9 2 0.651103
19 9 3 0.000000
19 9 4 0.576256
19 9 5 0.000000
19 10 1 0.637992
19 10 2 0.658329
19 10 3 0.636724
19 10 4 0.583482
19 10 5 0.502224
20 1 1 0.651651
20 1 2 0.000000
20 1 3 0.650383
20 1 4 0.000000
20 1 5 0.000000
20 2 1 0.000000
20 2 2 0.660516
20 2 3 0.000000
20 2 4 0.585669
20 2 5 0.000000
20 3 1 0.640640
20 3 2 0.660977
20 3 3 0.639372
20 3 4 0.000000
20 3 5 0.504872
20 4 1 0.644407
20 4 2 0.664744
20 4 3 0.000000
20 4 4 0.589897
20 4 5 0.000000
20 5 1 0.639594
20 5 2 0.000000
20 5 3 0.638326
20 5 4 0.000000
20 5 5 0.503825
20 6 1 0.642646
20 6 2 0.662983
20 6 3 0.000000
20 6 4 0.588136
20 6 5 0.506877
20 7 1 0.658517
20 7 2 0.678854
20 7 3 0.657249
20 7 4 0.000000
20 7 5 0.522748
20 8 1 0.642451
20 8 2 0.000000
20 8 3 0.641183
20 8 4 0.587941
20 8 5 0.000000
20 9 1 0.000000
20 9 2 0.651103
20 9 3 0.000000
20 9 4 0.576256
20 9 5 0.000000
20 10 1 0.637992
20 10 2 0.658329
20 10 3 0.636724
20 10 4 0.583482
20 10 5 0.502224
21 1 1 0.651651
21 1 2 0.000000
21 1 3 0.650383
21 1 4 0.000000
21 1 5 0.000000
21 2 1 0.000000
21 2 2 0.660516
21 2 3 0.000000
21 2 4 0.585669
21 2 5 0.000000
21 3 1 0.640640
21 3 2 0.660977
21 3 3 0.639372
21 3 4 0.000000
21 3 5 0.504872
21 4 1 0.644407
21 4 2 0.664744
21 4 3 0.000000
21 4 4 0.589897
21 4 5 0.000000
21 5 1 0.639594
21 5 2 0.000000
21 5 3 0.638326
21 5 4 0.000000
21 5 5 0.503825
21 6 1 0.642646
21 6 2 0.662983
21 6 3 0.000000
21 6 4 0.588136
21 6 5 0.506877
21 7 1 0.658517
21 7 2 0.678854
21 7 3 0.657249
21 7 4 0.000000
21 7 5 0.522748
21 8 1 0.642451
21 8 2 0.000000
21 8 3 0.641183
21 8 4 0.587941
21 8 5 0.000000
21 9 1 0.000000
21 9 2 0.651103
21 9 3 0.000000
21 9 4 0.576256
21 9 5 0.000000
21 10 1 0.637992
21 10 2 0.658329
21 10 3 0.636724
21 10 4 0.583482
21 10 5 0.502224
22 1 1 0.651651
22 1 2 0.000000
22 1 3 0.650383
22 1 4 0.000000
22 1 5 0.000000
22 2 1 0.000000
22 2 2 0.660516
22 2 3 0.000000
22 2 4 0.585669
22 2 5 0.000000
22 3 1 0.640640
22 3 2 0.660977
22 3 3 0.639372
22 3 4 0.000000
22 3 5 0.504872
22 4 1 0.644407
22 4 2 0.664744
22 4 3 0.000000
22 4 4 0.589897
22 4 5 0.000000
22 5 1 0.639594
22 5 2 0.000000
22 5 3 0.638326
22 5 4 0.000000
22 5 5 0.503825
22 6 1 0.642646
22 6 2 0.662983
22 6 3 0.000000
22 6 4 0.588136
22 6 5 0.506877
22 7 1 0.658517
22 7 2 0.678854
22 7 3 0.657249
22 7 4 0.000000
22 7 5 0.522748
22 8 1 0.642451
22 8 2 0.000000
22 8 3 0.641183
22 8 4 0.587941
22 8 5 0.000000
22 9 1 0.000000
22 9 2 0.651103
22 9 3 0.000000
22 9 4 0.576256
22 9 5 0.000000
22 10 1 0.637992
22 10 2 0.658329
22 10 3 0.636724
22 10 4 0.583482
22 10 5 0.502224
23 1 1 0.651651
23 1 2 0.000000
23 1 3 0.650383
23 1 4 0.000000
23 1 5 0.000000
23 2 1 0.000000
23 2 2 0.660516
23 2 3 0.000000
23 2 4 0.585669
23 2 5 0.000000
23 3 1 0.640640
23 3 2 0.660977
23 3 3 0.639372
23 3 4 0.000000
23 3 5 0.504872
23 4 1 0.644407
23 4 2 0.664744
23 4 3 0.000000
23 4 4 0.589897
23 4 5 0.000000
23 5 1 0.639594
23 5 2 0.000000
23 5 3 0.638326
23 5 4 0.000000
23 5 5 0.503825
23 6 1 0.642646
23 6 2 0.662983
23 6 3 0.000000
23 6 4 0.588136
23 6 5 0.506877
23 7 1 0.658517
23 7 2 0.678854
23 7 3 0.657249
23 7 4 0.000000
23 7 5 0.522748
23 8 1 0.642451
23 8 2 0.000000
23 8 3 0.641183
23 8 4 0.587941
23 8 5 0.000000
23 9 1 0.000000
23 9 2 0.651103
23 9 3 0.000000
23 9 4 0.576256
23 9 5 0.000000
23 10 1 0.637992
23 10 2 0.658329
23 10 3 0.636724
23 10 4 0.583482
23 10 5 0.502224
24 1 1 0.651651
24 1 2 0.000000
24 1 3 0.650383
24 1 4 0.000000
24 1 5 0.000000
24 2 1 0.000000
24 2 2 0.660516
24 2 3 0.000000
24 2 4 0.585669
24 2 5 0.000000
24 3 1 0.640640
24 3 2 0.660977
24 3 3 0.639372
24 3 4 0.000000
24 3 5 0.504872
24 4 1 0.644407
24 4 2 0.664744
24 4 3 0.000000
24 4 4 0.589897
24 4 5 0.000000
24 5 1 0.639594
24 5 2 0.000000
24 5 3 0.638326
24 5 4 0.000000
24 5 5 0.503825
24 6 1 0.642646
24 6 2 0.662983
24 6 3 0.000000
24 6 4 0.588136
24 6 5 0.506877
24 7 1 0.658517
24 7 2 0.678854
24 7 3 0.657249
24 7 4 0.000000
24 7 5 0.522748
24 8 1 0.642451
24 8 2 0.000000
24 8 3 0.641183
24 8 4 0.587941
24 8 5 0.000000
24 9 1 0.000000
24 9 2 0.651103
24 9 3 0.000000
24 9 4 0.576256
24 9 5 0.000000
24 10 1 0.637992
24 10 2 0.658329
24 10 3 0.636724
24 10 4 0.583482
24 10 5 0.502224
25 1 1 0.651651
25 1 2 0.000000
25 1 3 0.650383
25 1 4 0.000000
25 1 5 0.000000
25 2 1 0.000000
25 2 2 0.660516
25 2 3 0.000000
25 2 4 0.585669
25 2 5 0.000000
25 3 1 0.640640
25 3 2 0.660977
25 3 3 0.639372
25 3 4 0.000000
25 3 5 0.504872
25 4 1 0.644407
25 4 2 0.664744
25 4 3 0.000000
25 4 4 0.589897
25 4 5 0.000000
25 5 1 0.639594
25 5 2 0.000000
25 5 3 0.638326
25 5 4 0.000000
25 5 5 0.503825
25 6 1 0.642646
25 6 2 0.662983
25 6 3 0.000000
25 6 4 0.588136
25 6 5 0.506877
25 7 1 0.658517
25 7 2 0.678854
25 7 3 0.657249
25 7 4 0.000000
25 7 5 0.522748
25 8 1 0.642451
25 8 2 0.000000
25 8 3 0.641183
25 8 4 0.587941
25 8 5 0.000000
25 9 1 0.000000
25 9 2 0.651103
25 9 3 0.000000
25 9 4 0.576256
25 9 5 0.000000
25 10 1 0.637992
25 10 2 0.658329
25 10 3 0.636724
25 10 4 0.583482
25 10 5 0.502224
26 1 1 0.651651
26 1 2 0.000000
26 1 3 0.650383
26 1 4 0.000000
26 1 5 0.000000
26 2 1 0.000000
26 2 2 0.660516
26 2 3 0.000000
26 2 4 0.585669
26 2 5 0.000000
26 3 1 0.640640
26 3 2 0.660977
26 3 3 0.639372
26 3 4 0.000000
26 3 5 0.504872
26 4 1 0.644407
26 4 2 0.664744
26 4 3 0.000000
26 4 4 0.589897
26 4 5 0.000000
26 5 1 0.639594
26 5 2 0.000000
26 5 3 0.638326
26 5 4 0.000000
26 5 5 0.503825
26 6 1 0.642646
26 6 2 0.662983
26 6 3 0.000000
26 6 4 0.588136
26 6 5 0.506877
26 7 1 0.658517
26 7 2 0.678854
26 7 3 0.657249
26 7 4 0.000000
26 7 5 0.522748
26 8 1 0.642451
26 8 2 0.000000
26 8 3 0.641183
26 8 4 0.587941
26 8 5 0.000000
26 9 1 0.000000
26 9 2 0.651103
26 9 3 0.000000
26 9 4 0.576256
26 9 5 0.000000
26 10 1 0.637992
26 10 2 0.658329
26 10 3 0.636724
26 10 4 0.583482
26 10 5 0.502224
27 1 1 0.651651
27 1 2 0.000000
27 1 3 0.650383
27 1 4 0.000000
27 1 5 0.000000
27 2 1 0.000000
27 2 2 0.660516
27 2 3 0.000000
27 2 4 0.585669
27 2 5 0.000000
27 3 1 0.640640
27 3 2 0.660977
27 3 3 0.639372
27 3 4 0.000000
27 3 5 0.504872
27 4 1 0.644407
27 4 2 0.664744
27 4 3 0.000000
27 4 4 0.589897
27 4 5 0.000000
27 5 1 0.639594
27 5 2 0.000000
27 5 3 0.638326
27 5 4 0.000000
27 5 5 0.503825
27 6 1 0.642646
27 6 2 0.662983
27 6 3 0.000000
27 6 4 0.588136
27 6 5 0.506877
27 7 1 0.658517
27 7 2 0.678854
27 7 3 0.657249
27 7 4 0.000000
27 7 5 0.522748
27 8 1 0.642451
27 8 2 0.000000
27 8 3 0.641183
27 8 4 0.587941
27 8 5 0.000000
27 9 1 0.000000
27 9 2 0.651103
27 9 3 0.000000
27 9 4 0.576256
27 9 5 0.000000
27 10 1 0.637992
27 10 2 0.658329
27 10 3 0.636724
27 10 4 0.583482
27 10 5 0.502224
28 1 1 0.651651
28 1 2 0.000000
28 1 3 0.650383
28 1 4 0.000000
28 1 5 0.000000
28 2 1 0.000000
28 2 2 0.660516
28 2 3 0.000000
28 2 4 0.585669
28 2 5 0.000000
28 3 1 0.640640
28 3 2 0.660977
28 3 3 0.639372
28 3 4 0.000000
28 3 5 0.504872
28 4 1 0.644407
28 4 2 0.664744
28 4 3 0.000000
28 4 4 0.589897
28 4 5 0.000000
28 5 1 0.639594
28 5 2 0.000000
28 5 3 0.638326
28 5 4 0.000000
28 5 5 0.503825
28 6 1 0.642646
28 6 2 0.662983
28 6 3 0.000000
28 6 4 0.588136
28 6 5 0.506877
28 7 1 0.658517
28 7 2 0.678854
28 7 3 0.657249
28 7 4 0.000000
28 7 5 0.522748
28 8 1 0.642451
28 8 2 0.000000
28 8 3 0.641183
28 8 4 0.587941
28 8 5 0.000000
28 9 1 0.000000
28 9 2 0.651103
28 9 3 0.000000
28 9 4 0.576256
28 9 5 0.000000
28 10 1 0.637992
28 10 2 0.658329
28 10 3 0.636724
28 10 4 0.583482
28 10 5 0.502224
29 1 1 0.651651
29 1 2 0.000000
29 1 3 0.650383
29 1 4 0.000000
29 1 5 0.000000
29 2 1 0.000000
29 2 2 0.660516
29 2 3 0.000000
29 2 4 0.585669
29 2 5 0.000000
29 3 1 0.640640
29 3 2 0.660977
29 3 3 0.639372
29 3 4 0.000000
29 3 5 0.504872
29 4 1 0.644407
29 4 2 0.664744
29 4 3 0.000000
29 4 4 0.589897
29 4 5 0.000000
29 5 1 0.639594
29 5 2 0.000000
29 5 3 0.638326
29 5 4 0.000000
29 5 5 0.503825
29 6 1 0.642646
29 6 2 0.662983
29 6 3 0.000000
29 6 4 0.588136
29 6 5 0.506877
29 7 1 0.658517
29 7 2 0.678854
29 7 3 0.657249
29 7 4 0.000000
29 7 5 0.522748
29 8 1 0.642451
29 8 2 0.000000
29 8 3 0.641183
29 8 4 0.587941
29 8 5 0.000000
29 9 1 0.000000
29 9 2 0.651103
29 9 3 0.000000
29 9 4 0.576256
29 9 5 0.000000
29 10 1 0.637992
29 10 2 0.658329
29 10 3 0.636724
29 10 4 0.583482
29 10 5 0.502224
30 1 1 0.651651
30 1 2 0.000000
30 1 3 0.650383
30 1 4 0.000000
30 1 5 0.000000
30 2 1 0.000000
30 2 2 0.660516
30 2 3 0.000000
30 2 4 0.585669
30 2 5 0.000000
30 3 1 0.640640
30 3 2 0.660977
30 3 3 0.639372
30 3 4 0.000000
30 3 5 0.504872
30 4 1 0.644407
30 4 2 0.664744
30 4 3 0.000000
30 4 4 0.589897
30 4 5 0.000000
30 5 1 0.639594
30 5 2 0.000000
30 5 3 0.638326
30 5 4 0.000000
30 5 5 0.503825
30 6 1 0.642646
30 6 2 0.662983
30 6 3 0.000000
30 6 4 0.588136
30 6 5 0.506877
30 7 1 0.658517
30 7 2 0.678854
30 7 3 0.657249
30 7 4 0.000000
30 7 5 0.522748
30 8 1 0.642451
30 8 2 0.000000
30 8 3 0.641183
30 8 4 0.587941
30 8 5 0.000000
30 9 1 0.000000
30 9 2 0.651103
30 9 3 0.000000
30 9 4 0.576256
30 9 5 0.000000
30 10 1 0.637992
30 10 2 0.658329
30 10 3 0.636724
30 10 4 0.583482
30 10 5 0.502224
31 1 1 0.651651
31 1 2 0.000000
31 1 3 0.650383
31 1 4 0.000000
31 1 5 0.000000
31 2 1 0.000000
31 2 2 0.660516
31 2 3 0.000000
31 2 4 0.585669
31 2 5 0.000000
31 3 1 0.640640
31 3 2 0.660977
31 3 3 0.639372
31 3 4 0.000000
31 3 5 0.504872
31 4 1 0.644407
31 4 2 0.664744
31 4 3 0.000000
31 4 4 0.589897
31 4 5 0.000000
31 5 1 0.639594
31 5 2 0.000000
31 5 3 0.638326
31 5 4 0.000000
31 5 5 0.503825
31 6 1 0.642646
31 6 2 0.662983
31 6 3 0.000000
31 6 4 0.588136
31 6 5 0.506877
31 7 1 0.658517
31 7 2 0.678854
31 7 3 0.657249
31 7 4 0.000000
31 7 5 0.522748
31 8 1 0.642451
31 8 2 0.000000
31 8 3 0.641183
31 8 4 0.587941
31 8 5 0.000000
31 9 1 0.000000
31 9 2 0.651103
31 9 3 0.000000
31 9 4 0.576256
31 9 5 0.000000
31 10 1 0.637992
31 10 2 0.658329
31 10 3 0.636724
31 10 4 0.583482
31 10 5 0.502224
32 1 1 0.651651
32 1 2 0.000000
32 1 3 0.650383
32 1 4 0.000000
32 1 5 0.000000
32 2 1 0.000000
32 2 2 0.660516
32 2 3 0.000000
32 2 4 0.585669
32 2 5 0.000000
32 3 1 0.640640
32 3 2 0.660977
32 3 3 0.639372
32 3 4 0.000000
32 3 5 0.504872
32 4 1 0.644407
32 4 2 0.664744
32 4 3 0.000000
32 4 4 0.589897
32 4 5 0.000000
32 5 1 0.639594
32 5 2 0.000000
32 5 3 0.638326
32 5 4 0.000000
32 5 5 0.503825
32 6 1 0.642646
32 6 2 0.662983
32 6 3 0.000000
32 6 4 0.588136
32 6 5 0.506877
32 7 1 0.658517
32 7 2 0.678854
32 7 3 0.657249
32 7 4 0.000000
32 7 5 0.522748
32 8 1 0.642451
32 8 2 0.000000
32 8 3 0.641183
32 8 4 0.587941
32 8 5 0.000000
32 9 1 0.000000
32 9 2 0.651103
32 9 3 0.000000
32 9 4 0.576256
32 9 5 0.000000
32 10 1 0.637992
32 10 2 0.658329
32 10 3 0.636724
32 10 4 0.583482
32 10 5 0.502224
33 1 1 0.651651
33 1 2 0.000000
33 1 3 0.650383
33 1 4 0.000000
33 1 5 0.000000
33 2 1 0.000000
33 2 2 0.660516
33 2 3 0.000000
33 2 4 0.585669
33 2 5 0.000000
33 3 1 0.640640
33 3 2 0.660977
33 3 3 0.639372
33 3 4 0.000000
33 3 5 0.504872
33 4 1 0.644407
33 4 2 0.664744
33 4 3 0.000000
33 4 4 0.589897
33 4 5 0.000000
33 5 1 0.639594
33 5 2 0.000000
33 5 3 0.638326
33 5 4 0.000000
33 5 5 0.503825
33 6 1 0.642646
33 6 2 0.662983
33 6 3 0.000000
33 6 4 0.588136
33 6 5 0.506877
33 7 1 0.658517
33 7 2 0.678854
33 7 3 0.657249
33 7 4 0.000000
33 7 5 0.522748
33 8 1 0.642451
33 8 2 0.000000
33 8 3 0.641183
33 8 4 0.587941
33 8 5 0.000000
33 9 1 0.000000
33 9 2 0.651103
33 9 3 0.000000
33 9 4 0.576256
33 9 5 0.000000
33 10 1 0.637992
33 10 2 0.658329
33 10 3 0.636724
33 10 4 0.583482
33 10 5 0.502224
34 1 1 0.651651
34 1 2 0.000000
34 1 3 0.650383
34 1 4 0.000000
34 1 5 0.000000
34 2 1 0.000000
34 2 2 0.660516
34 2 3 0.000000
34 2 4 0.585669
34 2 5 0.000000
34 3 1 0.640640
34 3 2 0.660977
34 3 3 0.639372
34 3 4 0.000000
34 3 5 0.504872
34 4 1 0.644407
34 4 2 0.664744
34 4 3 0.000000
34 4 4 0.589897
34 4 5 0.000000
34 5 1 0.639594
34 5 2 0.000000
34 5 3 0.638326
34 5 4 0.000000
34 5 5 0.503825
34 6 1 0.642646
34 6 2 0.662983
34 6 3 0.000000
34 6 4 0.588136
34 6 5 0.506877
34 7 1 0.658517
34 7 2 0.678854
34 7 3 0.657249
34 7 4 0.000000
34 7 5 0.522748
34 8 1 0.642451
34 8 2 0.000000
34 8 3 0.641183
34 8 4 0.587941
34 8 5 0.000000
34 9 1 0.000000
34 9 2 0.651103
34 9 3 0.000000
34 9 4 0.576256
34 9 5 0.000000
34 10 1 0.637992
34 10 2 0.658329
34 10 3 0.636724
34 10 4 0.583482
34 10 5 0.502224
35 1 1 0.651651
35 1 2 0.000000
35 1 3 0.650383
35 1 4 0.000000
35 1 5 0.000000
35 2 1 0.000000
35 2 2 0.660516
35 2 3 0.000000
35 2 4 0.585669
35 2 5 0.000000
35 3 1 0.640640
35 3 2 0.660977
35 3 3 0.639372
35 3 4 0.000000
35 3 5 0.504872
35 4 1 0.644407
35 4 2 0.664744
35 4 3 0.000000
35 4 4 0.589897
35 4 5 0.000000
35 5 1 0.639594
35 5 2 0.000000
35 5 3 0.638326
35 5 4 0.000000
35 5 5 0.503825
35 6 1 0.642646
35 6 2 0.662983
35 6 3 0.000000
35 6 4 0.588136
35 6 5 0.506877
35 7 1 0.658517
35 7 2 0.678854
35 7 3 0.657249
35 7 4 0.000000
35 7 5 0.522748
35 8 1 0.642451
35 8 2 0.000000
35 8 3 0.641183
35 8 4 0.587941
35 8 5 0.000000
35 9 1 0.000000
35 9 2 0.651103
35 9 3 0.000000
35 9 4 0.576256
35 9 5 0.000000
35 10 1 0.637992
35 10 2 0.658329
35 10 3 0.636724
35 10 4 0.583482
35 10 5 0.502224
36 1 1 0.651651
36 1 2 0.000000
36 1 3 0.650383
36 1 4 0.000000
36 1 5 0.000000
36 2 1 0.000000
36 2 2 0.660516
36 2 3 0.000000
36 2 4 0.585669
36 2 5 0.000000
36 3 1 0.640640
36 3 2 0.660977
36 3 3 0.639372
36 3 4 0.000000
36 3 5 0.504872
36 4 1 0.644407
36 4 2 0.664744
36 4 3 0.000000
36 4 4 0.589897
36 4 5 0.000000
36 5 1 0.639594
36 5 2 0.000000
36 5 3 0.638326
36 5 4 0.000000
36 5 5 0.503825
36 6 1 0.642646
36 6 2 0.662983
36 6 3 0.000000
36 6 4 0.588136
36 6 5 0.506877
36 7 1 0.658517
36 7 2 0.678854
36 7 3 0.657249
36 7 4 0.000000
36 7 5 0.522748
36 8 1 0.642451
36 8 2 0.000000
36 8 3 0.641183
36 8 4 0.587941
36 8 5 0.000000
36 9 1 0.000000
36 9 2 0.651103
36 9 3 0.000000
36 9 4 0.576256
36 9 5 0.000000
36 10 1 0.637992
36 10 2 0.658329
36 10 3 0.636724
36 10 4 0.583482
36 10 5 0.502224
37 1 1 0.651651
37 1 2 0.000000
37 1 3 0.650383
37 1 4 0.000000
37 1 5 0.000000
37 2 1 0.000000
37 2 2 0.660516
37 2 3 0.000000
37 2 4 0.585669
37 2 5 0.000000
37 3 1 0.640640
37 3 2 0.660977
37 3 3 0.639372
37 3 4 0.000000
37 3 5 0.504872
37 4 1 0.644407
37 4 2 0.664744
37 4 3 0.000000
37 4 4 0.589897
37 4 5 0.000000
37 5 1 0.639594
37 5 2 0.000000
37 5 3 0.638326
37 5 4 0.000000
37 5 5 0.503825
37 6 1 0.642646
37 6 2 0.662983
37 6 3 0.000000
37 6 4 0.588136
37 6 5 0.506877
37 7 1 0.658517
37 7 2 0.678854
37 7 3 0.657249
37 7 4 0.000000
37 7 5 0.522748
37 8 1 0.642451
37 8 2 0.000000
37 8 3 0.641183
37 8 4 0.587941
37 8 5 0.000000
37 9 1 0.000000
37 9 2 0.651103
37 9 3 0.000000
37 9 4 0.576256
37 9 5 0.000000
37 10 1 0.637992
37 10 2 0.658329
37 10 3 0.636724
37 10 4 0.583482
37 10 5 0.502224
38 1 1 0.651651
38 1 2 0.000000
38 1 3 0.650383
38 1 4 0.000000
38 1 5 0.000000
38 2 1 0.000000
38 2 2 0.660516
38 2 3 0.000000
38 2 4 0.585669
38 2 5 0.000000
38 3 1 0.640640
38 3 2 0.660977
38 3 3 0.639372
38 3 4 0.000000
38 3 5 0.504872
38 4 1 0.644407
38 4 2 0.664744
38 4 3 0.000000
38 4 4 0.589897
38 4 5 0.000000
38 5 1 0.639594
38 5 2 0.000000
38 5 3 0.638326
38 5 4 0.000000
38 5 5 0.503825
38 6 1 0.642646
38 6 2 0.662983
38 6 3 0.000000
38 6 4 0.588136
38 6 5 0.506877
38 7 1 0.658517
38 7 2 0.678854
38 7 3 0.657249
38 7 4 0.000000
38 7 5 0.522748
38 8 1 0.642451
38 8 2 0.000000
38 8 3 0.641183
38 8 4 0.587941
38 8 5 0.000000
38 9 1 0.000000
38 9 2 0.651103
38 9 3 0.000000
38 9 4 0.576256
38 9 5 0.000000
38 10 1 0.637992
38 10 2 0.658329
38 10 3 0.636724
38 10 4 0.583482
38 10 5 0.502224
39 1 1 0.651651
39 1 2 0.000000
39 1 3 0.650383
39 1 4 0.000000
39 1 5 0.000000
39 2 1 0.000000
39 2 2 0.660516
39 2 3 0.000000
39 2 4 0.585669
39 2 5 0.000000
39 3 1 0.640640
39 3 2 0.660977
39 3 3 0.639372
39 3 4 0.000000
39 3 5 0.504872
39 4 1 0.644407
39 4 2 0.664744
39 4 3 0.000000
39 4 4 0.589897
39 4 5 0.000000
39 5 1 0.639594
39 5 2 0.000000
39 5 3 0.638326
39 5 4 0.000000
39 5 5 0.503825
39 6 1 0.642646
39 6 2 0.662983
39 6 3 0.000000
39 6 4 0.588136
39 6 5 0.506877
39 7 1 0.658517
39 7 2 0.678854
39 7 3 0.657249
39 7 4 0.000000
39 7 5 0.522748
39 8 1 0.642451
39 8 2 0.000000
39 8 3 0.641183
39 8 4 0.587941
39 8 5 0.000000
39 9 1 0.000000
39 9 2 0.651103
39 9 3 0.000000
39 9 4 0.576256
39 9 5 0.000000
39 10 1 0.637992
39 10 2 0.658329
39 10 3 0.636724
39 10 4 0.583482
39 10 5 0.502224
40 1 1 0.651651
40 1 2 0.000000
40 1 3 0.650383
40 1 4 0.000000
40 1 5 0.000000
40 2 1 0.000000
40 2 2 0.660516
40 2 3 0.000000
40 2 4 0.585669
40 2 5 0.000000
40 3 1 0.640640
40 3 2 0.660977
40 3 3 0.639372
40 3 4 0.000000
40 3 5 0.504872
40 4 1 0.644407
40 4 2 0.664744
40 4 3 0.000000
40 4 4 0.589897
40 4 5 0.000000
40 5 1 0.639594
40 5 2 0.000000
40 5 3 0.638326
40 5 4 0.000000
40 5 5 0.503825
40 6 1 0.642646
40 6 2 0.662983
40 6 3 0.000000
40 6 4 0.588136
40 6 5 0.506877
40 7 1 0.658517
40 7 2 0.678854
40 7 3 0.657249
40 7 4 0.000000
40 7 5 0.522748
40 8 1 0.642451
40 8 2 0.000000
40 8 3 0.641183
40 8 4 0.587941
40 8 5 0.000000
40 9 1 0.000000
40 9 2 0.651103
40 9 3 0.000000
40 9 4 0.576256
40 9 5 0.000000
40 10 1 0.637992
40 10 2 0.658329
40 10 3 0.636724
40 10 4 0.583482
40 10 5 0.502224
41 1 1 0.651651
41 1 2 0.000000
41 1 3 0.650383
41 1 4 0.000000
41 1 5 0.000000
41 2 1 0.000000
41 2 2 0.660516
41 2 3 0.000000
41 2 4 0.585669
41 2 5 0.000000
41 3 1 0.640640
41 3 2 0.660977
41 3 3 0.639372
41 3 4 0.000000
41 3 5 0.504872
41 4 1 0.644407
41 4 2 0.664744
41 4 3 0.000000
41 4 4 0.589897
41 4 5 0.000000
41 5 1 0.639594
41 5 2 0.000000
41 5 3 0.638326
41 5 4 0.000000
41 5 5 0.503825
41 6 1 0.642646
41 6 2 0.662983
41 6 3 0.000000
41 6 4 0.588136
41 6 5 0.506877
41 7 1 0.658517
41 7 2 0.678854
41 7 3 0.657249
41 7 4 0.000000
41 7 5 0.522748
41 8 1 0.642451
41 8 2 0.000000
41 8 3 0.641183
41 8 4 0.587941
41 8 5 0.000000
41 9 1 0.000000
41 9 2 0.651103
41 9 3 0.000000
41 9 4 0.576256
41 9 5 0.000000
41 10 1 0.637992
41 10 2 0.658329
41 10 3 0.636724
41 10 4 0.583482
41 10 5 0.502224
42 1 1 0.651651
42 1 2 0.000000
42 1 3 0.650383
42 1 4 0.000000
42 1 5 0.000000
42 2 1 0.000000
42 2 2 0.660516
42 2 3 0.000000
42 2 4 0.585669
42 2 5 0.000000
42 3 1 0.640640
42 3 2 0.660977
42 3 3 0.639372
42 3 4 0.000000
42 3 5 0.504872
42 4 1 0.644407
42 4 2 0.664744
42 4 3 0.000000
42 4 4 0.589897
42 4 5 0.000000
42 5 1 0.639594
42 5 2 0.000000
42 5 3 0.638326
42 5 4 0.000000
42 5 5 0.503825
42 6 1 0.642646
42 6 2 0.662983
42 6 3 0.000000
42 6 4 0.588136
42 6 5 0.506877
42 7 1 0.658517
42 7 2 0.678854
42 7 3 0.657249
42 7 4 0.000000
42 7 5 0.522748
42 8 1 0.642451
42 8 2 0.000000
42 8 3 0.641183
42 8 4 0.587941
42 8 5 0.000000
42 9 1 0.000000
42 9 2 0.651103
42 9 3 0.000000
42 9 4 0.576256
42 9 5 0.000000
42 10 1 0.637992
42 10 2 0.658329
42 10 3 0.636724
42 10 4 0.583482
42 10 5 0.502224
43 1 1 0.651651
43 1 2 0.000000
43 1 3 0.650383
43 1 4 0.000000
43 1 5 0.000000
43 2 1 0.000000
43 2 2 0.660516
43 2 3 0.000000
43 2 4 0.585669
43 2 5 0.000000
43 3 1 0.640640
43 3 2 0.660977
43 3 3 0.639372
43 3 4 0.000000
43 3 5 0.504872
43 4 1 0.644407
43 4 2 0.664744
43 4 3 0.000000
43 4 4 0.589897
43 4 5 0.000000
43 5 1 0.639594
43 5 2 0.000000
43 5 3 0.638326
43 5 4 0.000000
43 5 5 0.503825
43 6 1 0.642646
43 6 2 0.662983
43 6 3 0.000000
43 6 4 0.588136
43 6 5 0.506877
43 7 1 0.658517
43 7 2 0.678854
43 7 3 0.657249
43 7 4 0.000000
43 7 5 0.522748
43 8 1 0.642451
43 8 2 0.000000
43 8 3 0.641183
43 8 4 0.587941
43 8 5 0.000000
43 9 1 0.000000
43 9 2 0.651103
43 9 3 0.000000
43 9 4 0.576256
43 9 5 0.000000
43 10 1 0.637992
43 10 2 0.658329
43 10 3 0.636724
43 10 4 0.583482
43 10 5 0.502224
44 1 1 0.651651
44 1 2 0.000000
44 1 3 0.650383
44 1 4 0.000000
44 1 5 0.000000
44 2 1 0.000000
44 2 2 0.660516
44 2 3 0.000000
44 2 4 0.585669
44 2 5 0.000000
44 3 1 0.640640
44 3 2 0.660977
44 3 3 0.639372
44 3 4 0.000000
44 3 5 0.504872
44 4 1 0.644407
44 4 2 0.664744
44 4 3 0.000000
44 4 4 0.589897
44 4 5 0.000000
44 5 1 0.639594
44 5 2 0.000000
44 5 3 0.638326
44 5 4 0.000000
44 5 5 0.503825
44 6 1 0.642646
44 6 2 0.662983
44 6 3 0.000000
44 6 4 0.588136
44 6 5 0.506877
44 7 1 0.658517
44 7 2 0.678854
44 7 3 0.657249
44 7 4 0.000000
44 7 5 0.522748
44 8 1 0.642451
44 8 2 0.000000
44 8 3 0.641183
44 8 4 0.587941
44 8 5 0.000000
44 9 1 0.000000
44 9 2 0.651103
44 9 3 0.000000
44 9 4 0.576256
44 9 5 0.000000
44 10 1 0.637992
44 10 2 0.658329
44 10 3 0.636724
44 10 4 0.583482
44 10 5 0.502224
45 1 1 0.651651
45 1 2 0.000000
45 1 3 0.650383
45 1 4 0.000000
45 1 5 0.000000
45 2 1 0.000000
45 2 2 0.660516
45 2 3 0.000000
45 2 4 0.585669
45 2 5 0.000000
45 3 1 0.640640
45 3 2 0.660977
45 3 3 0.639372
45 3 4 0.000000
45 3 5 0.504872
45 4 1 0.644407
45 4 2 0.664744
45 4 3 0.000000
45 4 4 0.589897
45 4 5 0.000000
45 5 1 0.639594
45 5 2 0.000000
45 5 3 0.638326
45 5 4 0.000000
45 5 5 0.503825
45 6 1 0.642646
45 6 2 0.662983
45 6 3 0.000000
45 6 4 0.588136
45 6 5 0.506877
45 7 1 0.658517
45 7 2 0.678854
45 7 3 0.657249
45 7 4 0.000000
45 7 5 0.522748
45 8 1 0.642451
45 8 2 0.000000
45 8 3 0.641183
45 8 4 0.587941
45 8 5 0.000000
45 9 1 0.000000
45 9 2 0.651103
45 9 3 0.000000
45 9 4 0.576256
45 9 5 0.000000
45 10 1 0.637992
45 10 2 0.658329
45 10 3 0.636724
45 10 4 0.583482
45 10 5 0.502224
46 1 1 0.651651
46 1 2 0.000000
46 1 3 0.650383
46 1 4 0.000000
46 1 5 0.000000
46 2 1 0.000000
46 2 2 0.660516
46 2 3 0.000000
46 2 4 0.585669
46 2 5 0.000000
46 3 1 0.640640
46 3 2 0.660977
46 3 3 0.639372
46 3 4 0.000000
46 3 5 0.504872
46 4 1 0.644407
46 4 2 0.664744
46 4 3 0.000000
46 4 4 0.589897
46 4 5 0.000000
46 5 1 0.639594
46 5 2 0.000000
46 5 3 0.638326
46 5 4 0.000000
46 5 5 0.503825
46 6 1 0.642646
46 6 2 0.662983
46 6 3 0.000000
46 6 4 0.588136
46 6 5 0.506877
46 7 1 0.658517
46 7 2 0.678854
46 7 3 0.657249
46 7 4 0.000000
46 7 5 0.522748
46 8 1 0.642451
46 8 2 0.000000
46 8 3 0.641183
46 8 4 0.587941
46 8 5 0.000000
46 9 1 0.000000
46 9 2 0.651103
46 9 3 0.000000
46 9 4 0.576256
46 9 5 0.000000
46 10 1 0.637992
46 10 2 0.658329
46 10 3 0.636724
46 10 4 0.583482
46 10 5 0.502224
47 1 1 0.651651
47 1 2 0.000000
47 1 3 0.650383
47 1 4 0.000000
47 1 5 0.000000
47 2 1 0.000000
47 2 2 0.660516
47 2 3 0.000000
47 2 4 0.585669
47 2 5 0.000000
47 3 1 0.640640
47 3 2 0.660977
47 3 3 0.639372
47 3 4 0.000000
47 3 5 0.504872
47 4 1 0.644407
47 4 2 0.664744
47 4 3 0.000000
47 4 4 0.589897
47 4 5 0.000000
47 5 1 0.639594
47 5 2 0.000000
47 5 3 0.638326
47 5 4 0.000000
47 5 5 0.503825
47 6 1 0.642646
47 6 2 0.662983
47 6 3 0.000000
47 6 4 0.588136
47 6 5 0.506877
47 7 1 0.658517
47 7 2 0.678854
47 7 3 0.657249
47 7 4 0.000000
47 7 5 0.522748
47 8 1 0.642451
47 8 2 0.000000
47 8 3 0.641183
47 8 4 0.587941
47 8 5 0.000000
47 9 1 0.000000
47 9 2 0.651103
47 9 3 0.000000
47 9 4 0.576256
47 9 5 0.000000
47 10 1 0.637992
47 10 2 0.658329
47 10 3 0.636724
47 10 4 0.583482
47 10 5 0.502224
48 1 1 0.651651
48 1 2 0.000000
48 1 3 0.650383
48 1 4 0.000000
48 1 5 0.000000
48 2 1 0.000000
48 2 2 0.660516
48 2 3 0.000000
48 2 4 0.585669
48 2 5 0.000000
48 3 1 0.640640
48 3 2 0.660977
48 3 3 0.639372
48 3 4 0.000000
48 3 5 0.504872
48 4 1 0.644407
48 4 2 0.664744
48 4 3 0.000000
48 4 4 0.589897
48 4 5 0.000000
48 5 1 0.639594
48 5 2 0.000000
48 5 3 0.638326
48 5 4 0.000000
48 5 5 0.503825
48 6 1 0.642646
48 6 2 0.662983
48 6 3 0.000000
48 6 4 0.588136
48 6 5 0.506877
48 7 1 0.658517
48 7 2 0.678854
48 7 3 0.657249
48 7 4 0.000000
48 7 5 0.522748
48 8 1 0.642451
48 8 2 0.000000
48 8 3 0.641183
48 8 4 0.587941
48 8 5 0.000000
48 9 1 0.000000
48 9 2 0.651103
48 9 3 0.000000
48 9 4 0.576256
48 9 5 0.000000
48 10 1 0.637992
48 10 2 0.658329
48 10 3 0.636724
48 10 4 0.583482
48 10 5 0.502224
49 1 1 0.651651
49 1 2 0.000000
49 1 3 0.650383
49 1 4 0.000000
49 1 5 0.000000
49 2 1 0.000000
49 2 2 0.660516
49 2 3 0.000000
49 2 4 0.585669
49 2 5 0.000000
49 3 1 0.640640
49 3 2 0.660977
49 3 3 0.639372
49 3 4 0.000000
49 3 5 0.504872
49 4 1 0.644407
49 4 2 0.664744
49 4 3 0.000000
49 4 4 0.589897
49 4 5 0.000000
49 5 1 0.639594
49 5 2 0.000000
49 5 3 0.638326
49 5 4 0.000000
49 5 5 0.503825
49 6 1 0.642646
49 6 2 0.662983
49 6 3 0.000000
49 6 4 0.588136
49 6 5 0.506877
49 7 1 0.658517
49 7 2 0.678854
49 7 3 0.657249
49 7 4 0.000000
49 7 5 0.522748
49 8 1 0.642451
49 8 2 0.000000
49 8 3 0.641183
49 8 4 0.587941
49 8 5 0.000000
49 9 1 0.000000
49 9 2 0.651103
49 9 3 0.000000
49 9 4 0.576256
49 9 5 0.000000
49 10 1 0.637992
49 10 2 0.658329
49 10 3 0.636724
49 10 4 0.583482
49 10 5 0.502224
50 1 1 0.651651
50 1 2 0.000000
50 1 3 0.650383
50 1 4 0.000000
50 1 5 0.000000
50 2 1 0.000000
50 2 2 0.660516
50 2 3 0.000000
50 2 4 0.585669
50 2 5 0.000000
50 3 1 0.640640
50 3 2 0.660977
50 3 3 0.639372
50 3 4 0.000000
50 3 5 0.504872
50 4 1 0.644407
50 4 2 0.664744
50 4 3 0.000000
50 4 4 0.589897
50 4 5 0.000000
50 5 1 0.639594
50 5 2 0.000000
50 5 3 0.638326
50 5 4 0.000000
50 5 5 0.503825
50 6 1 0.642646
50 6 2 0.662983
50 6 3 0.000000
50 6 4 0.588136
50 6 5 0.506877
50 7 1 0.658517
50 7 2 0.678854
50 7 3 0.657249
50 7 4 0.000000
50 7 5 0.522748
50 8 1 0.642451
50 8 2 0.000000
50 8 3 0.641183
50 8 4 0.587941
50 8 5 0.000000
50 9 1 0.000000
50 9 2 0.651103
50 9 3 0.000000
50 9 4 0.576256
50 9 5 0.000000
50 10 1 0.637992
50 10 2 0.658329
50 10 3 0.636724
50 10 4 0.583482
50 10 5 0.502224
51 1 1 0.651651
51 1 2 0.000000
51 1 3 0.650383
51 1 4 0.000000
51 1 5 0.000000
51 2 1 0.000000
51 2 2 0.660516
51 2 3 0.000000
51 2 4 0.585669
51 2 5 0.000000
51 3 1 0.640640
51 3 2 0.660977
51 3 3 0.639372
51 3 4 0.000000
51 3 5 0.504872
51 4 1 0.644407
51 4 2 0.664744
51 4 3 0.000000
51 4 4 0.589897
51 4 5 0.000000
51 5 1 0.639594
51 5 2 0.000000
51 5 3 0.638326
51 5 4 0.000000
51 5 5 0.503825
51 6 1 0.642646
51 6 2 0.662983
51 6 3 0.000000
51 6 4 0.588136
51 6 5 0.506877
51 7 1 0.658517
51 7 2 0.678854
51 7 3 0.657249
51 7 4 0.000000
51 7 5 0.522748
51 8 1 0.642451
51 8 2 0.000000
51 8 3 0.641183
51 8 4 0.587941
51 8 5 0.000000
51 9 1 0.000000
51 9 2 0.651103
51 9 3 0.000000
51 9 4 0.576256
51 9 5 0.000000
51 10 1 0.637992
51 10 2 0.658329
51 10 3 0.636724
51 10 4 0.583482
51 10 5 0.502224
52 1 1 0.651651
52 1 2 0.000000
52 1 3 0.650383
52 1 4 0.000000
52 1 5 0.000000
52 2 1 0.000000
52 2 2 0.660516
52 2 3 0.000000
52 2 4 0.585669
52 2 5 0.000000
52 3 1 0.640640
52 3 2 0.660977
52 3 3 0.639372
52 3 4 0.000000
52 3 5 0.504872
52 4 1 0.644407
52 4 2 0.664744
52 4 3 0.000000
52 4 4 0.589897
52 4 5 0.000000
52 5 1 0.639594
52 5 2 0.000000
52 5 3 0.638326
52 5 4 0.000000
52 5 5 0.503825
52 6 1 0.642646
52 6 2 0.662983
52 6 3 0.000000
52 6 4 0.588136
52 6 5 0.506877
52 7 1 0.658517
52 7 2 0.678854
52 7 3 0.657249
52 7 4 0.000000
52 7 5 0.522748
52 8 1 0.642451
52 8 2 0.000000
52 8 3 0.641183
52 8 4 0.587941
52 8 5 0.000000
52 9 1 0.000000
52 9 2 0.651103
52 9 3 0.000000
52 9 4 0.576256
52 9 5 0.000000
52 10 1 0.637992
52 10 2 0.658329
52 10 3 0.636724
52 10 4 0.583482
52 10 5 0.502224
53 1 1 0.651651
53 1 2 0.000000
53 1 3 0.650383
53 1 4 0.000000
53 1 5 0.000000
53 2 1 0.000000
53 2 2 0.660516
53 2 3 0.000000
53 2 4 0.585669
53 2 5 0.000000
53 3 1 0.640640
53 3 2 0.660977
53 3 3 0.639372
53 3 4 0.000000
53 3 5 0.504872
53 4 1 0.644407
53 4 2 0.664744
53 4 3 0.000000
53 4 4 0.589897
53 4 5 0.000000
53 5 1 0.639594
53 5 2 0.000000
53 5 3 0.638326
53 5 4 0.000000
53 5 5 0.503825
53 6 1 0.642646
53 6 2 0.662983
53 6 3 0.000000
53 6 4 0.588136
53 6 5 0.506877
53 7 1 0.658517
53 7 2 0.678854
53 7 3 0.657249
53 7 4 0.000000
53 7 5 0.522748
53 8 1 0.642451
53 8 2 0.000000
53 8 3 0.641183
53 8 4 0.587941
53 8 5 0.000000
53 9 1 0.000000
53 9 2 0.651103
53 9 3 0.000000
53 9 4 0.576256
53 9 5 0.000000
53 10 1 0.637992
53 10 2 0.658329
53 10 3 0.636724
53 10 4 0.583482
53 10 5 0.502224
54 1 1 0.651651
54 1 2 0.000000
54 1 3 0.650383
54 1 4 0.000000
54 1 5 0.000000
54 2 1 0.000000
54 2 2 0.660516
54 2 3 0.000000
54 2 4 0.585669
54 2 5 0.000000
54 3 1 0.640640
54 3 2 0.660977
54 3 3 0.639372
54 3 4 0.000000
54 3 5 0.504872
54 4 1 0.644407
54 4 2 0.664744
54 4 3 0.000000
54 4 4 0.589897
54 4 5 0.000000
54 5 1 0.639594
54 5 2 0.000000
54 5 3 0.638326
54 5 4 0.000000
54 5 5 0.503825
54 6 1 0.642646
54 6 2 0.662983
54 6 3 0.000000
54 6 4 0.588136
54 6 5 0.506877
54 7 1 0.658517
54 7 2 0.678854
54 7 3 0.657249
54 7 4 0.000000
54 7 5 0.522748
54 8 1 0.642451
54 8 2 0.000000
54 8 3 0.641183
54 8 4 0.587941
54 8 5 0.000000
54 9 1 0.000000
54 9 2 0.651103
54 9 3 0.000000
54 9 4 0.576256
54 9 5 0.000000
54 10 1 0.637992
54 10 2 0.658329
54 10 3 0.636724
54 10 4 0.583482
54 10 5 0.502224
55 1 1 0.651651
55 1 2 0.000000
55 1 3 0.650383
55 1 4 0.000000
55 1 5 0.000000
55 2 1 0.000000
55 2 2 0.660516
55 2 3 0.000000
55 2 4 0.585669
55 2 5 0.000000
55 3 1 0.640640
55 3 2 0.660977
55 3 3 0.639372
55 3 4 0.000000
55 3 5 0.504872
55 4 1 0.644407
55 4 2 0.664744
55 4 3 0.000000
55 4 4 0.589897
55 4 5 0.000000
55 5 1 0.639594
55 5 2 0.000000
55 5 3 0.638326
55 5 4 0.000000
55 5 5 0.503825
55 6 1 0.642646
55 6 2 0.662983
55 6 3 0.000000
55 6 4 0.588136
55 6 5 0.506877
55 7 1 0.658517
55 7 2 0.678854
55 7 3 0.657249
55 7 4 0.000000
55 7 5 0.522748
55 8 1 0.642451
55 8 2 0.000000
55 8 3 0.641183
55 8 4 0.587941
55 8 5 0.000000
55 9 1 0.000000
55 9 2 0.651103
55 9 3 0.000000
55 9 4 0.576256
55 9 5 0.000000
55 10 1 0.637992
55 10 2 0.658329
55 10 3 0.636724
55 10 4 0.583482
55 10 5 0.502224
56 1 1 0.651651
56 1 2 0.000000
56 1 3 0.650383
56 1 4 0.000000
56 1 5 0.000000
56 2 1 0.000000
56 2 2 0.660516
56 2 3 0.000000
56 2 4 0.585669
56 2 5 0.000000
56 3 1 0.640640
56 3 2 0.660977
56 3 3 0.639372
56 3 4 0.000000
56 3 5 0.504872
56 4 1 0.644407
56 4 2 0.664744
56 4 3 0.000000
56 4 4 0.589897
56 4 5 0.000000
56 5 1 0.639594
56 5 2 0.000000
56 5 3 0.638326
56 5 4 0.000000
56 5 5 0.503825
56 6 1 0.642646
56 6 2 0.662983
56 6 3 0.000000
56 6 4 0.588136
56 6 5 0.506877
56 7 1 0.658517
56 7 2 0.678854
56 7 3 0.657249
56 7 4 0.000000
56 7 5 0.522748
56 8 1 0.642451
56 8 2 0.000000
56 8 3 0.641183
56 8 4 0.587941
56 8 5 0.000000
56 9 1 0.000000
56 9 2 0.651103
56 9 3 0.000000
56 9 4 0.576256
56 9 5 0.000000
56 10 1 0.637992
56 10 2 0.658329
56 10 3 0.636724
56 10 4 0.583482
56 10 5 0.502224
57 1 1 0.651651
57 1 2 0.000000
57 1 3 0.650383
57 1 4 0.000000
57 1 5 0.000000
57 2 1 0.000000
57 2 2 0.660516
57 2 3 0.000000
57 2 4 0.585669
57 2 5 0.000000
57 3 1 0.640640
57 3 2 0.660977
57 3 3 0.639372
57 3 4 0.000000
57 3 5 0.504872
57 4 1 0.644407
57 4 2 0.664744
57 4 3 0.000000
57 4 4 0.589897
57 4 5 0.000000
57 5 1 0.639594
57 5 2 0.000000
57 5 3 0.638326
57 5 4 0.000000
57 5 5 0.503825
57 6 1 0.642646
57 6 2 0.662983
57 6 3 0.000000
57 6 4 0.588136
57 6 5 0.506877
57 7 1 0.658517
57 7 2 0.678854
57 7 3 0.657249
57 7 4 0.000000
57 7 5 0.522748
57 8 1 0.642451
57 8 2 0.000000
57 8 3 0.641183
57 8 4 0.587941
57 8 5 0.000000
57 9 1 0.000000
57 9 2 0.651103
57 9 3 0.000000
57 9 4 0.576256
57 9 5 0.000000
57 10 1 0.637992
57 10 2 0.658329
57 10 3 0.636724
57 10 4 0.583482
57 10 5 0.502224
58 1 1 0.651651
58 1 2 0.000000
58 1 3 0.650383
58 1 4 0.000000
58 1 5 0.000000
58 2 1 0.000000
58 2 2 0.660516
58 2 3 0.000000
58 2 4 0.585669
58 2 5 0.000000
58 3 1 0.640640
58 3 2 0.660977
58 3 3 0.639372
58 3 4 0.000000
58 3 5 0.504872
58 4 1 0.644407
58 4 2 0.664744
58 4 3 0.000000
58 4 4 0.589897
58 4 5 0.000000
58 5 1 0.639594
58 5 2 0.000000
58 5 3 0.638326
58 5 4 0.000000
58 5 5 0.503825
58 6 1 0.642646
58 6 2 0.662983
58 6 3 0.000000
58 6 4 0.588136
58 6 5 0.506877
58 7 1 0.658517
58 7 2 0.678854
58 7 3 0.657249
58 7 4 0.000000
58 7 5 0.522748
58 8 1 0.642451
58 8 2 0.000000
58 8 3 0.641183
58 8 4 0.587941
58 8 5 0.000000
58 9 1 0.000000
58 9 2 0.651103
58 9 3 0.000000
58 9 4 0.576256
58 9 5 0.000000
58 10 1 0.637992
58 10 2 0.658329
58 10 3 0.636724
58 10 4 0.583482
58 10 5 0.502224
59 1 1 0.651651
59 1 2 0.000000
59 1 3 0.650383
59 1 4 0.000000
59 1 5 0.000000
59 2 1 0.000000
59 2 2 0.660516
59 2 3 0.000000
59 2 4 0.585669
59 2 5 0.000000
59 3 1 0.640640
59 3 2 0.660977
59 3 3 0.639372
59 3 4 0.000000
59 3 5 0.504872
59 4 1 0.644407
59 4 2 0.664744
59 4 3 0.000000
59 4 4 0.589897
59 4 5 0.000000
59 5 1 0.639594
59 5 2 0.000000
59 5 3 0.638326
59 5 4 0.000000
59 5 5 0.503825
59 6 1 0.642646
59 6 2 0.662983
59 6 3 0.000000
59 6 4 0.588136
59 6 5 0.506877
59 7 1 0.658517
59 7 2 0.678854
59 7 3 0.657249
59 7 4 0.000000
59 7 5 0.522748
59 8 1 0.642451
59 8 2 0.000000
59 8 3 0.641183
59 8 4 0.587941
59 8 5 0.000000
59 9 1 0.000000
59 9 2 0.651103
59 9 3 0.000000
59 9 4 0.576256
59 9 5 0.000000
59 10 1 0.637992
59 10 2 0.658329
59 10 3 0.636724
59 10 4 0.583482
59 10 5 0.502224
60 1 1 0.651651
60 1 2 0.000000
60 1 3 0.650383
60 1 4 0.000000
60 1 5 0.000000
60 2 1 0.000000
60 2 2 0.660516
60 2 3 0.000000
60 2 4 0.585669
60 2 5 0.000000
60 3 1 0.640640
60 3 2 0.660977
60 3 3 0.639372
60 3 4 0.000000
60 3 5 0.504872
60 4 1 0.644407
60 4 2 0.664744
60 4 3 0.000000
60 4 4 0.589897
60 4 5 0.000000
60 5 1 0.639594
60 5 2 0.000000
60 5 3 0.638326
60 5 4 0.000000
60 5 5 0.503825
60 6 1 0.642646
60 6 2 0.662983
60 6 3 0.000000
60 6 4 0.588136
60 6 5 0.506877
60 7 1 0.658517
60 7 2 0.678854
60 7 3 0.657249
60 7 4 0.000000
60 7 5 0.522748
60 8 1 0.642451
60 8 2 0.000000
60 8 3 0.641183
60 8 4 0.587941
60 8 5 0.000000
60 9 1 0.000000
60 9 2 0.651103
60 9 3 0.000000
60 9 4 0.576256
60 9 5 0.000000
60 10 1 0.637992
60 10 2 0.658329
60 10 3 0.636724
60 10 4 0.583482
60 10 5 0.502224
61 1 1 0.651651
61 1 2 0.000000
61 1 3 0.650383
61 1 4 0.000000
61 1 5 0.000000
61 2 1 0.000000
61 2 2 0.660516
61 2 3 0.000000
61 2 4 0.585669
61 2 5 0.000000
61 3 1 0.640640
61 3 2 0.660977
61 3 3 0.639372
61 3 4 0.000000
61 3 5 0.504872
61 4 1 0.644407
61 4 2 0.664744
61 4 3 0.000000
61 4 4 0.589897
61 4 5 0.000000
61 5 1 0.639594
61 5 2 0.000000
61 5 3 0.638326
61 5 4 0.000000
61 5 5 0.503825
61 6 1 0.642646
61 6 2 0.662983
61 6 3 0.000000
61 6 4 0.588136
61 6 5 0.506877
61 7 1 0.658517
61 7 2 0.678854
61 7 3 0.657249
61 7 4 0.000000
61 7 5 0.522748
61 8 1 0.642451
61 8 2 0.000000
61 8 3 0.641183
61 8 4 0.587941
61 8 5 0.000000
61 9 1 0.000000
61 9 2 0.651103
61 9 3 0.000000
61 9 4 0.576256
61 9 5 0.000000
61 10 1 0.637992
61 10 2 0.658329
61 10 3 0.636724
61 10 4 0.583482
61 10 5 0.502224
62 1 1 0.651651
62 1 2 0.000000
62 1 3 0.650383
62 1 4 0.000000
62 1 5 0.000000
62 2 1 0.000000
62 2 2 0.660516
62 2 3 0.000000
62 2 4 0.585669
62 2 5 0.000000
62 3 1 0.640640
62 3 2 0.660977
62 3 3 0.639372
62 3 4 0.000000
62 3 5 0.504872
62 4 1 0.644407
62 4 2 0.664744
62 4 3 0.000000
62 4 4 0.589897
62 4 5 0.000000
62 5 1 0.639594
62 5 2 0.000000
62 5 3 0.638326
62 5 4 0.000000
62 5 5 0.503825
62 6 1 0.642646
62 6 2 0.662983
62 6 3 0.000000
62 6 4 0.588136
62 6 5 0.506877
62 7 1 0.658517
62 7 2 0.678854
62 7 3 0.657249
62 7 4 0.000000
62 7 5 0.522748
62 8 1 0.642451
62 8 2 0.000000
62 8 3 0.641183
62 8 4 0.587941
62 8 5 0.000000
62 9 1 0.000000
62 9 2 0.651103
62 9 3 0.000000
62 9 4 0.576256
62 9 5 0.000000
62 10 1 0.637992
62 10 2 0.658329
62 10 3 0.636724
62 10 4 0.583482
62 10 5 0.502224
63 1 1 0.651651
63 1 2 0.000000
63 1 3 0.650383
63 1 4 0.000000
63 1 5 0.000000
63 2 1 0.000000
63 2 2 0.660516
63 2 3 0.000000
63 2 4 0.585669
63 2 5 0.000000
63 3 1 0.640640
63 3 2 0.660977
63 3 3 0.639372
63 3 4 0.000000
63 3 5 0.504872
63 4 1 0.644407
63 4 2 0.664744
63 4 3 0.000000
63 4 4 0.589897
63 4 5 0.000000
63 5 1 0.639594
63 5 2 0.000000
63 5 3 0.638326
63 5 4 0.000000
63 5 5 0.503825
63 6 1 0.642646
63 6 2 0.662983
63 6 3 0.000000
63 6 4 0.588136
63 6 5 0.506877
63 7 1 0.658517
63 7 2 0.678854
63 7 3 0.657249
63 7 4 0.000000
63 7 5 0.522748
63 8 1 0.642451
63 8 2 0.000000
63 8 3 0.641183
63 8 4 0.587941
63 8 5 0.000000
63 9 1 0.000000
63 9 2 0.651103
63 9 3 0.000000
63 9 4 0.576256
63 9 5 0.000000
63 10 1 0.637992
63 10 2 0.658329
63 10 3 0.636724
63 10 4 0.583482
63 10 5 0.502224
64 1 1 0.651651
64 1 2 0.000000
64 1 3 0.650383
64 1 4 0.000000
64 1 5 0.000000
64 2 1 0.000000
64 2 2 0.660516
64 2 3 0.000000
64 2 4 0.585669
64 2 5 0.000000
64 3 1 0.640640
64 3 2 0.660977
64 3 3 0.639372
64 3 4 0.000000
64 3 5 0.504872
64 4 1 0.644407
64 4 2 0.664744
64 4 3 0.000000
64 4 4 0.589897
64 4 5 0.000000
64 5 1 0.639594
64 5 2 0.000000
64 5 3 0.638326
64 5 4 0.000000
64 5 5 0.503825
64 6 1 0.642646
64 6 2 0.662983
64 6 3 0.000000
64 6 4 0.588136
64 6 5 0.506877
64 7 1 0.658517
64 7 2 0.678854
64 7 3 0.657249
64 7 4 0.000000
64 7 5 0.522748
64 8 1 0.642451
64 8 2 0.000000
64 8 3 0.641183
64 8 4 0.587941
64 8 5 0.000000
64 9 1 0.000000
64 9 2 0.651103
64 9 3 0.000000
64 9 4 0.576256
64 9 5 0.000000
64 10 1 0.637992
64 10 2 0.658329
64 10 3 0.636724
64 10 4 0.583482
64 10 5 0.502224
65 1 1 0.651651
65 1 2 0.000000
65 1 3 0.650383
65 1 4 0.000000
65 1 5 0.000000
65 2 1 0.000000
65 2 2 0.660516
65 2 3 0.000000
65 2 4 0.585669
65 2 5 0.000000
65 3 1 0.640640
65 3 2 0.660977
65 3 3 0.639372
65 3 4 0.000000
65 3 5 0.504872
65 4 1 0.644407
65 4 2 0.664744
65 4 3 0.000000
65 4 4 0.589897
65 4 5 0.000000
65 5 1 0.639594
65 5 2 0.000000
65 5 3 0.638326
65 5 4 0.000000
65 5 5 0.503825
65 6 1 0.642646
65 6 2 0.662983
65 6 3 0.000000
65 6 4 0.588136
65 6 5 0.506877
65 7 1 0.658517
65 7 2 0.678854
65 7 3 0.657249
65 7 4 0.000000
65 7 5 0.522748
65 8 1 0.642451
65 8 2 0.000000
65 8 3 0.641183
65 8 4 0.587941
65 8 5 0.000000
65 9 1 0.000000
65 9 2 0.651103
65 9 3 0.000000
65 9 4 0.576256
65 9 5 0.000000
65 10 1 0.637992
65 10 2 0.658329
65 10 3 0.636724
65 10 4 0.583482
65 10 5 0.502224
66 1 1 0.651651
66 1 2 0.000000
66 1 3 0.650383
66 1 4 0.000000
66 1 5 0.000000
66 2 1 0.000000
66 2 2 0.660516
66 2 3 0.000000
66 2 4 0.585669
66 2 5 0.000000
66 3 1 0.640640
66 3 2 0.660977
66 3 3 0.639372
66 3 4 0.000000
66 3 5 0.504872
66 4 1 0.644407
66 4 2 0.664744
66 4 3 0.000000
66 4 4 0.589897
66 4 5 0.000000
66 5 1 0.639594
66 5 2 0.000000
66 5 3 0.638326
66 5 4 0.000000
66 5 5 0.503825
66 6 1 0.642646
66 6 2 0.662983
66 6 3 0.000000
66 6 4 0.588136
66 6 5 0.506877
66 7 1 0.658517
66 7 2 0.678854
66 7 3 0.657249
66 7 4 0.000000
66 7 5 0.522748
66 8 1 0.642451
66 8 2 0.000000
66 8 3 0.641183
66 8 4 0.587941
66 8 5 0.000000
66 9 1 0.000000
66 9 2 0.651103
66 9 3 0.000000
66 9 4 0.576256
66 9 5 0.000000
66 10 1 0.637992
66 10 2 0.658329
66 10 3 0.636724
66 10 4 0.583482
66 10 5 0.502224
67 1 1 0.651651
67 1 2 0.000000
67 1 3 0.650383
67 1 4 0.000000
67 1 5 0.000000
67 2 1 0.000000
67 2 2 0.660516
67 2 3 0.000000
67 2 4 0.585669
67 2 5 0.000000
67 3 1 0.640640
67 3 2 0.660977
67 3 3 0.639372
67 3 4 0.000000
67 3 5 0.504872
67 4 1 0.644407
67 4 2 0.664744
67 4 3 0.000000
67 4 4 0.589897
67 4 5 0.000000
67 5 1 0.639594
67 5 2 0.000000
67 5 3 0.638326
67 5 4 0.000000
67 5 5 0.503825
67 6 1 0.642646
67 6 2 0.662983
67 6 3 0.000000
67 6 4 0.588136
67 6 5 0.506877
67 7 1 0.658517
67 7 2 0.678854
67 7 3 0.657249
67 7 4 0.000000
67 7 5 0.522748
67 8 1 0.642451
67 8 2 0.000000
67 8 3 0.641183
67 8 4 0.587941
67 8 5 0.000000
67 9 1 0.000000
67 9 2 0.651103
67 9 3 0.000000
67 9 4 0.576256
67 9 5 0.000000
67 10 1 0.637992
67 10 2 0.658329
67 10 3 0.636724
67 10 4 0.583482
67 10 5 0.502224
68 1 1 0.651651
68 1 2 0.000000
68 1 3 0.650383
68 1 4 0.000000
68 1 5 0.000000
68 2 1 0.000000
68 2 2 0.660516
68 2 3 0.000000
68 2 4 0.585669
68 2 5 0.000000
68 3 1 0.640640
68 3 2 0.660977
68 3 3 0.639372
68 3 4 0.000000
68 3 5 0.504872
68 4 1 0.644407
68 4 2 0.664744
68 4 3 0.000000
68 4 4 0.589897
68 4 5 0.000000
68 5 1 0.639594
68 5 2 0.000000
68 5 3 0.638326
68 5 4 0.000000
68 5 5 0.503825
68 6 1 0.642646
68 6 2 0.662983
68 6 3 0.000000
68 6 4 0.588136
68 6 5 0.506877
68 7 1 0.658517
68 7 2 0.678854
68 7 3 0.657249
68 7 4 0.000000
68 7 5 0.522748
68 8 1 0.642451
68 8 2 0.000000
68 8 3 0.641183
68 8 4 0.587941
68 8 5 0.000000
68 9 1 0.000000
68 9 2 0.651103
68 9 3 0.000000
68 9 4 0.576256
68 9 5 0.000000
68 10 1 0.637992
68 10 2 0.658329
68 10 3 0.636724
68 10 4 0.583482
68 10 5 0.502224
69 1 1 0.651651
69 1 2 0.000000
69 1 3 0.650383
69 1 4 0.000000
69 1 5 0.000000
69 2 1 0.000000
69 2 2 0.660516
69 2 3 0.000000
69 2 4 0.585669
69 2 5 0.000000
69 3 1 0.640640
69 3 2 0.660977
69 3 3 0.639372
69 3 4 0.000000
69 3 5 0.504872
69 4 1 0.644407
69 4 2 0.664744
69 4 3 0.000000
69 4 4 0.589897
69 4 5 0.000000
69 5 1 0.639594
69 5 2 0.000000
69 5 3 0.638326
69 5 4 0.000000
69 5 5 0.503825
69 6 1 0.642646
69 6 2 0.662983
69 6 3 0.000000
69 6 4 0.588136
69 6 5 0.506877
69 7 1 0.658517
69 7 2 0.678854
69 7 3 0.657249
69 7 4 0.000000
69 7 5 0.522748
69 8 1 0.642451
69 8 2 0.000000
69 8 3 0.641183
69 8 4 0.587941
69 8 5 0.000000
69 9 1 0.000000
69 9 2 0.651103
69 9 3 0.000000
69 9 4 0.576256
69 9 5 0.000000
69 10 1 0.637992
69 10 2 0.658329
69 10 3 0.636724
69 10 4 0.583482
69 10 5 0.502224
70 1 1 0.651651
70 1 2 0.000000
70 1 3 0.650383
70 1 4 0.000000
70 1 5 0.000000
70 2 1 0.000000
70 2 2 0.660516
70 2 3 0.000000
70 2 4 0.585669
70 2 5 0.000000
70 3 1 0.640640
70 3 2 0.660977
70 3 3 0.639372
70 3 4 0.000000
70 3 5 0.504872
70 4 1 0.644407
70 4 2 0.664744
70 4 3 0.000000
70 4 4 0.589897
70 4 5 0.000000
70 5 1 0.639594
70 5 2 0.000000
70 5 3 0.638326
70 5 4 0.000000
70 5 5 0.503825
70 6 1 0.642646
70 6 2 0.662983
70 6 3 0.000000
70 6 4 0.588136
70 6 5 0.506877
70 7 1 0.658517
70 7 2 0.678854
70 7 3 0.657249
70 7 4 0.000000
70 7 5 0.522748
70 8 1 0.642451
70 8 2 0.000000
70 8 3 0.641183
70 8 4 0.587941
70 8 5 0.000000
70 9 1 0.000000
70 9 2 0.651103
70 9 3 0.000000
70 9 4 0.576256
70 9 5 0.000000
70 10 1 0.637992
70 10 2 0.658329
70 10 3 0.636724
70 10 4 0.583482
70 10 5 0.502224
71 1 1 0.651651
71 1 2 0.000000
71 1 3 0.650383
71 1 4 0.000000
71 1 5 0.000000
71 2 1 0.000000
71 2 2 0.660516
71 2 3 0.000000
71 2 4 0.585669
71 2 5 0.000000
71 3 1 0.640640
71 3 2 0.660977
71 3 3 0.639372
71 3 4 0.000000
71 3 5 0.504872
71 4 1 0.644407
71 4 2 0.664744
71 4 3 0.000000
71 4 4 0.589897
71 4 5 0.000000
71 5 1 0.639594
71 5 2 0.000000
71 5 3 0.638326
71 5 4 0.000000
71 5 5 0.503825
71 6 1 0.642646
71 6 2 0.662983
71 6 3 0.000000
71 6 4 0.588136
71 6 5 0.506877
71 7 1 0.658517
71 7 2 0.678854
71 7 3 0.657249
71 7 4 0.000000
71 7 5 0.522748
71 8 1 0.642451
71 8 2 0.000000
71 8 3 0.641183
71 8 4 0.587941
71 8 5 0.000000
71 9 1 0.000000
71 9 2 0.651103
71 9 3 0.000000
71 9 4 0.576256
71 9 5 0.000000
71 10 1 0.637992
71 10 2 0.658329
71 10 3 0.636724
71 10 4 0.583482
71 10 5 0.502224
72 1 1 0.651651
72 1 2 0.000000
72 1 3 0.650383
72 1 4 0.000000
72 1 5 0.000000
72 2 1 0.000000
72 2 2 0.660516
72 2 3 0.000000
72 2 4 0.585669
72 2 5 0.000000
72 3 1 0.640640
72 3 2 0.660977
72 3 3 0.639372
72 3 4 0.000000
72 3 5 0.504872
72 4 1 0.644407
72 4 2 0.664744
72 4 3 0.000000
72 4 4 0.589897
72 4 5 0.000000
72 5 1 0.639594
72 5 2 0.000000
72 5 3 0.638326
72 5 4 0.000000
72 5 5 0.503825
72 6 1 0.642646
72 6 2 0.662983
72 6 3 0.000000
72 6 4 0.588136
72 6 5 0.506877
72 7 1 0.658517
72 7 2 0.678854
72 7 3 0.657249
72 7 4 0.000000
72 7 5 0.522748
72 8 1 0.642451
72 8 2 0.000000
72 8 3 0.641183
72 8 4 0.587941
72 8 5 0.000000
72 9 1 0.000000
72 9 2 0.651103
72 9 3 0.000000
72 9 4 0.576256
72 9 5 0.000000
72 10 1 0.637992
72 10 2 0.658329
72 10 3 0.636724
72 10 4 0.583482
72 10 5 0.502224
73 1 1 0.651651
73 1 2 0.000000
73 1 3 0.650383
73 1 4 0.000000
73 1 5 0.000000
73 2 1 0.000000
73 2 2 0.660516
73 2 3 0.000000
73 2 4 0.585669
73 2 5 0.000000
73 3 1 0.640640
73 3 2 0.660977
73 3 3 0.639372
73 3 4 0.000000
73 3 5 0.504872
73 4 1 0.644407
73 4 2 0.664744
73 4 3 0.000000
73 4 4 0.589897
73 4 5 0.000000
73 5 1 0.639594
73 5 2 0.000000
73 5 3 0.638326
73 5 4 0.000000
73 5 5 0.503825
73 6 1 0.642646
73 6 2 0.662983
73 6 3 0.000000
73 6 4 0.588136
73 6 5 0.506877
73 7 1 0.658517
73 7 2 0.678854
73 7 3 0.657249
73 7 4 0.000000
73 7 5 0.522748
73 8 1 0.642451
73 8 2 0.000000
73 8 3 0.641183
73 8 4 0.587941
73 8 5 0.000000
73 9 1 0.000000
73 9 2 0.651103
73 9 3 0.000000
73 9 4 0.576256
73 9 5 0.000000
73 10 1 0.637992
73 10 2 0.658329
73 10 3 0.636724
73 10 4 0.583482
73 10 5 0.502224
74 1 1 0.651651
74 1 2 0.000000
74 1 3 0.650383
74 1 4 0.000000
74 1 5 0.000000
74 2 1 0.000000
74 2 2 0.660516
74 2 3 0.000000
74 2 4 0.585669
74 2 5 0.000000
74 3 1 0.640640
74 3 2 0.660977
74 3 3 0.639372
74 3 4 0.000000
74 3 5 0.504872
74 4 1 0.644407
74 4 2 0.664744
74 4 3 0.000000
74 4 4 0.589897
74 4 5 0.000000
74 5 1 0.639594
74 5 2 0.000000
74 5 3 0.638326
74 5 4 0.000000
74 5 5 0.503825
74 6 1 0.642646
74 6 2 0.662983
74 6 3 0.000000
74 6 4 0.588136
74 6 5 0.506877
74 7 1 0.658517
74 7 2 0.678854
74 7 3 0.657249
74 7 4 0.000000
74 7 5 0.522748
74 8 1 0.642451
74 8 2 0.000000
74 8 3 0.641183
74 8 4 0.587941
74 8 5 0.000000
74 9 1 0.000000
74 9 2 0.651103
74 9 3 0.000000
74 9 4 0.576256
74 9 5 0.000000
74 10 1 0.637992
74 10 2 0.658329
74 10 3 0.636724
74 10 4 0.583482
74 10 5 0.502224
75 1 1 0.651651
75 1 2 0.000000
75 1 3 0.650383
75 1 4 0.000000
75 1 5 0.000000
75 2 1 0.000000
75 2 2 0.660516
75 2 3 0.000000
75 2 4 0.585669
75 2 5 0.000000
75 3 1 0.640640
75 3 2 0.660977
75 3 3 0.639372
75 3 4 0.000000
75 3 5 0.504872
75 4 1 0.644407
75 4 2 0.664744
75 4 3 0.000000
75 4 4 0.589897
75 4 5 0.000000
75 5 1 0.639594
75 5 2 0.000000
75 5 3 0.638326
75 5 4 0.000000
75 5 5 0.503825
75 6 1 0.642646
75 6 2 0.662983
75 6 3 0.000000
75 6 4 0.588136
75 6 5 0.506877
75 7 1 0.658517
75 7 2 0.678854
75 7 3 0.657249
75 7 4 0.000000
75 7 5 0.522748
75 8 1 0.642451
75 8 2 0.000000
75 8 3 0.641183
75 8 4 0.587941
75 8 5 0.000000
75 9 1 0.000000
75 9 2 0.651103
75 9 3 0.000000
75 9 4 0.576256
75 9 5 0.000000
75 10 1 0.637992
75 10 2 0.658329
75 10 3 0.636724
75 10 4 0.583482
75 10 5 0.502224
76 1 1 0.651651
76 1 2 0.000000
76 1 3 0.650383
76 1 4 0.000000
76 1 5 0.000000
76 2 1 0.000000
76 2 2 0.660516
76 2 3 0.000000
76 2 4 0.585669
76 2 5 0.000000
76 3 1 0.640640
76 3 2 0.660977
76 3 3 0.639372
76 3 4 0.000000
76 3 5 0.504872
76 4 1 0.644407
76 4 2 0.664744
76 4 3 0.000000
76 4 4 0.589897
76 4 5 0.000000
76 5 1 0.639594
76 5 2 0.000000
76 5 3 0.638326
76 5 4 0.000000
76 5 5 0.503825
76 6 1 0.642646
76 6 2 0.662983
76 6 3 0.000000
76 6 4 0.588136
76 6 5 0.506877
76 7 1 0.658517
76 7 2 0.678854
76 7 3 0.657249
76 7 4 0.000000
76 7 5 0.522748
76 8 1 0.642451
76 8 2 0.000000
76 8 3 0.641183
76 8 4 0.587941
76 8 5 0.000000
76 9 1 0.000000
76 9 2 0.651103
76 9 3 0.000000
76 9 4 0.576256
76 9 5 0.000000
76 10 1 0.637992
76 10 2 0.658329
76 10 3 0.636724
76 10 4 0.583482
76 10 5 0.502224
77 1 1 0.651651
77 1 2 0.000000
77 1 3 0.650383
77 1 4 0.000000
77 1 5 0.000000
77 2 1 0.000000
77 2 2 0.660516
77 2 3 0.000000
77 2 4 0.585669
77 2 5 0.000000
77 3 1 0.640640
77 3 2 0.660977
77 3 3 0.639372
77 3 4 0.000000
77 3 5 0.504872
77 4 1 0.644407
77 4 2 0.664744
77 4 3 0.000000
77 4 4 0.589897
77 4 5 0.000000
77 5 1 0.639594
77 5 2 0.000000
77 5 3 0.638326
77 5 4 0.000000
77 5 5 0.503825
77 6 1 0.642646
77 6 2 0.662983
77 6 3 0.000000
77 6 4 0.588136
77 6 5 0.506877
77 7 1 0.658517
77 7 2 0.678854
77 7 3 0.657249
77 7 4 0.000000
77 7 5 0.522748
77 8 1 0.642451
77 8 2 0.000000
77 8 3 0.641183
77 8 4 0.587941
77 8 5 0.000000
77 9 1 0.000000
77 9 2 0.651103
77 9 3 0.000000
77 9 4 0.576256
77 9 5 0.000000
77 10 1 0.637992
77 10 2 0.658329
77 10 3 0.636724
77 10 4 0.583482
77 10 5 0.502224
78 1 1 0.651651
78 1 2 0.000000
78 1 3 0.650383
78 1 4 0.000000
78 1 5 0.000000
78 2 1 0.000000
78 2 2 0.660516
78 2 3 0.000000
78 2 4 0.585669
78 2 5 0.000000
78 3 1 0.640640
78 3 2 0.660977
78 3 3 0.639372
78 3 4 0.000000
78 3 5 0.504872
78 4 1 0.644407
78 4 2 0.664744
78 4 3 0.000000
78 4 4 0.589897
78 4 5 0.000000
78 5 1 0.639594
78 5 2 0.000000
78 5 3 0.638326
78 5 4 0.000000
78 5 5 0.503825
78 6 1 0.642646
78 6 2 0.662983
78 6 3 0.000000
78 6 4 0.588136
78 6 5 0.506877
78 7 1 0.658517
78 7 2 0.678854
78 7 3 0.657249
78 7 4 0.000000
78 7 5 0.522748
78 8 1 0.642451
78 8 2 0.000000
78 8 3 0.641183
78 8 4 0.587941
78 8 5 0.000000
78 9 1 0.000000
78 9 2 0.651103
78 9 3 0.000000
78 9 4 0.576256
78 9 5 0.000000
78 10 1 0.637992
78 10 2 0.658329
78 10 3 0.636724
78 10 4 0.583482
78 10 5 0.502224
79 1 1 0.651651
79 1 2 0.000000
79 1 3 0.650383
79 1 4 0.000000
79 1 5 0.000000
79 2 1 0.000000
79 2 2 0.660516
79 2 3 0.000000
79 2 4 0.585669
79 2 5 0.000000
79 3 1 0.640640
79 3 2 0.660977
79 3 3 0.639372
79 3 4 0.000000
79 3 5 0.504872
79 4 1 0.644407
79 4 2 0.664744
79 4 3 0.000000
79 4 4 0.589897
79 4 5 0.000000
79 5 1 0.639594
79 5 2 0.000000
79 5 3 0.638326
79 5 4 0.000000
79 5 5 0.503825
79 6 1 0.642646
79 6 2 0.662983
79 6 3 0.000000
79 6 4 0.588136
79 6 5 0.506877
79 7 1 0.658517
79 7 2 0.678854
79 7 3 0.657249
79 7 4 0.000000
79 7 5 0.522748
79 8 1 0.642451
79 8 2 0.000000
79 8 3 0.641183
79 8 4 0.587941
79 8 5 0.000000
79 9 1 0.000000
79 9 2 0.651103
79 9 3 0.000000
79 9 4 0.576256
79 9 5 0.000000
79 10 1 0.637992
79 10 2 0.658329
79 10 3 0.636724
79 10 4 0.583482
79 10 5 0.502224
80 1 1 0.651651
80 1 2 0.000000
80 1 3 0.650383
80 1 4 0.000000
80 1 5 0.000000
80 2 1 0.000000
80 2 2 0.660516
80 2 3 0.000000
80 2 4 0.585669
80 2 5 0.000000
80 3 1 0.640640
80 3 2 0.660977
80 3 3 0.639372
80 3 4 0.000000
80 3 5 0.504872
80 4 1 0.644407
80 4 2 0.664744
80 4 3 0.000000
80 4 4 0.589897
80 4 5 0.000000
80 5 1 0.639594
80 5 2 0.000000
80 5 3 0.638326
80 5 4 0.000000
80 5 5 0.503825
80 6 1 0.642646
80 6 2 0.662983
80 6 3 0.000000
80 6 4 0.588136
80 6 5 0.506877
80 7 1 0.658517
80 7 2 0.678854
80 7 3 0.657249
80 7 4 0.000000
80 7 5 0.522748
80 8 1 0.642451
80 8 2 0.000000
80 8 3 0.641183
80 8 4 0.587941
80 8 5 0.000000
80 9 1 0.000000
80 9 2 0.651103
80 9 3 0.000000
80 9 4 0.576256
80 9 5 0.000000
80 10 1 0.637992
80 10 2 0.658329
80 10 3 0.636724
80 10 4 0.583482
80 10 5 0.502224
81 1 1 0.651651
81 1 2 0.000000
81 1 3 0.650383
81 1 4 0.000000
81 1 5 0.000000
81 2 1 0.000000
81 2 2 0.660516
81 2 3 0.000000
81 2 4 0.585669
81 2 5 0.000000
81 3 1 0.640640
81 3 2 0.660977
81 3 3 0.639372
81 3 4 0.000000
81 3 5 0.504872
81 4 1 0.644407
81 4 2 0.664744
81 4 3 0.000000
81 4 4 0.589897
81 4 5 0.000000
81 5 1 0.639594
81 5 2 0.000000
81 5 3 0.638326
81 5 4 0.000000
81 5 5 0.503825
81 6 1 0.642646
81 6 2 0.662983
81 6 3 0.000000
81 6 4 0.588136
81 6 5 0.506877
81 7 1 0.658517
81 7 2 0.678854
81 7 3 0.657249
81 7 4 0.000000
81 7 5 0.522748
81 8 1 0.642451
81 8 2 0.000000
81 8 3 0.641183
81 8 4 0.587941
81 8 5 0.000000
81 9 1 0.000000
81 9 2 0.651103
81 9 3 0.000000
81 9 4 0.576256
81 9 5 0.000000
81 10 1 0.637992
81 10 2 0.658329
81 10 3 0.636724
81 10 4 0.583482
81 10 5 0.502224
82 1 1 0.651651
82 1 2 0.000000
82 1 3 0.650383
82 1 4 0.000000
82 1 5 0.000000
82 2 1 0.000000
82 2 2 0.660516
82 2 3 0.000000
82 2 4 0.585669
82 2 5 0.000000
82 3 1 0.640640
82 3 2 0.660977
82 3 3 0.639372
82 3 4 0.000000
82 3 5 0.504872
82 4 1 0.644407
82 4 2 0.664744
82 4 3 0.000000
82 4 4 0.589897
82 4 5 0.000000
82 5 1 0.639594
82 5 2 0.000000
82 5 3 0.638326
82 5 4 0.000000
82 5 5 0.503825
82 6 1 0.642646
82 6 2 0.662983
82 6 3 0.000000
82 6 4 0.588136
82 6 5 0.506877
82 7 1 0.658517
82 7 2 0.678854
82 7 3 0.657249
82 7 4 0.000000
82 7 5 0.522748
82 8 1 0.642451
82 8 2 0.000000
82 8 3 0.641183
82 8 4 0.587941
82 8 5 0.000000
82 9 1 0.000000
82 9 2 0.651103
82 9 3 0.000000
82 9 4 0.576256
82 9 5 0.000000
82 10 1 0.637992
82 10 2 0.658329
82 10 3 0.636724
82 10 4 0.583482
82 10 5 0.502224
83 1 1 0.651651
83 1 2 0.000000
83 1 3 0.650383
83 1 4 0.000000
83 1 5 0.000000
83 2 1 0.000000
83 2 2 0.660516
83 2 3 0.000000
83 2 4 0.585669
83 2 5 0.000000
83 3 1 0.640640
83 3 2 0.660977
83 3 3 0.639372
83 3 4 0.000000
83 3 5 0.504872
83 4 1 0.644407
83 4 2 0.664744
83 4 3 0.000000
83 4 4 0.589897
83 4 5 0.000000
83 5 1 0.639594
83 5 2 0.000000
83 5 3 0.638326
83 5 4 0.000000
83 5 5 0.503825
83 6 1 0.642646
83 6 2 0.662983
83 6 3 0.000000
83 6 4 0.588136
83 6 5 0.506877
83 7 1 0.658517
83 7 2 0.678854
83 7 3 0.657249
83 7 4 0.000000
83 7 5 0.522748
83 8 1 0.642451
83 8 2 0.000000
83 8 3 0.641183
83 8 4 0.587941
83 8 5 0.000000
83 9 1 0.000000
83 9 2 0.651103
83 9 3 0.000000
83 9 4 0.576256
83 9 5 0.000000
83 10 1 0.637992
83 10 2 0.658329
83 10 3 0.636724
83 10 4 0.583482
83 10 5 0.502224
84 1 1 0.651651
84 1 2 0.000000
84 1 3 0.650383
84 1 4 0.000000
84 1 5 0.000000
84 2 1 0.000000
84 2 2 0.660516
84 2 3 0.000000
84 2 4 0.585669
84 2 5 0.000000
84 3 1 0.640640
84 3 2 0.660977
84 3 3 0.639372
84 3 4 0.000000
84 3 5 0.504872
84 4 1 0.644407
84 4 2 0.664744
84 4 3 0.000000
84 4 4 0.589897
84 4 5 0.000000
84 5 1 0.639594
84 5 2 0.000000
84 5 3 0.638326
84 5 4 0.000000
84 5 5 0.503825
84 6 1 0.642646
84 6 2 0.662983
84 6 3 0.000000
84 6 4 0.588136
84 6 5 0.506877
84 7 1 0.658517
84 7 2 0.678854
84 7 3 0.657249
84 7 4 0.000000
84 7 5 0.522748
84 8 1 0.642451
84 8 2 0.000000
84 8 3 0.641183
84 8 4 0.587941
84 8 5 0.000000
84 9 1 0.000000
84 9 2 0.651103
84 9 3 0.000000
84 9 4 0.576256
84 9 5 0.000000
84 10 1 0.637992
84 10 2 0.658329
84 10 3 0.636724
84 10 4 0.583482
84 10 5 0.502224
85 1 1 0.651651
85 1 2 0.000000
85 1 3 0.650383
85 1 4 0.000000
85 1 5 0.000000
85 2 1 0.000000
85 2 2 0.660516
85 2 3 0.000000
85 2 4 0.585669
85 2 5 0.000000
85 3 1 0.640640
85 3 2 0.660977
85 3 3 0.639372
85 3 4 0.000000
85 3 5 0.504872
85 4 1 0.644407
85 4 2 0.664744
85 4 3 0.000000
85 4 4 0.589897
85 4 5 0.000000
85 5 1 0.639594
85 5 2 0.000000
85 5 3 0.638326
85 5 4 0.000000
85 5 5 0.503825
85 6 1 0.642646
85 6 2 0.662983
85 6 3 0.000000
85 6 4 0.588136
85 6 5 0.506877
85 7 1 0.658517
85 7 2 0.678854
85 7 3 0.657249
85 7 4 0.000000
85 7 5 0.522748
85 8 1 0.642451
85 8 2 0.000000
85 8 3 0.641183
85 8 4 0.587941
85 8 5 0.000000
85 9 1 0.000000
85 9 2 0.651103
85 9 3 0.000000
85 9 4 0.576256
85 9 5 0.000000
85 10 1 0.637992
85 10 2 0.658329
85 10 3 0.636724
85 10 4 0.583482
85 10 5 0.502224
86 1 1 0.651651
86 1 2 0.000000
86 1 3 0.650383
86 1 4 0.000000
86 1 5 0.000000
86 2 1 0.000000
86 2 2 0.660516
86 2 3 0.000000
86 2 4 0.585669
86 2 5 0.000000
86 3 1 0.640640
86 3 2 0.660977
86 3 3 0.639372
86 3 4 0.000000
86 3 5 0.504872
86 4 1 0.644407
86 4 2 0.664744
86 4 3 0.000000
86 4 4 0.589897
86 4 5 0.000000
86 5 1 0.639594
86 5 2 0.000000
86 5 3 0.638326
86 5 4 0.000000
86 5 5 0.503825
86 6 1 0.642646
86 6 2 0.662983
86 6 3 0.000000
86 6 4 0.588136
86 6 5 0.506877
86 7 1 0.658517
86 7 2 0.678854
86 7 3 0.657249
86 7 4 0.000000
86 7 5 0.522748
86 8 1 0.642451
86 8 2 0.000000
86 8 3 0.641183
86 8 4 0.587941
86 8 5 0.000000
86 9 1 0.000000
86 9 2 0.651103
86 9 3 0.000000
86 9 4 0.576256
86 9 5 0.000000
86 10 1 0.637992
86 10 2 0.658329
86 10 3 0.636724
86 10 4 0.583482
86 10 5 0.502224
87 1 1 0.651651
87 1 2 0.000000
87 1 3 0.650383
87 1 4 0.000000
87 1 5 0.000000
87 2 1 0.000000
87 2 2 0.660516
87 2 3 0.000000
87 2 4 0.585669
87 2 5 0.000000
87 3 1 0.640640
87 3 2 0.660977
87 3 3 0.639372
87 3 4 0.000000
87 3 5 0.504872
87 4 1 0.644407
87 4 2 0.664744
87 4 3 0.000000
87 4 4 0.589897
87 4 5 0.000000
87 5 1 0.639594
87 5 2 0.000000
87 5 3 0.638326
87 5 4 0.000000
87 5 5 0.503825
87 6 1 0.642646
87 6 2 0.662983
87 6 3 0.000000
87 6 4 0.588136
87 6 5 0.506877
87 7 1 0.658517
87 7 2 0.678854
87 7 3 0.657249
87 7 4 0.000000
87 7 5 0.522748
87 8 1 0.642451
87 8 2 0.000000
87 8 3 0.641183
87 8 4 0.587941
87 8 5 0.000000
87 9 1 0.000000
87 9 2 0.651103
87 9 3 0.000000
87 9 4 0.576256
87 9 5 0.000000
87 10 1 0.637992
87 10 2 0.658329
87 10 3 0.636724
87 10 4 0.583482
87 10 5 0.502224
88 1 1 0.651651
88 1 2 0.000000
88 1 3 0.650383
88 1 4 0.000000
88 1 5 0.000000
88 2 1 0.000000
88 2 2 0.660516
88 2 3 0.000000
88 2 4 0.585669
88 2 5 0.000000
88 3 1 0.640640
88 3 2 0.660977
88 3 3 0.639372
88 3 4 0.000000
88 3 5 0.504872
88 4 1 0.644407
88 4 2 0.664744
88 4 3 0.000000
88 4 4 0.589897
88 4 5 0.000000
88 5 1 0.639594
88 5 2 0.000000
88 5 3 0.638326
88 5 4 0.000000
88 5 5 0.503825
88 6 1 0.642646
88 6 2 0.662983
88 6 3 0.000000
88 6 4 0.588136
88 6 5 0.506877
88 7 1 0.658517
88 7 2 0.678854
88 7 3 0.657249
88 7 4 0.000000
88 7 5 0.522748
88 8 1 0.642451
88 8 2 0.000000
88 8 3 0.641183
88 8 4 0.587941
88 8 5 0.000000
88 9 1 0.000000
88 9 2 0.651103
88 9 3 0.000000
88 9 4 0.576256
88 9 5 0.000000
88 10 1 0.637992
88 10 2 0.658329
88 10 3 0.636724
88 10 4 0.583482
88 10 5 0.502224
89 1 1 0.651651
89 1 2 0.000000
89 1 3 0.650383
89 1 4 0.000000
89 1 5 0.000000
89 2 1 0.000000
89 2 2 0.660516
89 2 3 0.000000
89 2 4 0.585669
89 2 5 0.000000
89 3 1 0.640640
89 3 2 0.660977
89 3 3 0.639372
89 3 4 0.000000
89 3 5 0.504872
89 4 1 0.644407
89 4 2 0.664744
89 4 3 0.000000
89 4 4 0.589897
89 4 5 0.000000
89 5 1 0.639594
89 5 2 0.000000
89 5 3 0.638326
89 5 4 0.000000
89 5 5 0.503825
89 6 1 0.642646
89 6 2 0.662983
89 6 3 0.000000
89 6 4 0.588136
89 6 5 0.506877
89 7 1 0.658517
89 7 2 0.678854
89 7 3 0.657249
89 7 4 0.000000
89 7 5 0.522748
89 8 1 0.642451
89 8 2 0.000000
89 8 3 0.641183
89 8 4 0.587941
89 8 5 0.000000
89 9 1 0.000000
89 9 2 0.651103
89 9 3 0.000000
89 9 4 0.576256
89 9 5 0.000000
89 10 1 0.637992
89 10 2 0.658329
89 10 3 0.636724
89 10 4 0.583482
89 10 5 0.502224
90 1 1 0.651651
90 1 2 0.000000
90 1 3 0.650383
90 1 4 0.000000
90 1 5 0.000000
90 2 1 0.000000
90 2 2 0.660516
90 2 3 0.000000
90 2 4 0.585669
90 2 5 0.000000
90 3 1 0.640640
90 3 2 0.660977
90 3 3 0.639372
90 3 4 0.000000
90 3 5 0.504872
90 4 1 0.644407
90 4 2 0.664744
90 4 3 0.000000
90 4 4 0.589897
90 4 5 0.000000
90 5 1 0.639594
90 5 2 0.000000
90 5 3 0.638326
90 5 4 0.000000
90 5 5 0.503825
90 6 1 0.642646
90 6 2 0.662983
90 6 3 0.000000
90 6 4 0.588136
90 6 5 0.506877
90 7 1 0.658517
90 7 2 0.678854
90 7 3 0.657249
90 7 4 0.000000
90 7 5 0.522748
90 8 1 0.642451
90 8 2 0.000000
90 8 3 0.641183
90 8 4 0.587941
90 8 5 0.000000
90 9 1 0.000000
90 9 2 0.651103
90 9 3 0.000000
90 9 4 0.576256
90 9 5 0.000000
90 10 1 0.637992
90 10 2 0.658329
90 10 3 0.636724
90 10 4 0.583482
90 10 5 0.502224
91 1 1 0.651651
91 1 2 0.000000
91 1 3 0.650383
91 1 4 0.000000
91 1 5 0.000000
91 2 1 0.000000
91 2 2 0.660516
91 2 3 0.000000
91 2 4 0.585669
91 2 5 0.000000
91 3 1 0.640640
91 3 2 0.660977
91 3 3 0.639372
91 3 4 0.000000
91 3 5 0.504872
91 4 1 0.644407
91 4 2 0.664744
91 4 3 0.000000
91 4 4 0.589897
91 4 5 0.000000
91 5 1 0.639594
91 5 2 0.000000
91 5 3 0.638326
91 5 4 0.000000
91 5 5 0.503825
91 6 1 0.642646
91 6 2 0.662983
91 6 3 0.000000
91 6 4 0.588136
91 6 5 0.506877
91 7 1 0.658517
91 7 2 0.678854
91 7 3 0.657249
91 7 4 0.000000
91 7 5 0.522748
91 8 1 0.642451
91 8 2 0.000000
91 8 3 0.641183
91 8 4 0.587941
91 8 5 0.000000
91 9 1 0.000000
91 9 2 0.651103
91 9 3 0.000000
91 9 4 0.576256
91 9 5 0.000000
91 10 1 0.637992
91 10 2 0.658329
91 10 3 0.636724
91 10 4 0.583482
91 10 5 0.502224
92 1 1 0.651651
92 1 2 0.000000
92 1 3 0.650383
92 1 4 0.000000
92 1 5 0.000000
92 2 1 0.000000
92 2 2 0.660516
92 2 3 0.000000
92 2 4 0.585669
92 2 5 0.000000
92 3 1 0.640640
92 3 2 0.660977
92 3 3 0.639372
92 3 4 0.000000
92 3 5 0.504872
92 4 1 0.644407
92 4 2 0.664744
92 4 3 0.000000
92 4 4 0.589897
92 4 5 0.000000
92 5 1 0.639594
92 5 2 0.000000
92 5 3 0.638326
92 5 4 0.000000
92 5 5 0.503825
92 6 1 0.642646
92 6 2 0.662983
92 6 3 0.000000
92 6 4 0.588136
92 6 5 0.506877
92 7 1 0.658517
92 7 2 0.678854
92 7 3 0.657249
92 7 4 0.000000
92 7 5 0.522748
92 8 1 0.642451
92 8 2 0.000000
92 8 3 0.641183
92 8 4 0.587941
92 8 5 0.000000
92 9 1 0.000000
92 9 2 0.651103
92 9 3 0.000000
92 9 4 0.576256
92 9 5 0.000000
92 10 1 0.637992
92 10 2 0.658329
92 10 3 0.636724
92 10 4 0.583482
92 10 5 0.502224
93 1 1 0.651651
93 1 2 0.000000
93 1 3 0.650383
93 1 4 0.000000
93 1 5 0.000000
93 2 1 0.000000
93 2 2 0.660516
93 2 3 0.000000
93 2 4 0.585669
93 2 5 0.000000
93 3 1 0.640640
93 3 2 0.660977
93 3 3 0.639372
93 3 4 0.000000
93 3 5 0.504872
93 4 1 0.644407
93 4 2 0.664744
93 4 3 0.000000
93 4 4 0.589897
93 4 5 0.000000
93 5 1 0.639594
93 5 2 0.000000
93 5 3 0.638326
93 5 4 0.000000
93 5 5 0.503825
93 6 1 0.642646
93 6 2 0.662983
93 6 3 0.000000
93 6 4 0.588136
93 6 5 0.506877
93 7 1 0.658517
93 7 2 0.678854
93 7 3 0.657249
93 7 4 0.000000
93 7 5 0.522748
93 8 1 0.642451
93 8 2 0.000000
93 8 3 0.641183
93 8 4 0.587941
93 8 5 0.000000
93 9 1 0.000000
93 9 2 0.651103
93 9 3 0.000000
93 9 4 0.576256
93 9 5 0.000000
93 10 1 0.637992
93 10 2 0.658329
93 10 3 0.636724
93 10 4 0.583482
93 10 5 0.502224
94 1 1 0.651651
94 1 2 0.000000
94 1 3 0.650383
94 1 4 0.000000
94 1 5 0.000000
94 2 1 0.000000
94 2 2 0.660516
94 2 3 0.000000
94 2 4 0.585669
94 2 5 0.000000
94 3 1 0.640640
94 3 2 0.660977
94 3 3 0.639372
94 3 4 0.000000
94 3 5 0.504872
94 4 1 0.644407
94 4 2 0.664744
94 4 3 0.000000
94 4 4 0.589897
94 4 5 0.000000
94 5 1 0.639594
94 5 2 0.000000
94 5 3 0.638326
94 5 4 0.000000
94 5 5 0.503825
94 6 1 0.642646
94 6 2 0.662983
94 6 3 0.000000
94 6 4 0.588136
94 6 5 0.506877
94 7 1 0.658517
94 7 2 0.678854
94 7 3 0.657249
94 7 4 0.000000
94 7 5 0.522748
94 8 1 0.642451
94 8 2 0.000000
94 8 3 0.641183
94 8 4 0.587941
94 8 5 0.000000
94 9 1 0.000000
94 9 2 0.651103
94 9 3 0.000000
94 9 4 0.576256
94 9 5 0.000000
94 10 1 0.637992
94 10 2 0.658329
94 10 3 0.636724
94 10 4 0.583482
94 10 5 0.502224
95 1 1 0.651651
95 1 2 0.000000
95 1 3 0.650383
95 1 4 0.000000
95 1 5 0.000000
95 2 1 0.000000
95 2 2 0.660516
95 2 3 0.000000
95 2 4 0.585669
95 2 5 0.000000
95 3 1 0.640640
95 3 2 0.660977
95 3 3 0.639372
95 3 4 0.000000
95 3 5 0.504872
95 4 1 0.644407
95 4 2 0.664744
95 4 3 0.000000
95 4 4 0.589897
95 4 5 0.000000
95 5 1 0.639594
95 5 2 0.000000
95 5 3 0.638326
95 5 4 0.000000
95 5 5 0.503825
95 6 1 0.642646
95 6 2 0.662983
95 6 3 0.000000
95 6 4 0.588136
95 6 5 0.506877
95 7 1 0.658517
95 7 2 0.678854
95 7 3 0.657249
95 7 4 0.000000
95 7 5 0.522748
95 8 1 0.642451
95 8 2 0.000000
95 8 3 0.641183
95 8 4 0.587941
95 8 5 0.000000
95 9 1 0.000000
95 9 2 0.651103
95 9 3 0.000000
95 9 4 0.576256
95 9 5 0.000000
95 10 1 0.637992
95 10 2 0.658329
95 10 3 0.636724
95 10 4 0.583482
95 10 5 0.502224
96 1 1 0.651651
96 1 2 0.000000
96 1 3 0.650383
96 1 4 0.000000
96 1 5 0.000000
96 2 1 0.000000
96 2 2 0.660516
96 2 3 0.000000
96 2 4 0.585669
96 2 5 0.000000
96 3 1 0.640640
96 3 2 0.660977
96 3 3 0.639372
96 3 4 0.000000
96 3 5 0.504872
96 4 1 0.644407
96 4 2 0.664744
96 4 3 0.000000
96 4 4 0.589897
96 4 5 0.000000
96 5 1 0.639594
96 5 2 0.000000
96 5 3 0.638326
96 5 4 0.000000
96 5 5 0.503825
96 6 1 0.642646
96 6 2 0.662983
96 6 3 0.000000
96 6 4 0.588136
96 6 5 0.506877
96 7 1 0.658517
96 7 2 0.678854
96 7 3 0.657249
96 7 4 0.000000
96 7 5 0.522748
96 8 1 0.642451
96 8 2 0.000000
96 8 3 0.641183
96 8 4 0.587941
96 8 5 0.000000
96 9 1 0.000000
96 9 2 0.651103
96 9 3 0.000000
96 9 4 0.576256
96 9 5 0.000000
96 10 1 0.637992
96 10 2 0.658329
96 10 3 0.636724
96 10 4 0.583482
96 10 5 0.502224
97 1 1 0.651651
97 1 2 0.000000
97 1 3 0.650383
97 1 4 0.000000
97 1 5 0.000000
97 2 1 0.000000
97 2 2 0.660516
97 2 3 0.000000
97 2 4 0.585669
97 2 5 0.000000
97 3 1 0.640640
97 3 2 0.660977
97 3 3 0.639372
97 3 4 0.000000
97 3 5 0.504872
97 4 1 0.644407
97 4 2 0.664744
97 4 3 0.000000
97 4 4 0.589897
97 4 5 0.000000
97 5 1 0.639594
97 5 2 0.000000
97 5 3 0.638326
97 5 4 0.000000
97 5 5 0.503825
97 6 1 0.642646
97 6 2 0.662983
97 6 3 0.000000
97 6 4 0.588136
97 6 5 0.506877
97 7 1 0.658517
97 7 2 0.678854
97 7 3 0.657249
97 7 4 0.000000
97 7 5 0.522748
97 8 1 0.642451
97 8 2 0.000000
97 8 3 0.641183
97 8 4 0.587941
97 8 5 0.000000
97 9 1 0.000000
97 9 2 0.651103
97 9 3 0.000000
97 9 4 0.576256
97 9 5 0.000000
97 10 1 0.637992
97 10 2 0.658329
97 10 3 0.636724
97 10 4 0.583482
97 10 5 0.502224
98 1 1 0.651651
98 1 2 0.000000
98 1 3 0.650383
98 1 4 0.000000
98 1 5 0.000000
98 2 1 0.000000
98 2 2 0.660516
98 2 3 0.000000
98 2 4 0.585669
98 2 5 0.000000
98 3 1 0.640640
98 3 2 0.660977
98 3 3 0.639372
98 3 4 0.000000
98 3 5 0.504872
98 4 1 0.644407
98 4 2 0.664744
98 4 3 0.000000
98 4 4 0.589897
98 4 5 0.000000
98 5 1 0.639594
98 5 2 0.000000
98 5 3 0.638326
98 5 4 0.000000
98 5 5 0.503825
98 6 1 0.642646
98 6 2 0.662983
98 6 3 0.000000
98 6 4 0.588136
98 6 5 0.506877
98 7 1 0.658517
98 7 2 0.678854
98 7 3 0.657249
98 7 4 0.000000
98 7 5 0.522748
98 8 1 0.642451
98 8 2 0.000000
98 8 3 0.641183
98 8 4 0.587941
98 8 5 0.000000
98 9 1 0.000000
98 9 2 0.651103
98 9 3 0.000000
98 9 4 0.576256
98 9 5 0.000000
98 10 1 0.637992
98 10 2 0.658329
98 10 3 0.636724
98 10 4 0.583482
98 10 5 0.502224
99 1 1 0.651651
99 1 2 0.000000
99 1 3 0.650383
99 1 4 0.000000
99 1 5 0.000000
99 2 1 0.000000
99 2 2 0.660516
99 2 3 0.000000
99 2 4 0.585669
99 2 5 0.000000
99 3 1 0.640640
99 3 2 0.660977
99 3 3 0.639372
99 3 4 0.000000
99 3 5 0.504872
99 4 1 0.644407
99 4 2 0.664744
99 4 3 0.000000
99 4 4 0.589897
99 4 5 0.000000
99 5 1 0.639594
99 5 2 0.000000
99 5 3 0.638326
99 5 4 0.000000
99 5 5 0.503825
99 6 1 0.642646
99 6 2 0.662983
99 6 3 0.000000
99 6 4 0.588136
99 6 5 0.506877
99 7 1 0.658517
99 7 2 0.678854
99 7 3 0.657249
99 7 4 0.000000
99 7 5 0.522748
99 8 1 0.642451
99 8 2 0.000000
99 8 3 0.641183
99 8 4 0.587941
99 8 5 0.000000
99 9 1 0.000000
99 9 2 0.651103
99 9 3 0.000000
99 9 4 0.576256
99 9 5 0.000000
99 10 1 0.637992
99 10 2 0.658329
99 10 3 0.636724
99 10 4 0.583482
99 10 5 0.502224
100 1 1 0.651651
100 1 2 0.000000
100 1 3 0.650383
100 1 4 0.000000
100 1 5 0.000000
100 2 1 0.000000
100 2 2 0.660516
100 2 3 0.000000
100 2 4 0.585669
100 2 5 0.000000
100 3 1 0.640640
100 3 2 0.660977
100 3 3 0.639372
100 3 4 0.000000
100 3 5 0.504872
100 4 1 0.644407
100 4 2 0.664744
100 4 3 0.000000
100 4 4 0.589897
100 4 5 0.000000
100 5 1 0.639594
100 5 2 0.000000
100 5 3 0.638326
100 5 4 0.000000
100 5 5 0.503825
100 6 1 0.642646
100 6 2 0.662983
100 6 3 0.000000
100 6 4 0.588136
100 6 5 0.506877
100 7 1 0.658517
100 7 2 0.678854
100 7 3 0.657249
100 7 4 0.000000
100 7 5 0.522748
100 8 1 0.642451
100 8 2 0.000000
100 8 3 0.641183
100 8 4 0.587941
100 8 5 0.000000
100 9 1 0.000000
100 9 2 0.651103
100 9 3 0.000000
100 9 4 0.576256
100 9 5 0.000000
100 10 1 0.637992
100 10 2 0.658329
100 10 3 0.636724
100 10 4 0.583482
100 10 5 0.502224
101 1 1 0.651651
101 1 2 0.000000
101 1 3 0.650383
101 1 4 0.000000
101 1 5 0.000000
101 2 1 0.000000
101 2 2 0.660516
101 2 3 0.000000
101 2 4 0.585669
101 2 5 0.000000
101 3 1 0.640640
101 3 2 0.660977
101 3 3 0.639372
101 3 4 0.000000
101 3 5 0.504872
101 4 1 0.644407
101 4 2 0.664744
101 4 3 0.000000
101 4 4 0.589897
101 4 5 0.000000
101 5 1 0.639594
101 5 2 0.000000
101 5 3 0.638326
101 5 4 0.000000
101 5 5 0.503825
101 6 1 0.642646
101 6 2 0.662983
101 6 3 0.000000
101 6 4 0.588136
101 6 5 0.506877
101 7 1 0.658517
101 7 2 0.678854
101 7 3 0.657249
101 7 4 0.000000
101 7 5 0.522748
101 8 1 0.642451
101 8 2 0.000000
101 8 3 0.641183
101 8 4 0.587941
101 8 5 0.000000
101 9 1 0.000000
101 9 2 0.651103
101 9 3 0.000000
101 9 4 0.576256
101 9 5 0.000000
101 10 1 0.637992
101 10 2 0.658329
101 10 3 0.636724
101 10 4 0.583482
101 10 5 0.502224
102 1 1 0.651651
102 1 2 0.000000
102 1 3 0.650383
102 1 4 0.000000
102 1 5 0.000000
102 2 1 0.000000
102 2 2 0.660516
102 2 3 0.000000
102 2 4 0.585669
102 2 5 0.000000
102 3 1 0.640640
102 3 2 0.660977
102 3 3 0.639372
102 3 4 0.000000
102 3 5 0.504872
102 4 1 0.644407
102 4 2 0.664744
102 4 3 0.000000
102 4 4 0.589897
102 4 5 0.000000
102 5 1 0.639594
102 5 2 0.000000
102 5 3 0.638326
102 5 4 0.000000
102 5 5 0.503825
102 6 1 0.642646
102 6 2 0.662983
102 6 3 0.000000
102 6 4 0.588136
102 6 5 0.506877
102 7 1 0.658517
102 7 2 0.678854
102 7 3 0.657249
102 7 4 0.000000
102 7 5 0.522748
102 8 1 0.642451
102 8 2 0.000000
102 8 3 0.641183
102 8 4 0.587941
102 8 5 0.000000
102 9 1 0.000000
102 9 2 0.651103
102 9 3 0.000000
102 9 4 0.576256
102 9 5 0.000000
102 10 1 0.637992
102 10 2 0.658329
102 10 3 0.636724
102 10 4 0.583482
102 10 5 0.502224
103 1 1 0.651651
103 1 2 0.000000
103 1 3 0.650383
103 1 4 0.000000
103 1 5 0.000000
103 2 1 0.000000
103 2 2 0.660516
103 2 3 0.000000
103 2 4 0.585669
103 2 5 0.000000
103 3 1 0.640640
103 3 2 0.660977
103 3 3 0.639372
103 3 4 0.000000
103 3 5 0.504872
103 4 1 0.644407
103 4 2 0.664744
103 4 3 0.000000
103 4 4 0.589897
103 4 5 0.000000
103 5 1 0.639594
103 5 2 0.000000
103 5 3 0.638326
103 5 4 0.000000
103 5 5 0.503825
103 6 1 0.642646
103 6 2 0.662983
103 6 3 0.000000
103 6 4 0.588136
103 6 5 0.506877
103 7 1 0.658517
103 7 2 0.678854
103 7 3 0.657249
103 7 4 0.000000
103 7 5 0.522748
103 8 1 0.642451
103 8 2 0.000000
103 8 3 0.641183
103 8 4 0.587941
103 8 5 0.000000
103 9 1 0.000000
103 9 2 0.651103
103 9 3 0.000000
103 9 4 0.576256
103 9 5 0.000000
103 10 1 0.637992
103 10 2 0.658329
103 10 3 0.636724
103 10 4 0.583482
103 10 5 0.502224
104 1 1 0.651651
104 1 2 0.000000
104 1 3 0.650383
104 1 4 0.000000
104 1 5 0.000000
104 2 1 0.000000
104 2 2 0.660516
104 2 3 0.000000
104 2 4 0.585669
104 2 5 0.000000
104 3 1 0.640640
104 3 2 0.660977
104 3 3 0.639372
104 3 4 0.000000
104 3 5 0.504872
104 4 1 0.644407
104 4 2 0.664744
104 4 3 0.000000
104 4 4 0.589897
104 4 5 0.000000
104 5 1 0.639594
104 5 2 0.000000
104 5 3 0.638326
104 5 4 0.000000
104 5 5 0.503825
104 6 1 0.642646
104 6 2 0.662983
104 6 3 0.000000
104 6 4 0.588136
104 6 5 0.506877
104 7 1 0.658517
104 7 2 0.678854
104 7 3 0.657249
104 7 4 0.000000
104 7 5 0.522748
104 8 1 0.642451
104 8 2 0.000000
104 8 3 0.641183
104 8 4 0.587941
104 8 5 0.000000
104 9 1 0.000000
104 9 2 0.651103
104 9 3 0.000000
104 9 4 0.576256
104 9 5 0.000000
104 10 1 0.637992
104 10 2 0.658329
104 10 3 0.636724
104 10 4 0.583482
104 10 5 0.502224
105 1 1 0.651651
105 1 2 0.000000
105 1 3 0.650383
105 1 4 0.000000
105 1 5 0.000000
105 2 1 0.000000
105 2 2 0.660516
105 2 3 0.000000
105 2 4 0.585669
105 2 5 0.000000
105 3 1 0.640640
105 3 2 0.660977
105 3 3 0.639372
105 3 4 0.000000
105 3 5 0.504872
105 4 1 0.644407
105 4 2 0.664744
105 4 3 0.000000
105 4 4 0.589897
105 4 5 0.000000
105 5 1 0.639594
105 5 2 0.000000
105 5 3 0.638326
105 5 4 0.000000
105 5 5 0.503825
105 6 1 0.642646
105 6 2 0.662983
105 6 3 0.000000
105 6 4 0.588136
105 6 5 0.506877
105 7 1 0.658517
105 7 2 0.678854
105 7 3 0.657249
105 7 4 0.000000
105 7 5 0.522748
105 8 1 0.642451
105 8 2 0.000000
105 8 3 0.641183
105 8 4 0.587941
105 8 5 0.000000
105 9 1 0.000000
105 9 2 0.651103
105 9 3 0.000000
105 9 4 0.576256
105 9 5 0.000000
105 10 1 0.637992
105 10 2 0.658329
105 10 3 0.636724
105 10 4 0.583482
105 10 5 0.502224
106 1 1 0.651651
106 1 2 0.000000
106 1 3 0.650383
106 1 4 0.000000
106 1 5 0.000000
106 2 1 0.000000
106 2 2 0.660516
106 2 3 0.000000
106 2 4 0.585669
106 2 5 0.000000
106 3 1 0.640640
106 3 2 0.660977
106 3 3 0.639372
106 3 4 0.000000
106 3 5 0.504872
106 4 1 0.644407
106 4 2 0.664744
106 4 3 0.000000
106 4 4 0.589897
106 4 5 0.000000
106 5 1 0.639594
106 5 2 0.000000
106 5 3 0.638326
106 5 4 0.000000
106 5 5 0.503825
106 6 1 0.642646
106 6 2 0.662983
106 6 3 0.000000
106 6 4 0.588136
106 6 5 0.506877
106 7 1 0.658517
106 7 2 0.678854
106 7 3 0.657249
106 7 4 0.000000
106 7 5 0.522748
106 8 1 0.642451
106 8 2 0.000000
106 8 3 0.641183
106 8 4 0.587941
106 8 5 0.000000
106 9 1 0.000000
106 9 2 0.651103
106 9 3 0.000000
106 9 4 0.576256
106 9 5 0.000000
106 10 1 0.637992
106 10 2 0.658329
106 10 3 0.636724
106 10 4 0.583482
106 10 5 0.502224
107 1 1 0.651651
107 1 2 0.000000
107 1 3 0.650383
107 1 4 0.000000
107 1 5 0.000000
107 2 1 0.000000
107 2 2 0.660516
107 2 3 0.000000
107 2 4 0.585669
107 2 5 0.000000
107 3 1 0.640640
107 3 2 0.660977
107 3 3 0.639372
107 3 4 0.000000
107 3 5 0.504872
107 4 1 0.644407
107 4 2 0.664744
107 4 3 0.000000
107 4 4 0.589897
107 4 5 0.000000
107 5 1 0.639594
107 5 2 0.000000
107 5 3 0.638326
107 5 4 0.000000
107 5 5 0.503825
107 6 1 0.642646
107 6 2 0.662983
107 6 3 0.000000
107 6 4 0.588136
107 6 5 0.506877
107 7 1 0.658517
107 7 2 0.678854
107 7 3 0.657249
107 7 4 0.000000
107 7 5 0.522748
107 8 1 0.642451
107 8 2 0.000000
107 8 3 0.641183
107 8 4 0.587941
107 8 5 0.000000
107 9 1 0.000000
107 9 2 0.651103
107 9 3 0.000000
107 9 4 0.576256
107 9 5 0.000000
107 10 1 0.637992
107 10 2 0.658329
107 10 3 0.636724
107 10 4 0.583482
107 10 5 0.502224
108 1 1 0.651651
108 1 2 0.000000
108 1 3 0.650383
108 1 4 0.000000
108 1 5 0.000000
108 2 1 0.000000
108 2 2 0.660516
108 2 3 0.000000
108 2 4 0.585669
108 2 5 0.000000
108 3 1 0.640640
108 3 2 0.660977
108 3 3 0.639372
108 3 4 0.000000
108 3 5 0.504872
108 4 1 0.644407
108 4 2 0.664744
108 4 3 0.000000
108 4 4 0.589897
108 4 5 0.000000
108 5 1 0.639594
108 5 2 0.000000
108 5 3 0.638326
108 5 4 0.000000
108 5 5 0.503825
108 6 1 0.642646
108 6 2 0.662983
108 6 3 0.000000
108 6 4 0.588136
108 6 5 0.506877
108 7 1 0.658517
108 7 2 0.678854
108 7 3 0.657249
108 7 4 0.000000
108 7 5 0.522748
108 8 1 0.642451
108 8 2 0.000000
108 8 3 0.641183
108 8 4 0.587941
108 8 5 0.000000
108 9 1 0.000000
108 9 2 0.651103
108 9 3 0.000000
108 9 4 0.576256
108 9 5 0.000000
108 10 1 0.637992
108 10 2 0.658329
108 10 3 0.636724
108 10 4 0.583482
108 10 5 0.502224
109 1 1 0.651651
109 1 2 0.000000
109 1 3 0.650383
109 1 4 0.000000
109 1 5 0.000000
109 2 1 0.000000
109 2 2 0.660516
109 2 3 0.000000
109 2 4 0.585669
109 2 5 0.000000
109 3 1 0.640640
109 3 2 0.660977
109 3 3 0.639372
109 3 4 0.000000
109 3 5 0.504872
109 4 1 0.644407
109 4 2 0.664744
109 4 3 0.000000
109 4 4 0.589897
109 4 5 0.000000
109 5 1 0.639594
109 5 2 0.000000
109 5 3 0.638326
109 5 4 0.000000
109 5 5 0.503825
109 6 1 0.642646
109 6 2 0.662983
109 6 3 0.000000
109 6 4 0.588136
109 6 5 0.506877
109 7 1 0.658517
109 7 2 0.678854
109 7 3 0.657249
109 7 4 0.000000
109 7 5 0.522748
109 8 1 0.642451
109 8 2 0.000000
109 8 3 0.641183
109 8 4 0.587941
109 8 5 0.000000
109 9 1 0.000000
109 9 2 0.651103
109 9 3 0.000000
109 9 4 0.576256
109 9 5 0.000000
109 10 1 0.637992
109 10 2 0.658329
109 10 3 0.636724
109 10 4 0.583482
109 10 5 0.502224
110 1 1 0.651651
110 1 2 0.000000
110 1 3 0.650383
110 1 4 0.000000
110 1 5 0.000000
110 2 1 0.000000
110 2 2 0.660516
110 2 3 0.000000
110 2 4 0.585669
110 2 5 0.000000
110 3 1 0.640640
110 3 2 0.660977
110 3 3 0.639372
110 3 4 0.000000
110 3 5 0.504872
110 4 1 0.644407
110 4 2 0.664744
110 4 3 0.000000
110 4 4 0.589897
110 4 5 0.000000
110 5 1 0.639594
110 5 2 0.000000
110 5 3 0.638326
110 5 4 0.000000
110 5 5 0.503825
110 6 1 0.642646
110 6 2 0.662983
110 6 3 0.000000
110 6 4 0.588136
110 6 5 0.506877
110 7 1 0.658517
110 7 2 0.678854
110 7 3 0.657249
110 7 4 0.000000
110 7 5 0.522748
110 8 1 0.642451
110 8 2 0.000000
110 8 3 0.641183
110 8 4 0.587941
110 8 5 0.000000
110 9 1 0.000000
110 9 2 0.651103
110 9 3 0.000000
110 9 4 0.576256
110 9 5 0.000000
110 10 1 0.637992
110 10 2 0.658329
110 10 3 0.636724
110 10 4 0.583482
110 10 5 0.502224
