1 1 1 0.648524
1 1 2 0.000000
1 1 3 0.652711
1 1 4 0.000000
1 1 5 0.000000
1 2 1 0.000000
1 2 2 0.669501
1 2 3 0.000000
1 2 4 0.597879
1 2 5 0.000000
1 3 1 0.653606
1 3 2 0.677883
1 3 3 0.657793
1 3 4 0.000000
1 3 5 0.524159
1 4 1 0.636383
1 4 2 0.660661
1 4 3 0.000000
1 4 4 0.589039
1 4 5 0.000000
1 5 1 0.639388
1 5 2 0.000000
1 5 3 0.643575
1 5 4 0.000000
1 5 5 0.509941
1 6 1 0.634148
1 6 2 0.658426
1 6 3 0.000000
1 6 4 0.586804
1 6 5 0.504702
1 7 1 0.634036
1 7 2 0.658313
1 7 3 0.638223
1 7 4 0.000000
1 7 5 0.504589
1 8 1 0.638770
1 8 2 0.000000
1 8 3 0.642958
1 8 4 0.591425
1 8 5 0.000000
1 9 1 0.000000
1 9 2 0.655749
1 9 3 0.000000
1 9 4 0.584127
1 9 5 0.000000
1 10 1 0.635683
1 10 2 0.659960
1 10 3 0.639870
1 10 4 0.588338
1 10 5 0.506236
2 1 1 0.648524
2 1 2 0.000000
2 1 3 0.652711
2 1 4 0.000000
2 1 5 0.000000
2 2 1 0.000000
2 2 2 0.669501
2 2 3 0.000000
2 2 4 0.597879
2 2 5 0.000000
2 3 1 0.653606
2 3 2 0.677883
2 3 3 0.657793
2 3 4 0.000000
2 3 5 0.524159
2 4 1 0.636383
2 4 2 0.660661
2 4 3 0.000000
2 4 4 0.589039
2 4 5 0.000000
2 5 1 0.639388
2 5 2 0.000000
2 5 3 0.643575
2 5 4 0.000000
2 5 5 0.509941
2 6 1 0.634148
2 6 2 0.658426
2 6 3 0.000000
2 6 4 0.586804
2 6 5 0.504702
2 7 1 0.634036
2 7 2 0.658313
2 7 3 0.638223
2 7 4 0.000000
2 7 5 0.504589
2 8 1 0.638770
2 8 2 0.000000
2 8 3 0.642958
2 8 4 0.591425
2 8 5 0.000000
2 9 1 0.000000
2 9 2 0.655749
2 9 3 0.000000
2 9 4 0.584127
2 9 5 0.000000
2 10 1 0.635683
2 10 2 0.659960
2 10 3 0.639870
2 10 4 0.588338
2 10 5 0.506236
3 1 1 0.648524
3 1 2 0.000000
3 1 3 0.652711
3 1 4 0.000000
3 1 5 0.000000
3 2 1 0.000000
3 2 2 0.669501
3 2 3 0.000000
3 2 4 0.597879
3 2 5 0.000000
3 3 1 0.653606
3 3 2 0.677883
3 3 3 0.657793
3 3 4 0.000000
3 3 5 0.524159
3 4 1 0.636383
3 4 2 0.660661
3 4 3 0.000000
3 4 4 0.589039
3 4 5 0.000000
3 5 1 0.639388
3 5 2 0.000000
3 5 3 0.643575
3 5 4 0.000000
3 5 5 0.509941
3 6 1 0.634148
3 6 2 0.658426
3 6 3 0.000000
3 6 4 0.586804
3 6 5 0.504702
3 7 1 0.634036
3 7 2 0.658313
3 7 3 0.638223
3 7 4 0.000000
3 7 5 0.504589
3 8 1 0.638770
3 8 2 0.000000
3 8 3 0.642958
3 8 4 0.591425
3 8 5 0.000000
3 9 1 0.000000
3 9 2 0.655749
3 9 3 0.000000
3 9 4 0.584127
3 9 5 0.000000
3 10 1 0.635683
3 10 2 0.659960
3 10 3 0.639870
3 10 4 0.588338
3 10 5 0.506236
4 1 1 0.648524
4 1 2 0.000000
4 1 3 0.652711
4 1 4 0.000000
4 1 5 0.000000
4 2 1 0.000000
4 2 2 0.669501
4 2 3 0.000000
4 2 4 0.597879
4 2 5 0.000000
4 3 1 0.653606
4 3 2 0.677883
4 3 3 0.657793
4 3 4 0.000000
4 3 5 0.524159
4 4 1 0.636383
4 4 2 0.660661
4 4 3 0.000000
4 4 4 0.589039
4 4 5 0.000000
4 5 1 0.639388
4 5 2 0.000000
4 5 3 0.643575
4 5 4 0.000000
4 5 5 0.509941
4 6 1 0.634148
4 6 2 0.658426
4 6 3 0.000000
4 6 4 0.586804
4 6 5 0.504702
4 7 1 0.634036
4 7 2 0.658313
4 7 3 0.638223
4 7 4 0.000000
4 7 5 0.504589
4 8 1 0.638770
4 8 2 0.000000
4 8 3 0.642958
4 8 4 0.591425
4 8 5 0.000000
4 9 1 0.000000
4 9 2 0.655749
4 9 3 0.000000
4 9 4 0.584127
4 9 5 0.000000
4 10 1 0.635683
4 10 2 0.659960
4 10 3 0.639870
4 10 4 0.588338
4 10 5 0.506236
5 1 1 0.648524
5 1 2 0.000000
5 1 3 0.652711
5 1 4 0.000000
5 1 5 0.000000
5 2 1 0.000000
5 2 2 0.669501
5 2 3 0.000000
5 2 4 0.597879
5 2 5 0.000000
5 3 1 0.653606
5 3 2 0.677883
5 3 3 0.657793
5 3 4 0.000000
5 3 5 0.524159
5 4 1 0.636383
5 4 2 0.660661
5 4 3 0.000000
5 4 4 0.589039
5 4 5 0.000000
5 5 1 0.639388
5 5 2 0.000000
5 5 3 0.643575
5 5 4 0.000000
5 5 5 0.509941
5 6 1 0.634148
5 6 2 0.658426
5 6 3 0.000000
5 6 4 0.586804
5 6 5 0.504702
5 7 1 0.634036
5 7 2 0.658313
5 7 3 0.638223
5 7 4 0.000000
5 7 5 0.504589
5 8 1 0.638770
5 8 2 0.000000
5 8 3 0.642958
5 8 4 0.591425
5 8 5 0.000000
5 9 1 0.000000
5 9 2 0.655749
5 9 3 0.000000
5 9 4 0.584127
5 9 5 0.000000
5 10 1 0.635683
5 10 2 0.659960
5 10 3 0.639870
5 10 4 0.588338
5 10 5 0.506236
6 1 1 0.648524
6 1 2 0.000000
6 1 3 0.652711
6 1 4 0.000000
6 1 5 0.000000
6 2 1 0.000000
6 2 2 0.669501
6 2 3 0.000000
6 2 4 0.597879
6 2 5 0.000000
6 3 1 0.653606
6 3 2 0.677883
6 3 3 0.657793
6 3 4 0.000000
6 3 5 0.524159
6 4 1 0.636383
6 4 2 0.660661
6 4 3 0.000000
6 4 4 0.589039
6 4 5 0.000000
6 5 1 0.639388
6 5 2 0.000000
6 5 3 0.643575
6 5 4 0.000000
6 5 5 0.509941
6 6 1 0.634148
6 6 2 0.658426
6 6 3 0.000000
6 6 4 0.586804
6 6 5 0.504702
6 7 1 0.634036
6 7 2 0.658313
6 7 3 0.638223
6 7 4 0.000000
6 7 5 0.504589
6 8 1 0.638770
6 8 2 0.000000
6 8 3 0.642958
6 8 4 0.591425
6 8 5 0.000000
6 9 1 0.000000
6 9 2 0.655749
6 9 3 0.000000
6 9 4 0.584127
6 9 5 0.000000
6 10 1 0.635683
6 10 2 0.659960
6 10 3 0.639870
6 10 4 0.588338
6 10 5 0.506236
7 1 1 0.648524
7 1 2 0.000000
7 1 3 0.652711
7 1 4 0.000000
7 1 5 0.000000
7 2 1 0.000000
7 2 2 0.669501
7 2 3 0.000000
7 2 4 0.597879
7 2 5 0.000000
7 3 1 0.653606
7 3 2 0.677883
7 3 3 0.657793
7 3 4 0.000000
7 3 5 0.524159
7 4 1 0.636383
7 4 2 0.660661
7 4 3 0.000000
7 4 4 0.589039
7 4 5 0.000000
7 5 1 0.639388
7 5 2 0.000000
7 5 3 0.643575
7 5 4 0.000000
7 5 5 0.509941
7 6 1 0.634148
7 6 2 0.658426
7 6 3 0.000000
7 6 4 0.586804
7 6 5 0.504702
7 7 1 0.634036
7 7 2 0.658313
7 7 3 0.638223
7 7 4 0.000000
7 7 5 0.504589
7 8 1 0.638770
7 8 2 0.000000
7 8 3 0.642958
7 8 4 0.591425
7 8 5 0.000000
7 9 1 0.000000
7 9 2 0.655749
7 9 3 0.000000
7 9 4 0.584127
7 9 5 0.000000
7 10 1 0.635683
7 10 2 0.659960
7 10 3 0.639870
7 10 4 0.588338
7 10 5 0.506236
8 1 1 0.648524
8 1 2 0.000000
8 1 3 0.652711
8 1 4 0.000000
8 1 5 0.000000
8 2 1 0.000000
8 2 2 0.669501
8 2 3 0.000000
8 2 4 0.597879
8 2 5 0.000000
8 3 1 0.653606
8 3 2 0.677883
8 3 3 0.657793
8 3 4 0.000000
8 3 5 0.524159
8 4 1 0.636383
8 4 2 0.660661
8 4 3 0.000000
8 4 4 0.589039
8 4 5 0.000000
8 5 1 0.639388
8 5 2 0.000000
8 5 3 0.643575
8 5 4 0.000000
8 5 5 0.509941
8 6 1 0.634148
8 6 2 0.658426
8 6 3 0.000000
8 6 4 0.586804
8 6 5 0.504702
8 7 1 0.634036
8 7 2 0.658313
8 7 3 0.638223
8 7 4 0.000000
8 7 5 0.504589
8 8 1 0.638770
8 8 2 0.000000
8 8 3 0.642958
8 8 4 0.591425
8 8 5 0.000000
8 9 1 0.000000
8 9 2 0.655749
8 9 3 0.000000
8 9 4 0.584127
8 9 5 0.000000
8 10 1 0.635683
8 10 2 0.659960
8 10 3 0.639870
8 10 4 0.588338
8 10 5 0.506236
9 1 1 0.648524
9 1 2 0.000000
9 1 3 0.652711
9 1 4 0.000000
9 1 5 0.000000
9 2 1 0.000000
9 2 2 0.669501
9 2 3 0.000000
9 2 4 0.597879
9 2 5 0.000000
9 3 1 0.653606
9 3 2 0.677883
9 3 3 0.657793
9 3 4 0.000000
9 3 5 0.524159
9 4 1 0.636383
9 4 2 0.660661
9 4 3 0.000000
9 4 4 0.589039
9 4 5 0.000000
9 5 1 0.639388
9 5 2 0.000000
9 5 3 0.643575
9 5 4 0.000000
9 5 5 0.509941
9 6 1 0.634148
9 6 2 0.658426
9 6 3 0.000000
9 6 4 0.586804
9 6 5 0.504702
9 7 1 0.634036
9 7 2 0.658313
9 7 3 0.638223
9 7 4 0.000000
9 7 5 0.504589
9 8 1 0.638770
9 8 2 0.000000
9 8 3 0.642958
9 8 4 0.591425
9 8 5 0.000000
9 9 1 0.000000
9 9 2 0.655749
9 9 3 0.000000
9 9 4 0.584127
9 9 5 0.000000
9 10 1 0.635683
9 10 2 0.659960
9 10 3 0.639870
9 10 4 0.588338
9 10 5 0.506236
10 1 1 0.648524
10 1 2 0.000000
10 1 3 0.652711
10 1 4 0.000000
10 1 5 0.000000
10 2 1 0.000000
10 2 2 0.669501
10 2 3 0.000000
10 2 4 0.597879
10 2 5 0.000000
10 3 1 0.653606
10 3 2 0.677883
10 3 3 0.657793
10 3 4 0.000000
10 3 5 0.524159
10 4 1 0.636383
10 4 2 0.660661
10 4 3 0.000000
10 4 4 0.589039
10 4 5 0.000000
10 5 1 0.639388
10 5 2 0.000000
10 5 3 0.643575
10 5 4 0.000000
10 5 5 0.509941
10 6 1 0.634148
10 6 2 0.658426
10 6 3 0.000000
10 6 4 0.586804
10 6 5 0.504702
10 7 1 0.634036
10 7 2 0.658313
10 7 3 0.638223
10 7 4 0.000000
10 7 5 0.504589
10 8 1 0.638770
10 8 2 0.000000
10 8 3 0.642958
10 8 4 0.591425
10 8 5 0.000000
10 9 1 0.000000
10 9 2 0.655749
10 9 3 0.000000
10 9 4 0.584127
10 9 5 0.000000
10 10 1 0.635683
10 10 2 0.659960
10 10 3 0.639870
10 10 4 0.588338
10 10 5 0.506236
11 1 1 0.648524
11 1 2 0.000000
11 1 3 0.652711
11 1 4 0.000000
11 1 5 0.000000
11 2 1 0.000000
11 2 2 0.669501
11 2 3 0.000000
11 2 4 0.597879
11 2 5 0.000000
11 3 1 0.653606
11 3 2 0.677883
11 3 3 0.657793
11 3 4 0.000000
11 3 5 0.524159
11 4 1 0.636383
11 4 2 0.660661
11 4 3 0.000000
11 4 4 0.589039
11 4 5 0.000000
11 5 1 0.639388
11 5 2 0.000000
11 5 3 0.643575
11 5 4 0.000000
11 5 5 0.509941
11 6 1 0.634148
11 6 2 0.658426
11 6 3 0.000000
11 6 4 0.586804
11 6 5 0.504702
11 7 1 0.634036
11 7 2 0.658313
11 7 3 0.638223
11 7 4 0.000000
11 7 5 0.504589
11 8 1 0.638770
11 8 2 0.000000
11 8 3 0.642958
11 8 4 0.591425
11 8 5 0.000000
11 9 1 0.000000
11 9 2 0.655749
11 9 3 0.000000
11 9 4 0.584127
11 9 5 0.000000
11 10 1 0.635683
11 10 2 0.659960
11 10 3 0.639870
11 10 4 0.588338
11 10 5 0.506236
12 1 1 0.648524
12 1 2 0.000000
12 1 3 0.652711
12 1 4 0.000000
12 1 5 0.000000
12 2 1 0.000000
12 2 2 0.669501
12 2 3 0.000000
12 2 4 0.597879
12 2 5 0.000000
12 3 1 0.653606
12 3 2 0.677883
12 3 3 0.657793
12 3 4 0.000000
12 3 5 0.524159
12 4 1 0.636383
12 4 2 0.660661
12 4 3 0.000000
12 4 4 0.589039
12 4 5 0.000000
12 5 1 0.639388
12 5 2 0.000000
12 5 3 0.643575
12 5 4 0.000000
12 5 5 0.509941
12 6 1 0.634148
12 6 2 0.658426
12 6 3 0.000000
12 6 4 0.586804
12 6 5 0.504702
12 7 1 0.634036
12 7 2 0.658313
12 7 3 0.638223
12 7 4 0.000000
12 7 5 0.504589
12 8 1 0.638770
12 8 2 0.000000
12 8 3 0.642958
12 8 4 0.591425
12 8 5 0.000000
12 9 1 0.000000
12 9 2 0.655749
12 9 3 0.000000
12 9 4 0.584127
12 9 5 0.000000
12 10 1 0.635683
12 10 2 0.659960
12 10 3 0.639870
12 10 4 0.588338
12 10 5 0.506236
13 1 1 0.648524
13 1 2 0.000000
13 1 3 0.652711
13 1 4 0.000000
13 1 5 0.000000
13 2 1 0.000000
13 2 2 0.669501
13 2 3 0.000000
13 2 4 0.597879
13 2 5 0.000000
13 3 1 0.653606
13 3 2 0.677883
13 3 3 0.657793
13 3 4 0.000000
13 3 5 0.524159
13 4 1 0.636383
13 4 2 0.660661
13 4 3 0.000000
13 4 4 0.589039
13 4 5 0.000000
13 5 1 0.639388
13 5 2 0.000000
13 5 3 0.643575
13 5 4 0.000000
13 5 5 0.509941
13 6 1 0.634148
13 6 2 0.658426
13 6 3 0.000000
13 6 4 0.586804
13 6 5 0.504702
13 7 1 0.634036
13 7 2 0.658313
13 7 3 0.638223
13 7 4 0.000000
13 7 5 0.504589
13 8 1 0.638770
13 8 2 0.000000
13 8 3 0.642958
13 8 4 0.591425
13 8 5 0.000000
13 9 1 0.000000
13 9 2 0.655749
13 9 3 0.000000
13 9 4 0.584127
13 9 5 0.000000
13 10 1 0.635683
13 10 2 0.659960
13 10 3 0.639870
13 10 4 0.588338
13 10 5 0.506236
14 1 1 0.648524
14 1 2 0.000000
14 1 3 0.652711
14 1 4 0.000000
14 1 5 0.000000
14 2 1 0.000000
14 2 2 0.669501
14 2 3 0.000000
14 2 4 0.597879
14 2 5 0.000000
14 3 1 0.653606
14 3 2 0.677883
14 3 3 0.657793
14 3 4 0.000000
14 3 5 0.524159
14 4 1 0.636383
14 4 2 0.660661
14 4 3 0.000000
14 4 4 0.589039
14 4 5 0.000000
14 5 1 0.639388
14 5 2 0.000000
14 5 3 0.643575
14 5 4 0.000000
14 5 5 0.509941
14 6 1 0.634148
14 6 2 0.658426
14 6 3 0.000000
14 6 4 0.586804
14 6 5 0.504702
14 7 1 0.634036
14 7 2 0.658313
14 7 3 0.638223
14 7 4 0.000000
14 7 5 0.504589
14 8 1 0.638770
14 8 2 0.000000
14 8 3 0.642958
14 8 4 0.591425
14 8 5 0.000000
14 9 1 0.000000
14 9 2 0.655749
14 9 3 0.000000
14 9 4 0.584127
14 9 5 0.000000
14 10 1 0.635683
14 10 2 0.659960
14 10 3 0.639870
14 10 4 0.588338
14 10 5 0.506236
15 1 1 0.648524
15 1 2 0.000000
15 1 3 0.652711
15 1 4 0.000000
15 1 5 0.000000
15 2 1 0.000000
15 2 2 0.669501
15 2 3 0.000000
15 2 4 0.597879
15 2 5 0.000000
15 3 1 0.653606
15 3 2 0.677883
15 3 3 0.657793
15 3 4 0.000000
15 3 5 0.524159
15 4 1 0.636383
15 4 2 0.660661
15 4 3 0.000000
15 4 4 0.589039
15 4 5 0.000000
15 5 1 0.639388
15 5 2 0.000000
15 5 3 0.643575
15 5 4 0.000000
15 5 5 0.509941
15 6 1 0.634148
15 6 2 0.658426
15 6 3 0.000000
15 6 4 0.586804
15 6 5 0.504702
15 7 1 0.634036
15 7 2 0.658313
15 7 3 0.638223
15 7 4 0.000000
15 7 5 0.504589
15 8 1 0.638770
15 8 2 0.000000
15 8 3 0.642958
15 8 4 0.591425
15 8 5 0.000000
15 9 1 0.000000
15 9 2 0.655749
15 9 3 0.000000
15 9 4 0.584127
15 9 5 0.000000
15 10 1 0.635683
15 10 2 0.659960
15 10 3 0.639870
15 10 4 0.588338
15 10 5 0.506236
16 1 1 0.648524
16 1 2 0.000000
16 1 3 0.652711
16 1 4 0.000000
16 1 5 0.000000
16 2 1 0.000000
16 2 2 0.669501
16 2 3 0.000000
16 2 4 0.597879
16 2 5 0.000000
16 3 1 0.653606
16 3 2 0.677883
16 3 3 0.657793
16 3 4 0.000000
16 3 5 0.524159
16 4 1 0.636383
16 4 2 0.660661
16 4 3 0.000000
16 4 4 0.589039
16 4 5 0.000000
16 5 1 0.639388
16 5 2 0.000000
16 5 3 0.643575
16 5 4 0.000000
16 5 5 0.509941
16 6 1 0.634148
16 6 2 0.658426
16 6 3 0.000000
16 6 4 0.586804
16 6 5 0.504702
16 7 1 0.634036
16 7 2 0.658313
16 7 3 0.638223
16 7 4 0.000000
16 7 5 0.504589
16 8 1 0.638770
16 8 2 0.000000
16 8 3 0.642958
16 8 4 0.591425
16 8 5 0.000000
16 9 1 0.000000
16 9 2 0.655749
16 9 3 0.000000
16 9 4 0.584127
16 9 5 0.000000
16 10 1 0.635683
16 10 2 0.659960
16 10 3 0.639870
16 10 4 0.588338
16 10 5 0.506236
17 1 1 0.648524
17 1 2 0.000000
17 1 3 0.652711
17 1 4 0.000000
17 1 5 0.000000
17 2 1 0.000000
17 2 2 0.669501
17 2 3 0.000000
17 2 4 0.597879
17 2 5 0.000000
17 3 1 0.653606
17 3 2 0.677883
17 3 3 0.657793
17 3 4 0.000000
17 3 5 0.524159
17 4 1 0.636383
17 4 2 0.660661
17 4 3 0.000000
17 4 4 0.589039
17 4 5 0.000000
17 5 1 0.639388
17 5 2 0.000000
17 5 3 0.643575
17 5 4 0.000000
17 5 5 0.509941
17 6 1 0.634148
17 6 2 0.658426
17 6 3 0.000000
17 6 4 0.586804
17 6 5 0.504702
17 7 1 0.634036
17 7 2 0.658313
17 7 3 0.638223
17 7 4 0.000000
17 7 5 0.504589
17 8 1 0.638770
17 8 2 0.000000
17 8 3 0.642958
17 8 4 0.591425
17 8 5 0.000000
17 9 1 0.000000
17 9 2 0.655749
17 9 3 0.000000
17 9 4 0.584127
17 9 5 0.000000
17 10 1 0.635683
17 10 2 0.659960
17 10 3 0.639870
17 10 4 0.588338
17 10 5 0.506236
18 1 1 0.648524
18 1 2 0.000000
18 1 3 0.652711
18 1 4 0.000000
18 1 5 0.000000
18 2 1 0.000000
18 2 2 0.669501
18 2 3 0.000000
18 2 4 0.597879
18 2 5 0.000000
18 3 1 0.653606
18 3 2 0.677883
18 3 3 0.657793
18 3 4 0.000000
18 3 5 0.524159
18 4 1 0.636383
18 4 2 0.660661
18 4 3 0.000000
18 4 4 0.589039
18 4 5 0.000000
18 5 1 0.639388
18 5 2 0.000000
18 5 3 0.643575
18 5 4 0.000000
18 5 5 0.509941
18 6 1 0.634148
18 6 2 0.658426
18 6 3 0.000000
18 6 4 0.586804
18 6 5 0.504702
18 7 1 0.634036
18 7 2 0.658313
18 7 3 0.638223
18 7 4 0.000000
18 7 5 0.504589
18 8 1 0.638770
18 8 2 0.000000
18 8 3 0.642958
18 8 4 0.591425
18 8 5 0.000000
18 9 1 0.000000
18 9 2 0.655749
18 9 3 0.000000
18 9 4 0.584127
18 9 5 0.000000
18 10 1 0.635683
18 10 2 0.659960
18 10 3 0.639870
18 10 4 0.588338
18 10 5 0.506236
19 1 1 0.648524
19 1 2 0.000000
19 1 3 0.652711
19 1 4 0.000000
19 1 5 0.000000
19 2 1 0.000000
19 2 2 0.669501
19 2 3 0.000000
19 2 4 0.597879
19 2 5 0.000000
19 3 1 0.653606
19 3 2 0.677883
19 3 3 0.657793
19 3 4 0.000000
19 3 5 0.524159
19 4 1 0.636383
19 4 2 0.660661
19 4 3 0.000000
19 4 4 0.589039
19 4 5 0.000000
19 5 1 0.639388
19 5 2 0.000000
19 5 3 0.643575
19 5 4 0.000000
19 5 5 0.509941
19 6 1 0.634148
19 6 2 0.658426
19 6 3 0.000000
19 6 4 0.586804
19 6 5 0.504702
19 7 1 0.634036
19 7 2 0.658313
19 7 3 0.638223
19 7 4 0.000000
19 7 5 0.504589
19 8 1 0.638770
19 8 2 0.000000
19 8 3 0.642958
19 8 4 0.591425
19 8 5 0.000000
19 9 1 0.000000
19 9 2 0.655749
19 9 3 0.000000
19 9 4 0.584127
19 9 5 0.000000
19 10 1 0.635683
19 10 2 0.659960
19 10 3 0.639870
19 10 4 0.588338
19 10 5 0.506236
20 1 1 0.648524
20 1 2 0.000000
20 1 3 0.652711
20 1 4 0.000000
20 1 5 0.000000
20 2 1 0.000000
20 2 2 0.669501
20 2 3 0.000000
20 2 4 0.597879
20 2 5 0.000000
20 3 1 0.653606
20 3 2 0.677883
20 3 3 0.657793
20 3 4 0.000000
20 3 5 0.524159
20 4 1 0.636383
20 4 2 0.660661
20 4 3 0.000000
20 4 4 0.589039
20 4 5 0.000000
20 5 1 0.639388
20 5 2 0.000000
20 5 3 0.643575
20 5 4 0.000000
20 5 5 0.509941
20 6 1 0.634148
20 6 2 0.658426
20 6 3 0.000000
20 6 4 0.586804
20 6 5 0.504702
20 7 1 0.634036
20 7 2 0.658313
20 7 3 0.638223
20 7 4 0.000000
20 7 5 0.504589
20 8 1 0.638770
20 8 2 0.000000
20 8 3 0.642958
20 8 4 0.591425
20 8 5 0.000000
20 9 1 0.000000
20 9 2 0.655749
20 9 3 0.000000
20 9 4 0.584127
20 9 5 0.000000
20 10 1 0.635683
20 10 2 0.659960
20 10 3 0.639870
20 10 4 0.588338
20 10 5 0.506236
21 1 1 0.648524
21 1 2 0.000000
21 1 3 0.652711
21 1 4 0.000000
21 1 5 0.000000
21 2 1 0.000000
21 2 2 0.669501
21 2 3 0.000000
21 2 4 0.597879
21 2 5 0.000000
21 3 1 0.653606
21 3 2 0.677883
21 3 3 0.657793
21 3 4 0.000000
21 3 5 0.524159
21 4 1 0.636383
21 4 2 0.660661
21 4 3 0.000000
21 4 4 0.589039
21 4 5 0.000000
21 5 1 0.639388
21 5 2 0.000000
21 5 3 0.643575
21 5 4 0.000000
21 5 5 0.509941
21 6 1 0.634148
21 6 2 0.658426
21 6 3 0.000000
21 6 4 0.586804
21 6 5 0.504702
21 7 1 0.634036
21 7 2 0.658313
21 7 3 0.638223
21 7 4 0.000000
21 7 5 0.504589
21 8 1 0.638770
21 8 2 0.000000
21 8 3 0.642958
21 8 4 0.591425
21 8 5 0.000000
21 9 1 0.000000
21 9 2 0.655749
21 9 3 0.000000
21 9 4 0.584127
21 9 5 0.000000
21 10 1 0.635683
21 10 2 0.659960
21 10 3 0.639870
21 10 4 0.588338
21 10 5 0.506236
22 1 1 0.648524
22 1 2 0.000000
22 1 3 0.652711
22 1 4 0.000000
22 1 5 0.000000
22 2 1 0.000000
22 2 2 0.669501
22 2 3 0.000000
22 2 4 0.597879
22 2 5 0.000000
22 3 1 0.653606
22 3 2 0.677883
22 3 3 0.657793
22 3 4 0.000000
22 3 5 0.524159
22 4 1 0.636383
22 4 2 0.660661
22 4 3 0.000000
22 4 4 0.589039
22 4 5 0.000000
22 5 1 0.639388
22 5 2 0.000000
22 5 3 0.643575
22 5 4 0.000000
22 5 5 0.509941
22 6 1 0.634148
22 6 2 0.658426
22 6 3 0.000000
22 6 4 0.586804
22 6 5 0.504702
22 7 1 0.634036
22 7 2 0.658313
22 7 3 0.638223
22 7 4 0.000000
22 7 5 0.504589
22 8 1 0.638770
22 8 2 0.000000
22 8 3 0.642958
22 8 4 0.591425
22 8 5 0.000000
22 9 1 0.000000
22 9 2 0.655749
22 9 3 0.000000
22 9 4 0.584127
22 9 5 0.000000
22 10 1 0.635683
22 10 2 0.659960
22 10 3 0.639870
22 10 4 0.588338
22 10 5 0.506236
23 1 1 0.648524
23 1 2 0.000000
23 1 3 0.652711
23 1 4 0.000000
23 1 5 0.000000
23 2 1 0.000000
23 2 2 0.669501
23 2 3 0.000000
23 2 4 0.597879
23 2 5 0.000000
23 3 1 0.653606
23 3 2 0.677883
23 3 3 0.657793
23 3 4 0.000000
23 3 5 0.524159
23 4 1 0.636383
23 4 2 0.660661
23 4 3 0.000000
23 4 4 0.589039
23 4 5 0.000000
23 5 1 0.639388
23 5 2 0.000000
23 5 3 0.643575
23 5 4 0.000000
23 5 5 0.509941
23 6 1 0.634148
23 6 2 0.658426
23 6 3 0.000000
23 6 4 0.586804
23 6 5 0.504702
23 7 1 0.634036
23 7 2 0.658313
23 7 3 0.638223
23 7 4 0.000000
23 7 5 0.504589
23 8 1 0.638770
23 8 2 0.000000
23 8 3 0.642958
23 8 4 0.591425
23 8 5 0.000000
23 9 1 0.000000
23 9 2 0.655749
23 9 3 0.000000
23 9 4 0.584127
23 9 5 0.000000
23 10 1 0.635683
23 10 2 0.659960
23 10 3 0.639870
23 10 4 0.588338
23 10 5 0.506236
24 1 1 0.648524
24 1 2 0.000000
24 1 3 0.652711
24 1 4 0.000000
24 1 5 0.000000
24 2 1 0.000000
24 2 2 0.669501
24 2 3 0.000000
24 2 4 0.597879
24 2 5 0.000000
24 3 1 0.653606
24 3 2 0.677883
24 3 3 0.657793
24 3 4 0.000000
24 3 5 0.524159
24 4 1 0.636383
24 4 2 0.660661
24 4 3 0.000000
24 4 4 0.589039
24 4 5 0.000000
24 5 1 0.639388
24 5 2 0.000000
24 5 3 0.643575
24 5 4 0.000000
24 5 5 0.509941
24 6 1 0.634148
24 6 2 0.658426
24 6 3 0.000000
24 6 4 0.586804
24 6 5 0.504702
24 7 1 0.634036
24 7 2 0.658313
24 7 3 0.638223
24 7 4 0.000000
24 7 5 0.504589
24 8 1 0.638770
24 8 2 0.000000
24 8 3 0.642958
24 8 4 0.591425
24 8 5 0.000000
24 9 1 0.000000
24 9 2 0.655749
24 9 3 0.000000
24 9 4 0.584127
24 9 5 0.000000
24 10 1 0.635683
24 10 2 0.659960
24 10 3 0.639870
24 10 4 0.588338
24 10 5 0.506236
25 1 1 0.648524
25 1 2 0.000000
25 1 3 0.652711
25 1 4 0.000000
25 1 5 0.000000
25 2 1 0.000000
25 2 2 0.669501
25 2 3 0.000000
25 2 4 0.597879
25 2 5 0.000000
25 3 1 0.653606
25 3 2 0.677883
25 3 3 0.657793
25 3 4 0.000000
25 3 5 0.524159
25 4 1 0.636383
25 4 2 0.660661
25 4 3 0.000000
25 4 4 0.589039
25 4 5 0.000000
25 5 1 0.639388
25 5 2 0.000000
25 5 3 0.643575
25 5 4 0.000000
25 5 5 0.509941
25 6 1 0.634148
25 6 2 0.658426
25 6 3 0.000000
25 6 4 0.586804
25 6 5 0.504702
25 7 1 0.634036
25 7 2 0.658313
25 7 3 0.638223
25 7 4 0.000000
25 7 5 0.504589
25 8 1 0.638770
25 8 2 0.000000
25 8 3 0.642958
25 8 4 0.591425
25 8 5 0.000000
25 9 1 0.000000
25 9 2 0.655749
25 9 3 0.000000
25 9 4 0.584127
25 9 5 0.000000
25 10 1 0.635683
25 10 2 0.659960
25 10 3 0.639870
25 10 4 0.588338
25 10 5 0.506236
26 1 1 0.648524
26 1 2 0.000000
26 1 3 0.652711
26 1 4 0.000000
26 1 5 0.000000
26 2 1 0.000000
26 2 2 0.669501
26 2 3 0.000000
26 2 4 0.597879
26 2 5 0.000000
26 3 1 0.653606
26 3 2 0.677883
26 3 3 0.657793
26 3 4 0.000000
26 3 5 0.524159
26 4 1 0.636383
26 4 2 0.660661
26 4 3 0.000000
26 4 4 0.589039
26 4 5 0.000000
26 5 1 0.639388
26 5 2 0.000000
26 5 3 0.643575
26 5 4 0.000000
26 5 5 0.509941
26 6 1 0.634148
26 6 2 0.658426
26 6 3 0.000000
26 6 4 0.586804
26 6 5 0.504702
26 7 1 0.634036
26 7 2 0.658313
26 7 3 0.638223
26 7 4 0.000000
26 7 5 0.504589
26 8 1 0.638770
26 8 2 0.000000
26 8 3 0.642958
26 8 4 0.591425
26 8 5 0.000000
26 9 1 0.000000
26 9 2 0.655749
26 9 3 0.000000
26 9 4 0.584127
26 9 5 0.000000
26 10 1 0.635683
26 10 2 0.659960
26 10 3 0.639870
26 10 4 0.588338
26 10 5 0.506236
27 1 1 0.648524
27 1 2 0.000000
27 1 3 0.652711
27 1 4 0.000000
27 1 5 0.000000
27 2 1 0.000000
27 2 2 0.669501
27 2 3 0.000000
27 2 4 0.597879
27 2 5 0.000000
27 3 1 0.653606
27 3 2 0.677883
27 3 3 0.657793
27 3 4 0.000000
27 3 5 0.524159
27 4 1 0.636383
27 4 2 0.660661
27 4 3 0.000000
27 4 4 0.589039
27 4 5 0.000000
27 5 1 0.639388
27 5 2 0.000000
27 5 3 0.643575
27 5 4 0.000000
27 5 5 0.509941
27 6 1 0.634148
27 6 2 0.658426
27 6 3 0.000000
27 6 4 0.586804
27 6 5 0.504702
27 7 1 0.634036
27 7 2 0.658313
27 7 3 0.638223
27 7 4 0.000000
27 7 5 0.504589
27 8 1 0.638770
27 8 2 0.000000
27 8 3 0.642958
27 8 4 0.591425
27 8 5 0.000000
27 9 1 0.000000
27 9 2 0.655749
27 9 3 0.000000
27 9 4 0.584127
27 9 5 0.000000
27 10 1 0.635683
27 10 2 0.659960
27 10 3 0.639870
27 10 4 0.588338
27 10 5 0.506236
28 1 1 0.648524
28 1 2 0.000000
28 1 3 0.652711
28 1 4 0.000000
28 1 5 0.000000
28 2 1 0.000000
28 2 2 0.669501
28 2 3 0.000000
28 2 4 0.597879
28 2 5 0.000000
28 3 1 0.653606
28 3 2 0.677883
28 3 3 0.657793
28 3 4 0.000000
28 3 5 0.524159
28 4 1 0.636383
28 4 2 0.660661
28 4 3 0.000000
28 4 4 0.589039
28 4 5 0.000000
28 5 1 0.639388
28 5 2 0.000000
28 5 3 0.643575
28 5 4 0.000000
28 5 5 0.509941
28 6 1 0.634148
28 6 2 0.658426
28 6 3 0.000000
28 6 4 0.586804
28 6 5 0.504702
28 7 1 0.634036
28 7 2 0.658313
28 7 3 0.638223
28 7 4 0.000000
28 7 5 0.504589
28 8 1 0.638770
28 8 2 0.000000
28 8 3 0.642958
28 8 4 0.591425
28 8 5 0.000000
28 9 1 0.000000
28 9 2 0.655749
28 9 3 0.000000
28 9 4 0.584127
28 9 5 0.000000
28 10 1 0.635683
28 10 2 0.659960
28 10 3 0.639870
28 10 4 0.588338
28 10 5 0.506236
29 1 1 0.648524
29 1 2 0.000000
29 1 3 0.652711
29 1 4 0.000000
29 1 5 0.000000
29 2 1 0.000000
29 2 2 0.669501
29 2 3 0.000000
29 2 4 0.597879
29 2 5 0.000000
29 3 1 0.653606
29 3 2 0.677883
29 3 3 0.657793
29 3 4 0.000000
29 3 5 0.524159
29 4 1 0.636383
29 4 2 0.660661
29 4 3 0.000000
29 4 4 0.589039
29 4 5 0.000000
29 5 1 0.639388
29 5 2 0.000000
29 5 3 0.643575
29 5 4 0.000000
29 5 5 0.509941
29 6 1 0.634148
29 6 2 0.658426
29 6 3 0.000000
29 6 4 0.586804
29 6 5 0.504702
29 7 1 0.634036
29 7 2 0.658313
29 7 3 0.638223
29 7 4 0.000000
29 7 5 0.504589
29 8 1 0.638770
29 8 2 0.000000
29 8 3 0.642958
29 8 4 0.591425
29 8 5 0.000000
29 9 1 0.000000
29 9 2 0.655749
29 9 3 0.000000
29 9 4 0.584127
29 9 5 0.000000
29 10 1 0.635683
29 10 2 0.659960
29 10 3 0.639870
29 10 4 0.588338
29 10 5 0.506236
30 1 1 0.648524
30 1 2 0.000000
30 1 3 0.652711
30 1 4 0.000000
30 1 5 0.000000
30 2 1 0.000000
30 2 2 0.669501
30 2 3 0.000000
30 2 4 0.597879
30 2 5 0.000000
30 3 1 0.653606
30 3 2 0.677883
30 3 3 0.657793
30 3 4 0.000000
30 3 5 0.524159
30 4 1 0.636383
30 4 2 0.660661
30 4 3 0.000000
30 4 4 0.589039
30 4 5 0.000000
30 5 1 0.639388
30 5 2 0.000000
30 5 3 0.643575
30 5 4 0.000000
30 5 5 0.509941
30 6 1 0.634148
30 6 2 0.658426
30 6 3 0.000000
30 6 4 0.586804
30 6 5 0.504702
30 7 1 0.634036
30 7 2 0.658313
30 7 3 0.638223
30 7 4 0.000000
30 7 5 0.504589
30 8 1 0.638770
30 8 2 0.000000
30 8 3 0.642958
30 8 4 0.591425
30 8 5 0.000000
30 9 1 0.000000
30 9 2 0.655749
30 9 3 0.000000
30 9 4 0.584127
30 9 5 0.000000
30 10 1 0.635683
30 10 2 0.659960
30 10 3 0.639870
30 10 4 0.588338
30 10 5 0.506236
31 1 1 0.648524
31 1 2 0.000000
31 1 3 0.652711
31 1 4 0.000000
31 1 5 0.000000
31 2 1 0.000000
31 2 2 0.669501
31 2 3 0.000000
31 2 4 0.597879
31 2 5 0.000000
31 3 1 0.653606
31 3 2 0.677883
31 3 3 0.657793
31 3 4 0.000000
31 3 5 0.524159
31 4 1 0.636383
31 4 2 0.660661
31 4 3 0.000000
31 4 4 0.589039
31 4 5 0.000000
31 5 1 0.639388
31 5 2 0.000000
31 5 3 0.643575
31 5 4 0.000000
31 5 5 0.509941
31 6 1 0.634148
31 6 2 0.658426
31 6 3 0.000000
31 6 4 0.586804
31 6 5 0.504702
31 7 1 0.634036
31 7 2 0.658313
31 7 3 0.638223
31 7 4 0.000000
31 7 5 0.504589
31 8 1 0.638770
31 8 2 0.000000
31 8 3 0.642958
31 8 4 0.591425
31 8 5 0.000000
31 9 1 0.000000
31 9 2 0.655749
31 9 3 0.000000
31 9 4 0.584127
31 9 5 0.000000
31 10 1 0.635683
31 10 2 0.659960
31 10 3 0.639870
31 10 4 0.588338
31 10 5 0.506236
32 1 1 0.648524
32 1 2 0.000000
32 1 3 0.652711
32 1 4 0.000000
32 1 5 0.000000
32 2 1 0.000000
32 2 2 0.669501
32 2 3 0.000000
32 2 4 0.597879
32 2 5 0.000000
32 3 1 0.653606
32 3 2 0.677883
32 3 3 0.657793
32 3 4 0.000000
32 3 5 0.524159
32 4 1 0.636383
32 4 2 0.660661
32 4 3 0.000000
32 4 4 0.589039
32 4 5 0.000000
32 5 1 0.639388
32 5 2 0.000000
32 5 3 0.643575
32 5 4 0.000000
32 5 5 0.509941
32 6 1 0.634148
32 6 2 0.658426
32 6 3 0.000000
32 6 4 0.586804
32 6 5 0.504702
32 7 1 0.634036
32 7 2 0.658313
32 7 3 0.638223
32 7 4 0.000000
32 7 5 0.504589
32 8 1 0.638770
32 8 2 0.000000
32 8 3 0.642958
32 8 4 0.591425
32 8 5 0.000000
32 9 1 0.000000
32 9 2 0.655749
32 9 3 0.000000
32 9 4 0.584127
32 9 5 0.000000
32 10 1 0.635683
32 10 2 0.659960
32 10 3 0.639870
32 10 4 0.588338
32 10 5 0.506236
33 1 1 0.648524
33 1 2 0.000000
33 1 3 0.652711
33 1 4 0.000000
33 1 5 0.000000
33 2 1 0.000000
33 2 2 0.669501
33 2 3 0.000000
33 2 4 0.597879
33 2 5 0.000000
33 3 1 0.653606
33 3 2 0.677883
33 3 3 0.657793
33 3 4 0.000000
33 3 5 0.524159
33 4 1 0.636383
33 4 2 0.660661
33 4 3 0.000000
33 4 4 0.589039
33 4 5 0.000000
33 5 1 0.639388
33 5 2 0.000000
33 5 3 0.643575
33 5 4 0.000000
33 5 5 0.509941
33 6 1 0.634148
33 6 2 0.658426
33 6 3 0.000000
33 6 4 0.586804
33 6 5 0.504702
33 7 1 0.634036
33 7 2 0.658313
33 7 3 0.638223
33 7 4 0.000000
33 7 5 0.504589
33 8 1 0.638770
33 8 2 0.000000
33 8 3 0.642958
33 8 4 0.591425
33 8 5 0.000000
33 9 1 0.000000
33 9 2 0.655749
33 9 3 0.000000
33 9 4 0.584127
33 9 5 0.000000
33 10 1 0.635683
33 10 2 0.659960
33 10 3 0.639870
33 10 4 0.588338
33 10 5 0.506236
34 1 1 0.648524
34 1 2 0.000000
34 1 3 0.652711
34 1 4 0.000000
34 1 5 0.000000
34 2 1 0.000000
34 2 2 0.669501
34 2 3 0.000000
34 2 4 0.597879
34 2 5 0.000000
34 3 1 0.653606
34 3 2 0.677883
34 3 3 0.657793
34 3 4 0.000000
34 3 5 0.524159
34 4 1 0.636383
34 4 2 0.660661
34 4 3 0.000000
34 4 4 0.589039
34 4 5 0.000000
34 5 1 0.639388
34 5 2 0.000000
34 5 3 0.643575
34 5 4 0.000000
34 5 5 0.509941
34 6 1 0.634148
34 6 2 0.658426
34 6 3 0.000000
34 6 4 0.586804
34 6 5 0.504702
34 7 1 0.634036
34 7 2 0.658313
34 7 3 0.638223
34 7 4 0.000000
34 7 5 0.504589
34 8 1 0.638770
34 8 2 0.000000
34 8 3 0.642958
34 8 4 0.591425
34 8 5 0.000000
34 9 1 0.000000
34 9 2 0.655749
34 9 3 0.000000
34 9 4 0.584127
34 9 5 0.000000
34 10 1 0.635683
34 10 2 0.659960
34 10 3 0.639870
34 10 4 0.588338
34 10 5 0.506236
35 1 1 0.648524
35 1 2 0.000000
35 1 3 0.652711
35 1 4 0.000000
35 1 5 0.000000
35 2 1 0.000000
35 2 2 0.669501
35 2 3 0.000000
35 2 4 0.597879
35 2 5 0.000000
35 3 1 0.653606
35 3 2 0.677883
35 3 3 0.657793
35 3 4 0.000000
35 3 5 0.524159
35 4 1 0.636383
35 4 2 0.660661
35 4 3 0.000000
35 4 4 0.589039
35 4 5 0.000000
35 5 1 0.639388
35 5 2 0.000000
35 5 3 0.643575
35 5 4 0.000000
35 5 5 0.509941
35 6 1 0.634148
35 6 2 0.658426
35 6 3 0.000000
35 6 4 0.586804
35 6 5 0.504702
35 7 1 0.634036
35 7 2 0.658313
35 7 3 0.638223
35 7 4 0.000000
35 7 5 0.504589
35 8 1 0.638770
35 8 2 0.000000
35 8 3 0.642958
35 8 4 0.591425
35 8 5 0.000000
35 9 1 0.000000
35 9 2 0.655749
35 9 3 0.000000
35 9 4 0.584127
35 9 5 0.000000
35 10 1 0.635683
35 10 2 0.659960
35 10 3 0.639870
35 10 4 0.588338
35 10 5 0.506236
36 1 1 0.648524
36 1 2 0.000000
36 1 3 0.652711
36 1 4 0.000000
36 1 5 0.000000
36 2 1 0.000000
36 2 2 0.669501
36 2 3 0.000000
36 2 4 0.597879
36 2 5 0.000000
36 3 1 0.653606
36 3 2 0.677883
36 3 3 0.657793
36 3 4 0.000000
36 3 5 0.524159
36 4 1 0.636383
36 4 2 0.660661
36 4 3 0.000000
36 4 4 0.589039
36 4 5 0.000000
36 5 1 0.639388
36 5 2 0.000000
36 5 3 0.643575
36 5 4 0.000000
36 5 5 0.509941
36 6 1 0.634148
36 6 2 0.658426
36 6 3 0.000000
36 6 4 0.586804
36 6 5 0.504702
36 7 1 0.634036
36 7 2 0.658313
36 7 3 0.638223
36 7 4 0.000000
36 7 5 0.504589
36 8 1 0.638770
36 8 2 0.000000
36 8 3 0.642958
36 8 4 0.591425
36 8 5 0.000000
36 9 1 0.000000
36 9 2 0.655749
36 9 3 0.000000
36 9 4 0.584127
36 9 5 0.000000
36 10 1 0.635683
36 10 2 0.659960
36 10 3 0.639870
36 10 4 0.588338
36 10 5 0.506236
37 1 1 0.648524
37 1 2 0.000000
37 1 3 0.652711
37 1 4 0.000000
37 1 5 0.000000
37 2 1 0.000000
37 2 2 0.669501
37 2 3 0.000000
37 2 4 0.597879
37 2 5 0.000000
37 3 1 0.653606
37 3 2 0.677883
37 3 3 0.657793
37 3 4 0.000000
37 3 5 0.524159
37 4 1 0.636383
37 4 2 0.660661
37 4 3 0.000000
37 4 4 0.589039
37 4 5 0.000000
37 5 1 0.639388
37 5 2 0.000000
37 5 3 0.643575
37 5 4 0.000000
37 5 5 0.509941
37 6 1 0.634148
37 6 2 0.658426
37 6 3 0.000000
37 6 4 0.586804
37 6 5 0.504702
37 7 1 0.634036
37 7 2 0.658313
37 7 3 0.638223
37 7 4 0.000000
37 7 5 0.504589
37 8 1 0.638770
37 8 2 0.000000
37 8 3 0.642958
37 8 4 0.591425
37 8 5 0.000000
37 9 1 0.000000
37 9 2 0.655749
37 9 3 0.000000
37 9 4 0.584127
37 9 5 0.000000
37 10 1 0.635683
37 10 2 0.659960
37 10 3 0.639870
37 10 4 0.588338
37 10 5 0.506236
38 1 1 0.648524
38 1 2 0.000000
38 1 3 0.652711
38 1 4 0.000000
38 1 5 0.000000
38 2 1 0.000000
38 2 2 0.669501
38 2 3 0.000000
38 2 4 0.597879
38 2 5 0.000000
38 3 1 0.653606
38 3 2 0.677883
38 3 3 0.657793
38 3 4 0.000000
38 3 5 0.524159
38 4 1 0.636383
38 4 2 0.660661
38 4 3 0.000000
38 4 4 0.589039
38 4 5 0.000000
38 5 1 0.639388
38 5 2 0.000000
38 5 3 0.643575
38 5 4 0.000000
38 5 5 0.509941
38 6 1 0.634148
38 6 2 0.658426
38 6 3 0.000000
38 6 4 0.586804
38 6 5 0.504702
38 7 1 0.634036
38 7 2 0.658313
38 7 3 0.638223
38 7 4 0.000000
38 7 5 0.504589
38 8 1 0.638770
38 8 2 0.000000
38 8 3 0.642958
38 8 4 0.591425
38 8 5 0.000000
38 9 1 0.000000
38 9 2 0.655749
38 9 3 0.000000
38 9 4 0.584127
38 9 5 0.000000
38 10 1 0.635683
38 10 2 0.659960
38 10 3 0.639870
38 10 4 0.588338
38 10 5 0.506236
39 1 1 0.648524
39 1 2 0.000000
39 1 3 0.652711
39 1 4 0.000000
39 1 5 0.000000
39 2 1 0.000000
39 2 2 0.669501
39 2 3 0.000000
39 2 4 0.597879
39 2 5 0.000000
39 3 1 0.653606
39 3 2 0.677883
39 3 3 0.657793
39 3 4 0.000000
39 3 5 0.524159
39 4 1 0.636383
39 4 2 0.660661
39 4 3 0.000000
39 4 4 0.589039
39 4 5 0.000000
39 5 1 0.639388
39 5 2 0.000000
39 5 3 0.643575
39 5 4 0.000000
39 5 5 0.509941
39 6 1 0.634148
39 6 2 0.658426
39 6 3 0.000000
39 6 4 0.586804
39 6 5 0.504702
39 7 1 0.634036
39 7 2 0.658313
39 7 3 0.638223
39 7 4 0.000000
39 7 5 0.504589
39 8 1 0.638770
39 8 2 0.000000
39 8 3 0.642958
39 8 4 0.591425
39 8 5 0.000000
39 9 1 0.000000
39 9 2 0.655749
39 9 3 0.000000
39 9 4 0.584127
39 9 5 0.000000
39 10 1 0.635683
39 10 2 0.659960
39 10 3 0.639870
39 10 4 0.588338
39 10 5 0.506236
40 1 1 0.648524
40 1 2 0.000000
40 1 3 0.652711
40 1 4 0.000000
40 1 5 0.000000
40 2 1 0.000000
40 2 2 0.669501
40 2 3 0.000000
40 2 4 0.597879
40 2 5 0.000000
40 3 1 0.653606
40 3 2 0.677883
40 3 3 0.657793
40 3 4 0.000000
40 3 5 0.524159
40 4 1 0.636383
40 4 2 0.660661
40 4 3 0.000000
40 4 4 0.589039
40 4 5 0.000000
40 5 1 0.639388
40 5 2 0.000000
40 5 3 0.643575
40 5 4 0.000000
40 5 5 0.509941
40 6 1 0.634148
40 6 2 0.658426
40 6 3 0.000000
40 6 4 0.586804
40 6 5 0.504702
40 7 1 0.634036
40 7 2 0.658313
40 7 3 0.638223
40 7 4 0.000000
40 7 5 0.504589
40 8 1 0.638770
40 8 2 0.000000
40 8 3 0.642958
40 8 4 0.591425
40 8 5 0.000000
40 9 1 0.000000
40 9 2 0.655749
40 9 3 0.000000
40 9 4 0.584127
40 9 5 0.000000
40 10 1 0.635683
40 10 2 0.659960
40 10 3 0.639870
40 10 4 0.588338
40 10 5 0.506236
41 1 1 0.648524
41 1 2 0.000000
41 1 3 0.652711
41 1 4 0.000000
41 1 5 0.000000
41 2 1 0.000000
41 2 2 0.669501
41 2 3 0.000000
41 2 4 0.597879
41 2 5 0.000000
41 3 1 0.653606
41 3 2 0.677883
41 3 3 0.657793
41 3 4 0.000000
41 3 5 0.524159
41 4 1 0.636383
41 4 2 0.660661
41 4 3 0.000000
41 4 4 0.589039
41 4 5 0.000000
41 5 1 0.639388
41 5 2 0.000000
41 5 3 0.643575
41 5 4 0.000000
41 5 5 0.509941
41 6 1 0.634148
41 6 2 0.658426
41 6 3 0.000000
41 6 4 0.586804
41 6 5 0.504702
41 7 1 0.634036
41 7 2 0.658313
41 7 3 0.638223
41 7 4 0.000000
41 7 5 0.504589
41 8 1 0.638770
41 8 2 0.000000
41 8 3 0.642958
41 8 4 0.591425
41 8 5 0.000000
41 9 1 0.000000
41 9 2 0.655749
41 9 3 0.000000
41 9 4 0.584127
41 9 5 0.000000
41 10 1 0.635683
41 10 2 0.659960
41 10 3 0.639870
41 10 4 0.588338
41 10 5 0.506236
42 1 1 0.648524
42 1 2 0.000000
42 1 3 0.652711
42 1 4 0.000000
42 1 5 0.000000
42 2 1 0.000000
42 2 2 0.669501
42 2 3 0.000000
42 2 4 0.597879
42 2 5 0.000000
42 3 1 0.653606
42 3 2 0.677883
42 3 3 0.657793
42 3 4 0.000000
42 3 5 0.524159
42 4 1 0.636383
42 4 2 0.660661
42 4 3 0.000000
42 4 4 0.589039
42 4 5 0.000000
42 5 1 0.639388
42 5 2 0.000000
42 5 3 0.643575
42 5 4 0.000000
42 5 5 0.509941
42 6 1 0.634148
42 6 2 0.658426
42 6 3 0.000000
42 6 4 0.586804
42 6 5 0.504702
42 7 1 0.634036
42 7 2 0.658313
42 7 3 0.638223
42 7 4 0.000000
42 7 5 0.504589
42 8 1 0.638770
42 8 2 0.000000
42 8 3 0.642958
42 8 4 0.591425
42 8 5 0.000000
42 9 1 0.000000
42 9 2 0.655749
42 9 3 0.000000
42 9 4 0.584127
42 9 5 0.000000
42 10 1 0.635683
42 10 2 0.659960
42 10 3 0.639870
42 10 4 0.588338
42 10 5 0.506236
43 1 1 0.648524
43 1 2 0.000000
43 1 3 0.652711
43 1 4 0.000000
43 1 5 0.000000
43 2 1 0.000000
43 2 2 0.669501
43 2 3 0.000000
43 2 4 0.597879
43 2 5 0.000000
43 3 1 0.653606
43 3 2 0.677883
43 3 3 0.657793
43 3 4 0.000000
43 3 5 0.524159
43 4 1 0.636383
43 4 2 0.660661
43 4 3 0.000000
43 4 4 0.589039
43 4 5 0.000000
43 5 1 0.639388
43 5 2 0.000000
43 5 3 0.643575
43 5 4 0.000000
43 5 5 0.509941
43 6 1 0.634148
43 6 2 0.658426
43 6 3 0.000000
43 6 4 0.586804
43 6 5 0.504702
43 7 1 0.634036
43 7 2 0.658313
43 7 3 0.638223
43 7 4 0.000000
43 7 5 0.504589
43 8 1 0.638770
43 8 2 0.000000
43 8 3 0.642958
43 8 4 0.591425
43 8 5 0.000000
43 9 1 0.000000
43 9 2 0.655749
43 9 3 0.000000
43 9 4 0.584127
43 9 5 0.000000
43 10 1 0.635683
43 10 2 0.659960
43 10 3 0.639870
43 10 4 0.588338
43 10 5 0.506236
44 1 1 0.648524
44 1 2 0.000000
44 1 3 0.652711
44 1 4 0.000000
44 1 5 0.000000
44 2 1 0.000000
44 2 2 0.669501
44 2 3 0.000000
44 2 4 0.597879
44 2 5 0.000000
44 3 1 0.653606
44 3 2 0.677883
44 3 3 0.657793
44 3 4 0.000000
44 3 5 0.524159
44 4 1 0.636383
44 4 2 0.660661
44 4 3 0.000000
44 4 4 0.589039
44 4 5 0.000000
44 5 1 0.639388
44 5 2 0.000000
44 5 3 0.643575
44 5 4 0.000000
44 5 5 0.509941
44 6 1 0.634148
44 6 2 0.658426
44 6 3 0.000000
44 6 4 0.586804
44 6 5 0.504702
44 7 1 0.634036
44 7 2 0.658313
44 7 3 0.638223
44 7 4 0.000000
44 7 5 0.504589
44 8 1 0.638770
44 8 2 0.000000
44 8 3 0.642958
44 8 4 0.591425
44 8 5 0.000000
44 9 1 0.000000
44 9 2 0.655749
44 9 3 0.000000
44 9 4 0.584127
44 9 5 0.000000
44 10 1 0.635683
44 10 2 0.659960
44 10 3 0.639870
44 10 4 0.588338
44 10 5 0.506236
45 1 1 0.648524
45 1 2 0.000000
45 1 3 0.652711
45 1 4 0.000000
45 1 5 0.000000
45 2 1 0.000000
45 2 2 0.669501
45 2 3 0.000000
45 2 4 0.597879
45 2 5 0.000000
45 3 1 0.653606
45 3 2 0.677883
45 3 3 0.657793
45 3 4 0.000000
45 3 5 0.524159
45 4 1 0.636383
45 4 2 0.660661
45 4 3 0.000000
45 4 4 0.589039
45 4 5 0.000000
45 5 1 0.639388
45 5 2 0.000000
45 5 3 0.643575
45 5 4 0.000000
45 5 5 0.509941
45 6 1 0.634148
45 6 2 0.658426
45 6 3 0.000000
45 6 4 0.586804
45 6 5 0.504702
45 7 1 0.634036
45 7 2 0.658313
45 7 3 0.638223
45 7 4 0.000000
45 7 5 0.504589
45 8 1 0.638770
45 8 2 0.000000
45 8 3 0.642958
45 8 4 0.591425
45 8 5 0.000000
45 9 1 0.000000
45 9 2 0.655749
45 9 3 0.000000
45 9 4 0.584127
45 9 5 0.000000
45 10 1 0.635683
45 10 2 0.659960
45 10 3 0.639870
45 10 4 0.588338
45 10 5 0.506236
46 1 1 0.648524
46 1 2 0.000000
46 1 3 0.652711
46 1 4 0.000000
46 1 5 0.000000
46 2 1 0.000000
46 2 2 0.669501
46 2 3 0.000000
46 2 4 0.597879
46 2 5 0.000000
46 3 1 0.653606
46 3 2 0.677883
46 3 3 0.657793
46 3 4 0.000000
46 3 5 0.524159
46 4 1 0.636383
46 4 2 0.660661
46 4 3 0.000000
46 4 4 0.589039
46 4 5 0.000000
46 5 1 0.639388
46 5 2 0.000000
46 5 3 0.643575
46 5 4 0.000000
46 5 5 0.509941
46 6 1 0.634148
46 6 2 0.658426
46 6 3 0.000000
46 6 4 0.586804
46 6 5 0.504702
46 7 1 0.634036
46 7 2 0.658313
46 7 3 0.638223
46 7 4 0.000000
46 7 5 0.504589
46 8 1 0.638770
46 8 2 0.000000
46 8 3 0.642958
46 8 4 0.591425
46 8 5 0.000000
46 9 1 0.000000
46 9 2 0.655749
46 9 3 0.000000
46 9 4 0.584127
46 9 5 0.000000
46 10 1 0.635683
46 10 2 0.659960
46 10 3 0.639870
46 10 4 0.588338
46 10 5 0.506236
47 1 1 0.648524
47 1 2 0.000000
47 1 3 0.652711
47 1 4 0.000000
47 1 5 0.000000
47 2 1 0.000000
47 2 2 0.669501
47 2 3 0.000000
47 2 4 0.597879
47 2 5 0.000000
47 3 1 0.653606
47 3 2 0.677883
47 3 3 0.657793
47 3 4 0.000000
47 3 5 0.524159
47 4 1 0.636383
47 4 2 0.660661
47 4 3 0.000000
47 4 4 0.589039
47 4 5 0.000000
47 5 1 0.639388
47 5 2 0.000000
47 5 3 0.643575
47 5 4 0.000000
47 5 5 0.509941
47 6 1 0.634148
47 6 2 0.658426
47 6 3 0.000000
47 6 4 0.586804
47 6 5 0.504702
47 7 1 0.634036
47 7 2 0.658313
47 7 3 0.638223
47 7 4 0.000000
47 7 5 0.504589
47 8 1 0.638770
47 8 2 0.000000
47 8 3 0.642958
47 8 4 0.591425
47 8 5 0.000000
47 9 1 0.000000
47 9 2 0.655749
47 9 3 0.000000
47 9 4 0.584127
47 9 5 0.000000
47 10 1 0.635683
47 10 2 0.659960
47 10 3 0.639870
47 10 4 0.588338
47 10 5 0.506236
48 1 1 0.648524
48 1 2 0.000000
48 1 3 0.652711
48 1 4 0.000000
48 1 5 0.000000
48 2 1 0.000000
48 2 2 0.669501
48 2 3 0.000000
48 2 4 0.597879
48 2 5 0.000000
48 3 1 0.653606
48 3 2 0.677883
48 3 3 0.657793
48 3 4 0.000000
48 3 5 0.524159
48 4 1 0.636383
48 4 2 0.660661
48 4 3 0.000000
48 4 4 0.589039
48 4 5 0.000000
48 5 1 0.639388
48 5 2 0.000000
48 5 3 0.643575
48 5 4 0.000000
48 5 5 0.509941
48 6 1 0.634148
48 6 2 0.658426
48 6 3 0.000000
48 6 4 0.586804
48 6 5 0.504702
48 7 1 0.634036
48 7 2 0.658313
48 7 3 0.638223
48 7 4 0.000000
48 7 5 0.504589
48 8 1 0.638770
48 8 2 0.000000
48 8 3 0.642958
48 8 4 0.591425
48 8 5 0.000000
48 9 1 0.000000
48 9 2 0.655749
48 9 3 0.000000
48 9 4 0.584127
48 9 5 0.000000
48 10 1 0.635683
48 10 2 0.659960
48 10 3 0.639870
48 10 4 0.588338
48 10 5 0.506236
49 1 1 0.648524
49 1 2 0.000000
49 1 3 0.652711
49 1 4 0.000000
49 1 5 0.000000
49 2 1 0.000000
49 2 2 0.669501
49 2 3 0.000000
49 2 4 0.597879
49 2 5 0.000000
49 3 1 0.653606
49 3 2 0.677883
49 3 3 0.657793
49 3 4 0.000000
49 3 5 0.524159
49 4 1 0.636383
49 4 2 0.660661
49 4 3 0.000000
49 4 4 0.589039
49 4 5 0.000000
49 5 1 0.639388
49 5 2 0.000000
49 5 3 0.643575
49 5 4 0.000000
49 5 5 0.509941
49 6 1 0.634148
49 6 2 0.658426
49 6 3 0.000000
49 6 4 0.586804
49 6 5 0.504702
49 7 1 0.634036
49 7 2 0.658313
49 7 3 0.638223
49 7 4 0.000000
49 7 5 0.504589
49 8 1 0.638770
49 8 2 0.000000
49 8 3 0.642958
49 8 4 0.591425
49 8 5 0.000000
49 9 1 0.000000
49 9 2 0.655749
49 9 3 0.000000
49 9 4 0.584127
49 9 5 0.000000
49 10 1 0.635683
49 10 2 0.659960
49 10 3 0.639870
49 10 4 0.588338
49 10 5 0.506236
50 1 1 0.648524
50 1 2 0.000000
50 1 3 0.652711
50 1 4 0.000000
50 1 5 0.000000
50 2 1 0.000000
50 2 2 0.669501
50 2 3 0.000000
50 2 4 0.597879
50 2 5 0.000000
50 3 1 0.653606
50 3 2 0.677883
50 3 3 0.657793
50 3 4 0.000000
50 3 5 0.524159
50 4 1 0.636383
50 4 2 0.660661
50 4 3 0.000000
50 4 4 0.589039
50 4 5 0.000000
50 5 1 0.639388
50 5 2 0.000000
50 5 3 0.643575
50 5 4 0.000000
50 5 5 0.509941
50 6 1 0.634148
50 6 2 0.658426
50 6 3 0.000000
50 6 4 0.586804
50 6 5 0.504702
50 7 1 0.634036
50 7 2 0.658313
50 7 3 0.638223
50 7 4 0.000000
50 7 5 0.504589
50 8 1 0.638770
50 8 2 0.000000
50 8 3 0.642958
50 8 4 0.591425
50 8 5 0.000000
50 9 1 0.000000
50 9 2 0.655749
50 9 3 0.000000
50 9 4 0.584127
50 9 5 0.000000
50 10 1 0.635683
50 10 2 0.659960
50 10 3 0.639870
50 10 4 0.588338
50 10 5 0.506236
51 1 1 0.648524
51 1 2 0.000000
51 1 3 0.652711
51 1 4 0.000000
51 1 5 0.000000
51 2 1 0.000000
51 2 2 0.669501
51 2 3 0.000000
51 2 4 0.597879
51 2 5 0.000000
51 3 1 0.653606
51 3 2 0.677883
51 3 3 0.657793
51 3 4 0.000000
51 3 5 0.524159
51 4 1 0.636383
51 4 2 0.660661
51 4 3 0.000000
51 4 4 0.589039
51 4 5 0.000000
51 5 1 0.639388
51 5 2 0.000000
51 5 3 0.643575
51 5 4 0.000000
51 5 5 0.509941
51 6 1 0.634148
51 6 2 0.658426
51 6 3 0.000000
51 6 4 0.586804
51 6 5 0.504702
51 7 1 0.634036
51 7 2 0.658313
51 7 3 0.638223
51 7 4 0.000000
51 7 5 0.504589
51 8 1 0.638770
51 8 2 0.000000
51 8 3 0.642958
51 8 4 0.591425
51 8 5 0.000000
51 9 1 0.000000
51 9 2 0.655749
51 9 3 0.000000
51 9 4 0.584127
51 9 5 0.000000
51 10 1 0.635683
51 10 2 0.659960
51 10 3 0.639870
51 10 4 0.588338
51 10 5 0.506236
52 1 1 0.648524
52 1 2 0.000000
52 1 3 0.652711
52 1 4 0.000000
52 1 5 0.000000
52 2 1 0.000000
52 2 2 0.669501
52 2 3 0.000000
52 2 4 0.597879
52 2 5 0.000000
52 3 1 0.653606
52 3 2 0.677883
52 3 3 0.657793
52 3 4 0.000000
52 3 5 0.524159
52 4 1 0.636383
52 4 2 0.660661
52 4 3 0.000000
52 4 4 0.589039
52 4 5 0.000000
52 5 1 0.639388
52 5 2 0.000000
52 5 3 0.643575
52 5 4 0.000000
52 5 5 0.509941
52 6 1 0.634148
52 6 2 0.658426
52 6 3 0.000000
52 6 4 0.586804
52 6 5 0.504702
52 7 1 0.634036
52 7 2 0.658313
52 7 3 0.638223
52 7 4 0.000000
52 7 5 0.504589
52 8 1 0.638770
52 8 2 0.000000
52 8 3 0.642958
52 8 4 0.591425
52 8 5 0.000000
52 9 1 0.000000
52 9 2 0.655749
52 9 3 0.000000
52 9 4 0.584127
52 9 5 0.000000
52 10 1 0.635683
52 10 2 0.659960
52 10 3 0.639870
52 10 4 0.588338
52 10 5 0.506236
53 1 1 0.648524
53 1 2 0.000000
53 1 3 0.652711
53 1 4 0.000000
53 1 5 0.000000
53 2 1 0.000000
53 2 2 0.669501
53 2 3 0.000000
53 2 4 0.597879
53 2 5 0.000000
53 3 1 0.653606
53 3 2 0.677883
53 3 3 0.657793
53 3 4 0.000000
53 3 5 0.524159
53 4 1 0.636383
53 4 2 0.660661
53 4 3 0.000000
53 4 4 0.589039
53 4 5 0.000000
53 5 1 0.639388
53 5 2 0.000000
53 5 3 0.643575
53 5 4 0.000000
53 5 5 0.509941
53 6 1 0.634148
53 6 2 0.658426
53 6 3 0.000000
53 6 4 0.586804
53 6 5 0.504702
53 7 1 0.634036
53 7 2 0.658313
53 7 3 0.638223
53 7 4 0.000000
53 7 5 0.504589
53 8 1 0.638770
53 8 2 0.000000
53 8 3 0.642958
53 8 4 0.591425
53 8 5 0.000000
53 9 1 0.000000
53 9 2 0.655749
53 9 3 0.000000
53 9 4 0.584127
53 9 5 0.000000
53 10 1 0.635683
53 10 2 0.659960
53 10 3 0.639870
53 10 4 0.588338
53 10 5 0.506236
54 1 1 0.648524
54 1 2 0.000000
54 1 3 0.652711
54 1 4 0.000000
54 1 5 0.000000
54 2 1 0.000000
54 2 2 0.669501
54 2 3 0.000000
54 2 4 0.597879
54 2 5 0.000000
54 3 1 0.653606
54 3 2 0.677883
54 3 3 0.657793
54 3 4 0.000000
54 3 5 0.524159
54 4 1 0.636383
54 4 2 0.660661
54 4 3 0.000000
54 4 4 0.589039
54 4 5 0.000000
54 5 1 0.639388
54 5 2 0.000000
54 5 3 0.643575
54 5 4 0.000000
54 5 5 0.509941
54 6 1 0.634148
54 6 2 0.658426
54 6 3 0.000000
54 6 4 0.586804
54 6 5 0.504702
54 7 1 0.634036
54 7 2 0.658313
54 7 3 0.638223
54 7 4 0.000000
54 7 5 0.504589
54 8 1 0.638770
54 8 2 0.000000
54 8 3 0.642958
54 8 4 0.591425
54 8 5 0.000000
54 9 1 0.000000
54 9 2 0.655749
54 9 3 0.000000
54 9 4 0.584127
54 9 5 0.000000
54 10 1 0.635683
54 10 2 0.659960
54 10 3 0.639870
54 10 4 0.588338
54 10 5 0.506236
55 1 1 0.648524
55 1 2 0.000000
55 1 3 0.652711
55 1 4 0.000000
55 1 5 0.000000
55 2 1 0.000000
55 2 2 0.669501
55 2 3 0.000000
55 2 4 0.597879
55 2 5 0.000000
55 3 1 0.653606
55 3 2 0.677883
55 3 3 0.657793
55 3 4 0.000000
55 3 5 0.524159
55 4 1 0.636383
55 4 2 0.660661
55 4 3 0.000000
55 4 4 0.589039
55 4 5 0.000000
55 5 1 0.639388
55 5 2 0.000000
55 5 3 0.643575
55 5 4 0.000000
55 5 5 0.509941
55 6 1 0.634148
55 6 2 0.658426
55 6 3 0.000000
55 6 4 0.586804
55 6 5 0.504702
55 7 1 0.634036
55 7 2 0.658313
55 7 3 0.638223
55 7 4 0.000000
55 7 5 0.504589
55 8 1 0.638770
55 8 2 0.000000
55 8 3 0.642958
55 8 4 0.591425
55 8 5 0.000000
55 9 1 0.000000
55 9 2 0.655749
55 9 3 0.000000
55 9 4 0.584127
55 9 5 0.000000
55 10 1 0.635683
55 10 2 0.659960
55 10 3 0.639870
55 10 4 0.588338
55 10 5 0.506236
56 1 1 0.648524
56 1 2 0.000000
56 1 3 0.652711
56 1 4 0.000000
56 1 5 0.000000
56 2 1 0.000000
56 2 2 0.669501
56 2 3 0.000000
56 2 4 0.597879
56 2 5 0.000000
56 3 1 0.653606
56 3 2 0.677883
56 3 3 0.657793
56 3 4 0.000000
56 3 5 0.524159
56 4 1 0.636383
56 4 2 0.660661
56 4 3 0.000000
56 4 4 0.589039
56 4 5 0.000000
56 5 1 0.639388
56 5 2 0.000000
56 5 3 0.643575
56 5 4 0.000000
56 5 5 0.509941
56 6 1 0.634148
56 6 2 0.658426
56 6 3 0.000000
56 6 4 0.586804
56 6 5 0.504702
56 7 1 0.634036
56 7 2 0.658313
56 7 3 0.638223
56 7 4 0.000000
56 7 5 0.504589
56 8 1 0.638770
56 8 2 0.000000
56 8 3 0.642958
56 8 4 0.591425
56 8 5 0.000000
56 9 1 0.000000
56 9 2 0.655749
56 9 3 0.000000
56 9 4 0.584127
56 9 5 0.000000
56 10 1 0.635683
56 10 2 0.659960
56 10 3 0.639870
56 10 4 0.588338
56 10 5 0.506236
57 1 1 0.648524
57 1 2 0.000000
57 1 3 0.652711
57 1 4 0.000000
57 1 5 0.000000
57 2 1 0.000000
57 2 2 0.669501
57 2 3 0.000000
57 2 4 0.597879
57 2 5 0.000000
57 3 1 0.653606
57 3 2 0.677883
57 3 3 0.657793
57 3 4 0.000000
57 3 5 0.524159
57 4 1 0.636383
57 4 2 0.660661
57 4 3 0.000000
57 4 4 0.589039
57 4 5 0.000000
57 5 1 0.639388
57 5 2 0.000000
57 5 3 0.643575
57 5 4 0.000000
57 5 5 0.509941
57 6 1 0.634148
57 6 2 0.658426
57 6 3 0.000000
57 6 4 0.586804
57 6 5 0.504702
57 7 1 0.634036
57 7 2 0.658313
57 7 3 0.638223
57 7 4 0.000000
57 7 5 0.504589
57 8 1 0.638770
57 8 2 0.000000
57 8 3 0.642958
57 8 4 0.591425
57 8 5 0.000000
57 9 1 0.000000
57 9 2 0.655749
57 9 3 0.000000
57 9 4 0.584127
57 9 5 0.000000
57 10 1 0.635683
57 10 2 0.659960
57 10 3 0.639870
57 10 4 0.588338
57 10 5 0.506236
58 1 1 0.648524
58 1 2 0.000000
58 1 3 0.652711
58 1 4 0.000000
58 1 5 0.000000
58 2 1 0.000000
58 2 2 0.669501
58 2 3 0.000000
58 2 4 0.597879
58 2 5 0.000000
58 3 1 0.653606
58 3 2 0.677883
58 3 3 0.657793
58 3 4 0.000000
58 3 5 0.524159
58 4 1 0.636383
58 4 2 0.660661
58 4 3 0.000000
58 4 4 0.589039
58 4 5 0.000000
58 5 1 0.639388
58 5 2 0.000000
58 5 3 0.643575
58 5 4 0.000000
58 5 5 0.509941
58 6 1 0.634148
58 6 2 0.658426
58 6 3 0.000000
58 6 4 0.586804
58 6 5 0.504702
58 7 1 0.634036
58 7 2 0.658313
58 7 3 0.638223
58 7 4 0.000000
58 7 5 0.504589
58 8 1 0.638770
58 8 2 0.000000
58 8 3 0.642958
58 8 4 0.591425
58 8 5 0.000000
58 9 1 0.000000
58 9 2 0.655749
58 9 3 0.000000
58 9 4 0.584127
58 9 5 0.000000
58 10 1 0.635683
58 10 2 0.659960
58 10 3 0.639870
58 10 4 0.588338
58 10 5 0.506236
59 1 1 0.648524
59 1 2 0.000000
59 1 3 0.652711
59 1 4 0.000000
59 1 5 0.000000
59 2 1 0.000000
59 2 2 0.669501
59 2 3 0.000000
59 2 4 0.597879
59 2 5 0.000000
59 3 1 0.653606
59 3 2 0.677883
59 3 3 0.657793
59 3 4 0.000000
59 3 5 0.524159
59 4 1 0.636383
59 4 2 0.660661
59 4 3 0.000000
59 4 4 0.589039
59 4 5 0.000000
59 5 1 0.639388
59 5 2 0.000000
59 5 3 0.643575
59 5 4 0.000000
59 5 5 0.509941
59 6 1 0.634148
59 6 2 0.658426
59 6 3 0.000000
59 6 4 0.586804
59 6 5 0.504702
59 7 1 0.634036
59 7 2 0.658313
59 7 3 0.638223
59 7 4 0.000000
59 7 5 0.504589
59 8 1 0.638770
59 8 2 0.000000
59 8 3 0.642958
59 8 4 0.591425
59 8 5 0.000000
59 9 1 0.000000
59 9 2 0.655749
59 9 3 0.000000
59 9 4 0.584127
59 9 5 0.000000
59 10 1 0.635683
59 10 2 0.659960
59 10 3 0.639870
59 10 4 0.588338
59 10 5 0.506236
60 1 1 0.648524
60 1 2 0.000000
60 1 3 0.652711
60 1 4 0.000000
60 1 5 0.000000
60 2 1 0.000000
60 2 2 0.669501
60 2 3 0.000000
60 2 4 0.597879
60 2 5 0.000000
60 3 1 0.653606
60 3 2 0.677883
60 3 3 0.657793
60 3 4 0.000000
60 3 5 0.524159
60 4 1 0.636383
60 4 2 0.660661
60 4 3 0.000000
60 4 4 0.589039
60 4 5 0.000000
60 5 1 0.639388
60 5 2 0.000000
60 5 3 0.643575
60 5 4 0.000000
60 5 5 0.509941
60 6 1 0.634148
60 6 2 0.658426
60 6 3 0.000000
60 6 4 0.586804
60 6 5 0.504702
60 7 1 0.634036
60 7 2 0.658313
60 7 3 0.638223
60 7 4 0.000000
60 7 5 0.504589
60 8 1 0.638770
60 8 2 0.000000
60 8 3 0.642958
60 8 4 0.591425
60 8 5 0.000000
60 9 1 0.000000
60 9 2 0.655749
60 9 3 0.000000
60 9 4 0.584127
60 9 5 0.000000
60 10 1 0.635683
60 10 2 0.659960
60 10 3 0.639870
60 10 4 0.588338
60 10 5 0.506236
61 1 1 0.648524
61 1 2 0.000000
61 1 3 0.652711
61 1 4 0.000000
61 1 5 0.000000
61 2 1 0.000000
61 2 2 0.669501
61 2 3 0.000000
61 2 4 0.597879
61 2 5 0.000000
61 3 1 0.653606
61 3 2 0.677883
61 3 3 0.657793
61 3 4 0.000000
61 3 5 0.524159
61 4 1 0.636383
61 4 2 0.660661
61 4 3 0.000000
61 4 4 0.589039
61 4 5 0.000000
61 5 1 0.639388
61 5 2 0.000000
61 5 3 0.643575
61 5 4 0.000000
61 5 5 0.509941
61 6 1 0.634148
61 6 2 0.658426
61 6 3 0.000000
61 6 4 0.586804
61 6 5 0.504702
61 7 1 0.634036
61 7 2 0.658313
61 7 3 0.638223
61 7 4 0.000000
61 7 5 0.504589
61 8 1 0.638770
61 8 2 0.000000
61 8 3 0.642958
61 8 4 0.591425
61 8 5 0.000000
61 9 1 0.000000
61 9 2 0.655749
61 9 3 0.000000
61 9 4 0.584127
61 9 5 0.000000
61 10 1 0.635683
61 10 2 0.659960
61 10 3 0.639870
61 10 4 0.588338
61 10 5 0.506236
62 1 1 0.648524
62 1 2 0.000000
62 1 3 0.652711
62 1 4 0.000000
62 1 5 0.000000
62 2 1 0.000000
62 2 2 0.669501
62 2 3 0.000000
62 2 4 0.597879
62 2 5 0.000000
62 3 1 0.653606
62 3 2 0.677883
62 3 3 0.657793
62 3 4 0.000000
62 3 5 0.524159
62 4 1 0.636383
62 4 2 0.660661
62 4 3 0.000000
62 4 4 0.589039
62 4 5 0.000000
62 5 1 0.639388
62 5 2 0.000000
62 5 3 0.643575
62 5 4 0.000000
62 5 5 0.509941
62 6 1 0.634148
62 6 2 0.658426
62 6 3 0.000000
62 6 4 0.586804
62 6 5 0.504702
62 7 1 0.634036
62 7 2 0.658313
62 7 3 0.638223
62 7 4 0.000000
62 7 5 0.504589
62 8 1 0.638770
62 8 2 0.000000
62 8 3 0.642958
62 8 4 0.591425
62 8 5 0.000000
62 9 1 0.000000
62 9 2 0.655749
62 9 3 0.000000
62 9 4 0.584127
62 9 5 0.000000
62 10 1 0.635683
62 10 2 0.659960
62 10 3 0.639870
62 10 4 0.588338
62 10 5 0.506236
63 1 1 0.648524
63 1 2 0.000000
63 1 3 0.652711
63 1 4 0.000000
63 1 5 0.000000
63 2 1 0.000000
63 2 2 0.669501
63 2 3 0.000000
63 2 4 0.597879
63 2 5 0.000000
63 3 1 0.653606
63 3 2 0.677883
63 3 3 0.657793
63 3 4 0.000000
63 3 5 0.524159
63 4 1 0.636383
63 4 2 0.660661
63 4 3 0.000000
63 4 4 0.589039
63 4 5 0.000000
63 5 1 0.639388
63 5 2 0.000000
63 5 3 0.643575
63 5 4 0.000000
63 5 5 0.509941
63 6 1 0.634148
63 6 2 0.658426
63 6 3 0.000000
63 6 4 0.586804
63 6 5 0.504702
63 7 1 0.634036
63 7 2 0.658313
63 7 3 0.638223
63 7 4 0.000000
63 7 5 0.504589
63 8 1 0.638770
63 8 2 0.000000
63 8 3 0.642958
63 8 4 0.591425
63 8 5 0.000000
63 9 1 0.000000
63 9 2 0.655749
63 9 3 0.000000
63 9 4 0.584127
63 9 5 0.000000
63 10 1 0.635683
63 10 2 0.659960
63 10 3 0.639870
63 10 4 0.588338
63 10 5 0.506236
64 1 1 0.648524
64 1 2 0.000000
64 1 3 0.652711
64 1 4 0.000000
64 1 5 0.000000
64 2 1 0.000000
64 2 2 0.669501
64 2 3 0.000000
64 2 4 0.597879
64 2 5 0.000000
64 3 1 0.653606
64 3 2 0.677883
64 3 3 0.657793
64 3 4 0.000000
64 3 5 0.524159
64 4 1 0.636383
64 4 2 0.660661
64 4 3 0.000000
64 4 4 0.589039
64 4 5 0.000000
64 5 1 0.639388
64 5 2 0.000000
64 5 3 0.643575
64 5 4 0.000000
64 5 5 0.509941
64 6 1 0.634148
64 6 2 0.658426
64 6 3 0.000000
64 6 4 0.586804
64 6 5 0.504702
64 7 1 0.634036
64 7 2 0.658313
64 7 3 0.638223
64 7 4 0.000000
64 7 5 0.504589
64 8 1 0.638770
64 8 2 0.000000
64 8 3 0.642958
64 8 4 0.591425
64 8 5 0.000000
64 9 1 0.000000
64 9 2 0.655749
64 9 3 0.000000
64 9 4 0.584127
64 9 5 0.000000
64 10 1 0.635683
64 10 2 0.659960
64 10 3 0.639870
64 10 4 0.588338
64 10 5 0.506236
65 1 1 0.648524
65 1 2 0.000000
65 1 3 0.652711
65 1 4 0.000000
65 1 5 0.000000
65 2 1 0.000000
65 2 2 0.669501
65 2 3 0.000000
65 2 4 0.597879
65 2 5 0.000000
65 3 1 0.653606
65 3 2 0.677883
65 3 3 0.657793
65 3 4 0.000000
65 3 5 0.524159
65 4 1 0.636383
65 4 2 0.660661
65 4 3 0.000000
65 4 4 0.589039
65 4 5 0.000000
65 5 1 0.639388
65 5 2 0.000000
65 5 3 0.643575
65 5 4 0.000000
65 5 5 0.509941
65 6 1 0.634148
65 6 2 0.658426
65 6 3 0.000000
65 6 4 0.586804
65 6 5 0.504702
65 7 1 0.634036
65 7 2 0.658313
65 7 3 0.638223
65 7 4 0.000000
65 7 5 0.504589
65 8 1 0.638770
65 8 2 0.000000
65 8 3 0.642958
65 8 4 0.591425
65 8 5 0.000000
65 9 1 0.000000
65 9 2 0.655749
65 9 3 0.000000
65 9 4 0.584127
65 9 5 0.000000
65 10 1 0.635683
65 10 2 0.659960
65 10 3 0.639870
65 10 4 0.588338
65 10 5 0.506236
66 1 1 0.648524
66 1 2 0.000000
66 1 3 0.652711
66 1 4 0.000000
66 1 5 0.000000
66 2 1 0.000000
66 2 2 0.669501
66 2 3 0.000000
66 2 4 0.597879
66 2 5 0.000000
66 3 1 0.653606
66 3 2 0.677883
66 3 3 0.657793
66 3 4 0.000000
66 3 5 0.524159
66 4 1 0.636383
66 4 2 0.660661
66 4 3 0.000000
66 4 4 0.589039
66 4 5 0.000000
66 5 1 0.639388
66 5 2 0.000000
66 5 3 0.643575
66 5 4 0.000000
66 5 5 0.509941
66 6 1 0.634148
66 6 2 0.658426
66 6 3 0.000000
66 6 4 0.586804
66 6 5 0.504702
66 7 1 0.634036
66 7 2 0.658313
66 7 3 0.638223
66 7 4 0.000000
66 7 5 0.504589
66 8 1 0.638770
66 8 2 0.000000
66 8 3 0.642958
66 8 4 0.591425
66 8 5 0.000000
66 9 1 0.000000
66 9 2 0.655749
66 9 3 0.000000
66 9 4 0.584127
66 9 5 0.000000
66 10 1 0.635683
66 10 2 0.659960
66 10 3 0.639870
66 10 4 0.588338
66 10 5 0.506236
67 1 1 0.648524
67 1 2 0.000000
67 1 3 0.652711
67 1 4 0.000000
67 1 5 0.000000
67 2 1 0.000000
67 2 2 0.669501
67 2 3 0.000000
67 2 4 0.597879
67 2 5 0.000000
67 3 1 0.653606
67 3 2 0.677883
67 3 3 0.657793
67 3 4 0.000000
67 3 5 0.524159
67 4 1 0.636383
67 4 2 0.660661
67 4 3 0.000000
67 4 4 0.589039
67 4 5 0.000000
67 5 1 0.639388
67 5 2 0.000000
67 5 3 0.643575
67 5 4 0.000000
67 5 5 0.509941
67 6 1 0.634148
67 6 2 0.658426
67 6 3 0.000000
67 6 4 0.586804
67 6 5 0.504702
67 7 1 0.634036
67 7 2 0.658313
67 7 3 0.638223
67 7 4 0.000000
67 7 5 0.504589
67 8 1 0.638770
67 8 2 0.000000
67 8 3 0.642958
67 8 4 0.591425
67 8 5 0.000000
67 9 1 0.000000
67 9 2 0.655749
67 9 3 0.000000
67 9 4 0.584127
67 9 5 0.000000
67 10 1 0.635683
67 10 2 0.659960
67 10 3 0.639870
67 10 4 0.588338
67 10 5 0.506236
68 1 1 0.648524
68 1 2 0.000000
68 1 3 0.652711
68 1 4 0.000000
68 1 5 0.000000
68 2 1 0.000000
68 2 2 0.669501
68 2 3 0.000000
68 2 4 0.597879
68 2 5 0.000000
68 3 1 0.653606
68 3 2 0.677883
68 3 3 0.657793
68 3 4 0.000000
68 3 5 0.524159
68 4 1 0.636383
68 4 2 0.660661
68 4 3 0.000000
68 4 4 0.589039
68 4 5 0.000000
68 5 1 0.639388
68 5 2 0.000000
68 5 3 0.643575
68 5 4 0.000000
68 5 5 0.509941
68 6 1 0.634148
68 6 2 0.658426
68 6 3 0.000000
68 6 4 0.586804
68 6 5 0.504702
68 7 1 0.634036
68 7 2 0.658313
68 7 3 0.638223
68 7 4 0.000000
68 7 5 0.504589
68 8 1 0.638770
68 8 2 0.000000
68 8 3 0.642958
68 8 4 0.591425
68 8 5 0.000000
68 9 1 0.000000
68 9 2 0.655749
68 9 3 0.000000
68 9 4 0.584127
68 9 5 0.000000
68 10 1 0.635683
68 10 2 0.659960
68 10 3 0.639870
68 10 4 0.588338
68 10 5 0.506236
69 1 1 0.648524
69 1 2 0.000000
69 1 3 0.652711
69 1 4 0.000000
69 1 5 0.000000
69 2 1 0.000000
69 2 2 0.669501
69 2 3 0.000000
69 2 4 0.597879
69 2 5 0.000000
69 3 1 0.653606
69 3 2 0.677883
69 3 3 0.657793
69 3 4 0.000000
69 3 5 0.524159
69 4 1 0.636383
69 4 2 0.660661
69 4 3 0.000000
69 4 4 0.589039
69 4 5 0.000000
69 5 1 0.639388
69 5 2 0.000000
69 5 3 0.643575
69 5 4 0.000000
69 5 5 0.509941
69 6 1 0.634148
69 6 2 0.658426
69 6 3 0.000000
69 6 4 0.586804
69 6 5 0.504702
69 7 1 0.634036
69 7 2 0.658313
69 7 3 0.638223
69 7 4 0.000000
69 7 5 0.504589
69 8 1 0.638770
69 8 2 0.000000
69 8 3 0.642958
69 8 4 0.591425
69 8 5 0.000000
69 9 1 0.000000
69 9 2 0.655749
69 9 3 0.000000
69 9 4 0.584127
69 9 5 0.000000
69 10 1 0.635683
69 10 2 0.659960
69 10 3 0.639870
69 10 4 0.588338
69 10 5 0.506236
70 1 1 0.648524
70 1 2 0.000000
70 1 3 0.652711
70 1 4 0.000000
70 1 5 0.000000
70 2 1 0.000000
70 2 2 0.669501
70 2 3 0.000000
70 2 4 0.597879
70 2 5 0.000000
70 3 1 0.653606
70 3 2 0.677883
70 3 3 0.657793
70 3 4 0.000000
70 3 5 0.524159
70 4 1 0.636383
70 4 2 0.660661
70 4 3 0.000000
70 4 4 0.589039
70 4 5 0.000000
70 5 1 0.639388
70 5 2 0.000000
70 5 3 0.643575
70 5 4 0.000000
70 5 5 0.509941
70 6 1 0.634148
70 6 2 0.658426
70 6 3 0.000000
70 6 4 0.586804
70 6 5 0.504702
70 7 1 0.634036
70 7 2 0.658313
70 7 3 0.638223
70 7 4 0.000000
70 7 5 0.504589
70 8 1 0.638770
70 8 2 0.000000
70 8 3 0.642958
70 8 4 0.591425
70 8 5 0.000000
70 9 1 0.000000
70 9 2 0.655749
70 9 3 0.000000
70 9 4 0.584127
70 9 5 0.000000
70 10 1 0.635683
70 10 2 0.659960
70 10 3 0.639870
70 10 4 0.588338
70 10 5 0.506236
71 1 1 0.648524
71 1 2 0.000000
71 1 3 0.652711
71 1 4 0.000000
71 1 5 0.000000
71 2 1 0.000000
71 2 2 0.669501
71 2 3 0.000000
71 2 4 0.597879
71 2 5 0.000000
71 3 1 0.653606
71 3 2 0.677883
71 3 3 0.657793
71 3 4 0.000000
71 3 5 0.524159
71 4 1 0.636383
71 4 2 0.660661
71 4 3 0.000000
71 4 4 0.589039
71 4 5 0.000000
71 5 1 0.639388
71 5 2 0.000000
71 5 3 0.643575
71 5 4 0.000000
71 5 5 0.509941
71 6 1 0.634148
71 6 2 0.658426
71 6 3 0.000000
71 6 4 0.586804
71 6 5 0.504702
71 7 1 0.634036
71 7 2 0.658313
71 7 3 0.638223
71 7 4 0.000000
71 7 5 0.504589
71 8 1 0.638770
71 8 2 0.000000
71 8 3 0.642958
71 8 4 0.591425
71 8 5 0.000000
71 9 1 0.000000
71 9 2 0.655749
71 9 3 0.000000
71 9 4 0.584127
71 9 5 0.000000
71 10 1 0.635683
71 10 2 0.659960
71 10 3 0.639870
71 10 4 0.588338
71 10 5 0.506236
72 1 1 0.648524
72 1 2 0.000000
72 1 3 0.652711
72 1 4 0.000000
72 1 5 0.000000
72 2 1 0.000000
72 2 2 0.669501
72 2 3 0.000000
72 2 4 0.597879
72 2 5 0.000000
72 3 1 0.653606
72 3 2 0.677883
72 3 3 0.657793
72 3 4 0.000000
72 3 5 0.524159
72 4 1 0.636383
72 4 2 0.660661
72 4 3 0.000000
72 4 4 0.589039
72 4 5 0.000000
72 5 1 0.639388
72 5 2 0.000000
72 5 3 0.643575
72 5 4 0.000000
72 5 5 0.509941
72 6 1 0.634148
72 6 2 0.658426
72 6 3 0.000000
72 6 4 0.586804
72 6 5 0.504702
72 7 1 0.634036
72 7 2 0.658313
72 7 3 0.638223
72 7 4 0.000000
72 7 5 0.504589
72 8 1 0.638770
72 8 2 0.000000
72 8 3 0.642958
72 8 4 0.591425
72 8 5 0.000000
72 9 1 0.000000
72 9 2 0.655749
72 9 3 0.000000
72 9 4 0.584127
72 9 5 0.000000
72 10 1 0.635683
72 10 2 0.659960
72 10 3 0.639870
72 10 4 0.588338
72 10 5 0.506236
73 1 1 0.648524
73 1 2 0.000000
73 1 3 0.652711
73 1 4 0.000000
73 1 5 0.000000
73 2 1 0.000000
73 2 2 0.669501
73 2 3 0.000000
73 2 4 0.597879
73 2 5 0.000000
73 3 1 0.653606
73 3 2 0.677883
73 3 3 0.657793
73 3 4 0.000000
73 3 5 0.524159
73 4 1 0.636383
73 4 2 0.660661
73 4 3 0.000000
73 4 4 0.589039
73 4 5 0.000000
73 5 1 0.639388
73 5 2 0.000000
73 5 3 0.643575
73 5 4 0.000000
73 5 5 0.509941
73 6 1 0.634148
73 6 2 0.658426
73 6 3 0.000000
73 6 4 0.586804
73 6 5 0.504702
73 7 1 0.634036
73 7 2 0.658313
73 7 3 0.638223
73 7 4 0.000000
73 7 5 0.504589
73 8 1 0.638770
73 8 2 0.000000
73 8 3 0.642958
73 8 4 0.591425
73 8 5 0.000000
73 9 1 0.000000
73 9 2 0.655749
73 9 3 0.000000
73 9 4 0.584127
73 9 5 0.000000
73 10 1 0.635683
73 10 2 0.659960
73 10 3 0.639870
73 10 4 0.588338
73 10 5 0.506236
74 1 1 0.648524
74 1 2 0.000000
74 1 3 0.652711
74 1 4 0.000000
74 1 5 0.000000
74 2 1 0.000000
74 2 2 0.669501
74 2 3 0.000000
74 2 4 0.597879
74 2 5 0.000000
74 3 1 0.653606
74 3 2 0.677883
74 3 3 0.657793
74 3 4 0.000000
74 3 5 0.524159
74 4 1 0.636383
74 4 2 0.660661
74 4 3 0.000000
74 4 4 0.589039
74 4 5 0.000000
74 5 1 0.639388
74 5 2 0.000000
74 5 3 0.643575
74 5 4 0.000000
74 5 5 0.509941
74 6 1 0.634148
74 6 2 0.658426
74 6 3 0.000000
74 6 4 0.586804
74 6 5 0.504702
74 7 1 0.634036
74 7 2 0.658313
74 7 3 0.638223
74 7 4 0.000000
74 7 5 0.504589
74 8 1 0.638770
74 8 2 0.000000
74 8 3 0.642958
74 8 4 0.591425
74 8 5 0.000000
74 9 1 0.000000
74 9 2 0.655749
74 9 3 0.000000
74 9 4 0.584127
74 9 5 0.000000
74 10 1 0.635683
74 10 2 0.659960
74 10 3 0.639870
74 10 4 0.588338
74 10 5 0.506236
75 1 1 0.648524
75 1 2 0.000000
75 1 3 0.652711
75 1 4 0.000000
75 1 5 0.000000
75 2 1 0.000000
75 2 2 0.669501
75 2 3 0.000000
75 2 4 0.597879
75 2 5 0.000000
75 3 1 0.653606
75 3 2 0.677883
75 3 3 0.657793
75 3 4 0.000000
75 3 5 0.524159
75 4 1 0.636383
75 4 2 0.660661
75 4 3 0.000000
75 4 4 0.589039
75 4 5 0.000000
75 5 1 0.639388
75 5 2 0.000000
75 5 3 0.643575
75 5 4 0.000000
75 5 5 0.509941
75 6 1 0.634148
75 6 2 0.658426
75 6 3 0.000000
75 6 4 0.586804
75 6 5 0.504702
75 7 1 0.634036
75 7 2 0.658313
75 7 3 0.638223
75 7 4 0.000000
75 7 5 0.504589
75 8 1 0.638770
75 8 2 0.000000
75 8 3 0.642958
75 8 4 0.591425
75 8 5 0.000000
75 9 1 0.000000
75 9 2 0.655749
75 9 3 0.000000
75 9 4 0.584127
75 9 5 0.000000
75 10 1 0.635683
75 10 2 0.659960
75 10 3 0.639870
75 10 4 0.588338
75 10 5 0.506236
76 1 1 0.648524
76 1 2 0.000000
76 1 3 0.652711
76 1 4 0.000000
76 1 5 0.000000
76 2 1 0.000000
76 2 2 0.669501
76 2 3 0.000000
76 2 4 0.597879
76 2 5 0.000000
76 3 1 0.653606
76 3 2 0.677883
76 3 3 0.657793
76 3 4 0.000000
76 3 5 0.524159
76 4 1 0.636383
76 4 2 0.660661
76 4 3 0.000000
76 4 4 0.589039
76 4 5 0.000000
76 5 1 0.639388
76 5 2 0.000000
76 5 3 0.643575
76 5 4 0.000000
76 5 5 0.509941
76 6 1 0.634148
76 6 2 0.658426
76 6 3 0.000000
76 6 4 0.586804
76 6 5 0.504702
76 7 1 0.634036
76 7 2 0.658313
76 7 3 0.638223
76 7 4 0.000000
76 7 5 0.504589
76 8 1 0.638770
76 8 2 0.000000
76 8 3 0.642958
76 8 4 0.591425
76 8 5 0.000000
76 9 1 0.000000
76 9 2 0.655749
76 9 3 0.000000
76 9 4 0.584127
76 9 5 0.000000
76 10 1 0.635683
76 10 2 0.659960
76 10 3 0.639870
76 10 4 0.588338
76 10 5 0.506236
77 1 1 0.648524
77 1 2 0.000000
77 1 3 0.652711
77 1 4 0.000000
77 1 5 0.000000
77 2 1 0.000000
77 2 2 0.669501
77 2 3 0.000000
77 2 4 0.597879
77 2 5 0.000000
77 3 1 0.653606
77 3 2 0.677883
77 3 3 0.657793
77 3 4 0.000000
77 3 5 0.524159
77 4 1 0.636383
77 4 2 0.660661
77 4 3 0.000000
77 4 4 0.589039
77 4 5 0.000000
77 5 1 0.639388
77 5 2 0.000000
77 5 3 0.643575
77 5 4 0.000000
77 5 5 0.509941
77 6 1 0.634148
77 6 2 0.658426
77 6 3 0.000000
77 6 4 0.586804
77 6 5 0.504702
77 7 1 0.634036
77 7 2 0.658313
77 7 3 0.638223
77 7 4 0.000000
77 7 5 0.504589
77 8 1 0.638770
77 8 2 0.000000
77 8 3 0.642958
77 8 4 0.591425
77 8 5 0.000000
77 9 1 0.000000
77 9 2 0.655749
77 9 3 0.000000
77 9 4 0.584127
77 9 5 0.000000
77 10 1 0.635683
77 10 2 0.659960
77 10 3 0.639870
77 10 4 0.588338
77 10 5 0.506236
78 1 1 0.648524
78 1 2 0.000000
78 1 3 0.652711
78 1 4 0.000000
78 1 5 0.000000
78 2 1 0.000000
78 2 2 0.669501
78 2 3 0.000000
78 2 4 0.597879
78 2 5 0.000000
78 3 1 0.653606
78 3 2 0.677883
78 3 3 0.657793
78 3 4 0.000000
78 3 5 0.524159
78 4 1 0.636383
78 4 2 0.660661
78 4 3 0.000000
78 4 4 0.589039
78 4 5 0.000000
78 5 1 0.639388
78 5 2 0.000000
78 5 3 0.643575
78 5 4 0.000000
78 5 5 0.509941
78 6 1 0.634148
78 6 2 0.658426
78 6 3 0.000000
78 6 4 0.586804
78 6 5 0.504702
78 7 1 0.634036
78 7 2 0.658313
78 7 3 0.638223
78 7 4 0.000000
78 7 5 0.504589
78 8 1 0.638770
78 8 2 0.000000
78 8 3 0.642958
78 8 4 0.591425
78 8 5 0.000000
78 9 1 0.000000
78 9 2 0.655749
78 9 3 0.000000
78 9 4 0.584127
78 9 5 0.000000
78 10 1 0.635683
78 10 2 0.659960
78 10 3 0.639870
78 10 4 0.588338
78 10 5 0.506236
79 1 1 0.648524
79 1 2 0.000000
79 1 3 0.652711
79 1 4 0.000000
79 1 5 0.000000
79 2 1 0.000000
79 2 2 0.669501
79 2 3 0.000000
79 2 4 0.597879
79 2 5 0.000000
79 3 1 0.653606
79 3 2 0.677883
79 3 3 0.657793
79 3 4 0.000000
79 3 5 0.524159
79 4 1 0.636383
79 4 2 0.660661
79 4 3 0.000000
79 4 4 0.589039
79 4 5 0.000000
79 5 1 0.639388
79 5 2 0.000000
79 5 3 0.643575
79 5 4 0.000000
79 5 5 0.509941
79 6 1 0.634148
79 6 2 0.658426
79 6 3 0.000000
79 6 4 0.586804
79 6 5 0.504702
79 7 1 0.634036
79 7 2 0.658313
79 7 3 0.638223
79 7 4 0.000000
79 7 5 0.504589
79 8 1 0.638770
79 8 2 0.000000
79 8 3 0.642958
79 8 4 0.591425
79 8 5 0.000000
79 9 1 0.000000
79 9 2 0.655749
79 9 3 0.000000
79 9 4 0.584127
79 9 5 0.000000
79 10 1 0.635683
79 10 2 0.659960
79 10 3 0.639870
79 10 4 0.588338
79 10 5 0.506236
80 1 1 0.648524
80 1 2 0.000000
80 1 3 0.652711
80 1 4 0.000000
80 1 5 0.000000
80 2 1 0.000000
80 2 2 0.669501
80 2 3 0.000000
80 2 4 0.597879
80 2 5 0.000000
80 3 1 0.653606
80 3 2 0.677883
80 3 3 0.657793
80 3 4 0.000000
80 3 5 0.524159
80 4 1 0.636383
80 4 2 0.660661
80 4 3 0.000000
80 4 4 0.589039
80 4 5 0.000000
80 5 1 0.639388
80 5 2 0.000000
80 5 3 0.643575
80 5 4 0.000000
80 5 5 0.509941
80 6 1 0.634148
80 6 2 0.658426
80 6 3 0.000000
80 6 4 0.586804
80 6 5 0.504702
80 7 1 0.634036
80 7 2 0.658313
80 7 3 0.638223
80 7 4 0.000000
80 7 5 0.504589
80 8 1 0.638770
80 8 2 0.000000
80 8 3 0.642958
80 8 4 0.591425
80 8 5 0.000000
80 9 1 0.000000
80 9 2 0.655749
80 9 3 0.000000
80 9 4 0.584127
80 9 5 0.000000
80 10 1 0.635683
80 10 2 0.659960
80 10 3 0.639870
80 10 4 0.588338
80 10 5 0.506236
81 1 1 0.648524
81 1 2 0.000000
81 1 3 0.652711
81 1 4 0.000000
81 1 5 0.000000
81 2 1 0.000000
81 2 2 0.669501
81 2 3 0.000000
81 2 4 0.597879
81 2 5 0.000000
81 3 1 0.653606
81 3 2 0.677883
81 3 3 0.657793
81 3 4 0.000000
81 3 5 0.524159
81 4 1 0.636383
81 4 2 0.660661
81 4 3 0.000000
81 4 4 0.589039
81 4 5 0.000000
81 5 1 0.639388
81 5 2 0.000000
81 5 3 0.643575
81 5 4 0.000000
81 5 5 0.509941
81 6 1 0.634148
81 6 2 0.658426
81 6 3 0.000000
81 6 4 0.586804
81 6 5 0.504702
81 7 1 0.634036
81 7 2 0.658313
81 7 3 0.638223
81 7 4 0.000000
81 7 5 0.504589
81 8 1 0.638770
81 8 2 0.000000
81 8 3 0.642958
81 8 4 0.591425
81 8 5 0.000000
81 9 1 0.000000
81 9 2 0.655749
81 9 3 0.000000
81 9 4 0.584127
81 9 5 0.000000
81 10 1 0.635683
81 10 2 0.659960
81 10 3 0.639870
81 10 4 0.588338
81 10 5 0.506236
82 1 1 0.648524
82 1 2 0.000000
82 1 3 0.652711
82 1 4 0.000000
82 1 5 0.000000
82 2 1 0.000000
82 2 2 0.669501
82 2 3 0.000000
82 2 4 0.597879
82 2 5 0.000000
82 3 1 0.653606
82 3 2 0.677883
82 3 3 0.657793
82 3 4 0.000000
82 3 5 0.524159
82 4 1 0.636383
82 4 2 0.660661
82 4 3 0.000000
82 4 4 0.589039
82 4 5 0.000000
82 5 1 0.639388
82 5 2 0.000000
82 5 3 0.643575
82 5 4 0.000000
82 5 5 0.509941
82 6 1 0.634148
82 6 2 0.658426
82 6 3 0.000000
82 6 4 0.586804
82 6 5 0.504702
82 7 1 0.634036
82 7 2 0.658313
82 7 3 0.638223
82 7 4 0.000000
82 7 5 0.504589
82 8 1 0.638770
82 8 2 0.000000
82 8 3 0.642958
82 8 4 0.591425
82 8 5 0.000000
82 9 1 0.000000
82 9 2 0.655749
82 9 3 0.000000
82 9 4 0.584127
82 9 5 0.000000
82 10 1 0.635683
82 10 2 0.659960
82 10 3 0.639870
82 10 4 0.588338
82 10 5 0.506236
83 1 1 0.648524
83 1 2 0.000000
83 1 3 0.652711
83 1 4 0.000000
83 1 5 0.000000
83 2 1 0.000000
83 2 2 0.669501
83 2 3 0.000000
83 2 4 0.597879
83 2 5 0.000000
83 3 1 0.653606
83 3 2 0.677883
83 3 3 0.657793
83 3 4 0.000000
83 3 5 0.524159
83 4 1 0.636383
83 4 2 0.660661
83 4 3 0.000000
83 4 4 0.589039
83 4 5 0.000000
83 5 1 0.639388
83 5 2 0.000000
83 5 3 0.643575
83 5 4 0.000000
83 5 5 0.509941
83 6 1 0.634148
83 6 2 0.658426
83 6 3 0.000000
83 6 4 0.586804
83 6 5 0.504702
83 7 1 0.634036
83 7 2 0.658313
83 7 3 0.638223
83 7 4 0.000000
83 7 5 0.504589
83 8 1 0.638770
83 8 2 0.000000
83 8 3 0.642958
83 8 4 0.591425
83 8 5 0.000000
83 9 1 0.000000
83 9 2 0.655749
83 9 3 0.000000
83 9 4 0.584127
83 9 5 0.000000
83 10 1 0.635683
83 10 2 0.659960
83 10 3 0.639870
83 10 4 0.588338
83 10 5 0.506236
84 1 1 0.648524
84 1 2 0.000000
84 1 3 0.652711
84 1 4 0.000000
84 1 5 0.000000
84 2 1 0.000000
84 2 2 0.669501
84 2 3 0.000000
84 2 4 0.597879
84 2 5 0.000000
84 3 1 0.653606
84 3 2 0.677883
84 3 3 0.657793
84 3 4 0.000000
84 3 5 0.524159
84 4 1 0.636383
84 4 2 0.660661
84 4 3 0.000000
84 4 4 0.589039
84 4 5 0.000000
84 5 1 0.639388
84 5 2 0.000000
84 5 3 0.643575
84 5 4 0.000000
84 5 5 0.509941
84 6 1 0.634148
84 6 2 0.658426
84 6 3 0.000000
84 6 4 0.586804
84 6 5 0.504702
84 7 1 0.634036
84 7 2 0.658313
84 7 3 0.638223
84 7 4 0.000000
84 7 5 0.504589
84 8 1 0.638770
84 8 2 0.000000
84 8 3 0.642958
84 8 4 0.591425
84 8 5 0.000000
84 9 1 0.000000
84 9 2 0.655749
84 9 3 0.000000
84 9 4 0.584127
84 9 5 0.000000
84 10 1 0.635683
84 10 2 0.659960
84 10 3 0.639870
84 10 4 0.588338
84 10 5 0.506236
85 1 1 0.648524
85 1 2 0.000000
85 1 3 0.652711
85 1 4 0.000000
85 1 5 0.000000
85 2 1 0.000000
85 2 2 0.669501
85 2 3 0.000000
85 2 4 0.597879
85 2 5 0.000000
85 3 1 0.653606
85 3 2 0.677883
85 3 3 0.657793
85 3 4 0.000000
85 3 5 0.524159
85 4 1 0.636383
85 4 2 0.660661
85 4 3 0.000000
85 4 4 0.589039
85 4 5 0.000000
85 5 1 0.639388
85 5 2 0.000000
85 5 3 0.643575
85 5 4 0.000000
85 5 5 0.509941
85 6 1 0.634148
85 6 2 0.658426
85 6 3 0.000000
85 6 4 0.586804
85 6 5 0.504702
85 7 1 0.634036
85 7 2 0.658313
85 7 3 0.638223
85 7 4 0.000000
85 7 5 0.504589
85 8 1 0.638770
85 8 2 0.000000
85 8 3 0.642958
85 8 4 0.591425
85 8 5 0.000000
85 9 1 0.000000
85 9 2 0.655749
85 9 3 0.000000
85 9 4 0.584127
85 9 5 0.000000
85 10 1 0.635683
85 10 2 0.659960
85 10 3 0.639870
85 10 4 0.588338
85 10 5 0.506236
86 1 1 0.648524
86 1 2 0.000000
86 1 3 0.652711
86 1 4 0.000000
86 1 5 0.000000
86 2 1 0.000000
86 2 2 0.669501
86 2 3 0.000000
86 2 4 0.597879
86 2 5 0.000000
86 3 1 0.653606
86 3 2 0.677883
86 3 3 0.657793
86 3 4 0.000000
86 3 5 0.524159
86 4 1 0.636383
86 4 2 0.660661
86 4 3 0.000000
86 4 4 0.589039
86 4 5 0.000000
86 5 1 0.639388
86 5 2 0.000000
86 5 3 0.643575
86 5 4 0.000000
86 5 5 0.509941
86 6 1 0.634148
86 6 2 0.658426
86 6 3 0.000000
86 6 4 0.586804
86 6 5 0.504702
86 7 1 0.634036
86 7 2 0.658313
86 7 3 0.638223
86 7 4 0.000000
86 7 5 0.504589
86 8 1 0.638770
86 8 2 0.000000
86 8 3 0.642958
86 8 4 0.591425
86 8 5 0.000000
86 9 1 0.000000
86 9 2 0.655749
86 9 3 0.000000
86 9 4 0.584127
86 9 5 0.000000
86 10 1 0.635683
86 10 2 0.659960
86 10 3 0.639870
86 10 4 0.588338
86 10 5 0.506236
87 1 1 0.648524
87 1 2 0.000000
87 1 3 0.652711
87 1 4 0.000000
87 1 5 0.000000
87 2 1 0.000000
87 2 2 0.669501
87 2 3 0.000000
87 2 4 0.597879
87 2 5 0.000000
87 3 1 0.653606
87 3 2 0.677883
87 3 3 0.657793
87 3 4 0.000000
87 3 5 0.524159
87 4 1 0.636383
87 4 2 0.660661
87 4 3 0.000000
87 4 4 0.589039
87 4 5 0.000000
87 5 1 0.639388
87 5 2 0.000000
87 5 3 0.643575
87 5 4 0.000000
87 5 5 0.509941
87 6 1 0.634148
87 6 2 0.658426
87 6 3 0.000000
87 6 4 0.586804
87 6 5 0.504702
87 7 1 0.634036
87 7 2 0.658313
87 7 3 0.638223
87 7 4 0.000000
87 7 5 0.504589
87 8 1 0.638770
87 8 2 0.000000
87 8 3 0.642958
87 8 4 0.591425
87 8 5 0.000000
87 9 1 0.000000
87 9 2 0.655749
87 9 3 0.000000
87 9 4 0.584127
87 9 5 0.000000
87 10 1 0.635683
87 10 2 0.659960
87 10 3 0.639870
87 10 4 0.588338
87 10 5 0.506236
88 1 1 0.648524
88 1 2 0.000000
88 1 3 0.652711
88 1 4 0.000000
88 1 5 0.000000
88 2 1 0.000000
88 2 2 0.669501
88 2 3 0.000000
88 2 4 0.597879
88 2 5 0.000000
88 3 1 0.653606
88 3 2 0.677883
88 3 3 0.657793
88 3 4 0.000000
88 3 5 0.524159
88 4 1 0.636383
88 4 2 0.660661
88 4 3 0.000000
88 4 4 0.589039
88 4 5 0.000000
88 5 1 0.639388
88 5 2 0.000000
88 5 3 0.643575
88 5 4 0.000000
88 5 5 0.509941
88 6 1 0.634148
88 6 2 0.658426
88 6 3 0.000000
88 6 4 0.586804
88 6 5 0.504702
88 7 1 0.634036
88 7 2 0.658313
88 7 3 0.638223
88 7 4 0.000000
88 7 5 0.504589
88 8 1 0.638770
88 8 2 0.000000
88 8 3 0.642958
88 8 4 0.591425
88 8 5 0.000000
88 9 1 0.000000
88 9 2 0.655749
88 9 3 0.000000
88 9 4 0.584127
88 9 5 0.000000
88 10 1 0.635683
88 10 2 0.659960
88 10 3 0.639870
88 10 4 0.588338
88 10 5 0.506236
89 1 1 0.648524
89 1 2 0.000000
89 1 3 0.652711
89 1 4 0.000000
89 1 5 0.000000
89 2 1 0.000000
89 2 2 0.669501
89 2 3 0.000000
89 2 4 0.597879
89 2 5 0.000000
89 3 1 0.653606
89 3 2 0.677883
89 3 3 0.657793
89 3 4 0.000000
89 3 5 0.524159
89 4 1 0.636383
89 4 2 0.660661
89 4 3 0.000000
89 4 4 0.589039
89 4 5 0.000000
89 5 1 0.639388
89 5 2 0.000000
89 5 3 0.643575
89 5 4 0.000000
89 5 5 0.509941
89 6 1 0.634148
89 6 2 0.658426
89 6 3 0.000000
89 6 4 0.586804
89 6 5 0.504702
89 7 1 0.634036
89 7 2 0.658313
89 7 3 0.638223
89 7 4 0.000000
89 7 5 0.504589
89 8 1 0.638770
89 8 2 0.000000
89 8 3 0.642958
89 8 4 0.591425
89 8 5 0.000000
89 9 1 0.000000
89 9 2 0.655749
89 9 3 0.000000
89 9 4 0.584127
89 9 5 0.000000
89 10 1 0.635683
89 10 2 0.659960
89 10 3 0.639870
89 10 4 0.588338
89 10 5 0.506236
90 1 1 0.648524
90 1 2 0.000000
90 1 3 0.652711
90 1 4 0.000000
90 1 5 0.000000
90 2 1 0.000000
90 2 2 0.669501
90 2 3 0.000000
90 2 4 0.597879
90 2 5 0.000000
90 3 1 0.653606
90 3 2 0.677883
90 3 3 0.657793
90 3 4 0.000000
90 3 5 0.524159
90 4 1 0.636383
90 4 2 0.660661
90 4 3 0.000000
90 4 4 0.589039
90 4 5 0.000000
90 5 1 0.639388
90 5 2 0.000000
90 5 3 0.643575
90 5 4 0.000000
90 5 5 0.509941
90 6 1 0.634148
90 6 2 0.658426
90 6 3 0.000000
90 6 4 0.586804
90 6 5 0.504702
90 7 1 0.634036
90 7 2 0.658313
90 7 3 0.638223
90 7 4 0.000000
90 7 5 0.504589
90 8 1 0.638770
90 8 2 0.000000
90 8 3 0.642958
90 8 4 0.591425
90 8 5 0.000000
90 9 1 0.000000
90 9 2 0.655749
90 9 3 0.000000
90 9 4 0.584127
90 9 5 0.000000
90 10 1 0.635683
90 10 2 0.659960
90 10 3 0.639870
90 10 4 0.588338
90 10 5 0.506236
91 1 1 0.648524
91 1 2 0.000000
91 1 3 0.652711
91 1 4 0.000000
91 1 5 0.000000
91 2 1 0.000000
91 2 2 0.669501
91 2 3 0.000000
91 2 4 0.597879
91 2 5 0.000000
91 3 1 0.653606
91 3 2 0.677883
91 3 3 0.657793
91 3 4 0.000000
91 3 5 0.524159
91 4 1 0.636383
91 4 2 0.660661
91 4 3 0.000000
91 4 4 0.589039
91 4 5 0.000000
91 5 1 0.639388
91 5 2 0.000000
91 5 3 0.643575
91 5 4 0.000000
91 5 5 0.509941
91 6 1 0.634148
91 6 2 0.658426
91 6 3 0.000000
91 6 4 0.586804
91 6 5 0.504702
91 7 1 0.634036
91 7 2 0.658313
91 7 3 0.638223
91 7 4 0.000000
91 7 5 0.504589
91 8 1 0.638770
91 8 2 0.000000
91 8 3 0.642958
91 8 4 0.591425
91 8 5 0.000000
91 9 1 0.000000
91 9 2 0.655749
91 9 3 0.000000
91 9 4 0.584127
91 9 5 0.000000
91 10 1 0.635683
91 10 2 0.659960
91 10 3 0.639870
91 10 4 0.588338
91 10 5 0.506236
92 1 1 0.648524
92 1 2 0.000000
92 1 3 0.652711
92 1 4 0.000000
92 1 5 0.000000
92 2 1 0.000000
92 2 2 0.669501
92 2 3 0.000000
92 2 4 0.597879
92 2 5 0.000000
92 3 1 0.653606
92 3 2 0.677883
92 3 3 0.657793
92 3 4 0.000000
92 3 5 0.524159
92 4 1 0.636383
92 4 2 0.660661
92 4 3 0.000000
92 4 4 0.589039
92 4 5 0.000000
92 5 1 0.639388
92 5 2 0.000000
92 5 3 0.643575
92 5 4 0.000000
92 5 5 0.509941
92 6 1 0.634148
92 6 2 0.658426
92 6 3 0.000000
92 6 4 0.586804
92 6 5 0.504702
92 7 1 0.634036
92 7 2 0.658313
92 7 3 0.638223
92 7 4 0.000000
92 7 5 0.504589
92 8 1 0.638770
92 8 2 0.000000
92 8 3 0.642958
92 8 4 0.591425
92 8 5 0.000000
92 9 1 0.000000
92 9 2 0.655749
92 9 3 0.000000
92 9 4 0.584127
92 9 5 0.000000
92 10 1 0.635683
92 10 2 0.659960
92 10 3 0.639870
92 10 4 0.588338
92 10 5 0.506236
93 1 1 0.648524
93 1 2 0.000000
93 1 3 0.652711
93 1 4 0.000000
93 1 5 0.000000
93 2 1 0.000000
93 2 2 0.669501
93 2 3 0.000000
93 2 4 0.597879
93 2 5 0.000000
93 3 1 0.653606
93 3 2 0.677883
93 3 3 0.657793
93 3 4 0.000000
93 3 5 0.524159
93 4 1 0.636383
93 4 2 0.660661
93 4 3 0.000000
93 4 4 0.589039
93 4 5 0.000000
93 5 1 0.639388
93 5 2 0.000000
93 5 3 0.643575
93 5 4 0.000000
93 5 5 0.509941
93 6 1 0.634148
93 6 2 0.658426
93 6 3 0.000000
93 6 4 0.586804
93 6 5 0.504702
93 7 1 0.634036
93 7 2 0.658313
93 7 3 0.638223
93 7 4 0.000000
93 7 5 0.504589
93 8 1 0.638770
93 8 2 0.000000
93 8 3 0.642958
93 8 4 0.591425
93 8 5 0.000000
93 9 1 0.000000
93 9 2 0.655749
93 9 3 0.000000
93 9 4 0.584127
93 9 5 0.000000
93 10 1 0.635683
93 10 2 0.659960
93 10 3 0.639870
93 10 4 0.588338
93 10 5 0.506236
94 1 1 0.648524
94 1 2 0.000000
94 1 3 0.652711
94 1 4 0.000000
94 1 5 0.000000
94 2 1 0.000000
94 2 2 0.669501
94 2 3 0.000000
94 2 4 0.597879
94 2 5 0.000000
94 3 1 0.653606
94 3 2 0.677883
94 3 3 0.657793
94 3 4 0.000000
94 3 5 0.524159
94 4 1 0.636383
94 4 2 0.660661
94 4 3 0.000000
94 4 4 0.589039
94 4 5 0.000000
94 5 1 0.639388
94 5 2 0.000000
94 5 3 0.643575
94 5 4 0.000000
94 5 5 0.509941
94 6 1 0.634148
94 6 2 0.658426
94 6 3 0.000000
94 6 4 0.586804
94 6 5 0.504702
94 7 1 0.634036
94 7 2 0.658313
94 7 3 0.638223
94 7 4 0.000000
94 7 5 0.504589
94 8 1 0.638770
94 8 2 0.000000
94 8 3 0.642958
94 8 4 0.591425
94 8 5 0.000000
94 9 1 0.000000
94 9 2 0.655749
94 9 3 0.000000
94 9 4 0.584127
94 9 5 0.000000
94 10 1 0.635683
94 10 2 0.659960
94 10 3 0.639870
94 10 4 0.588338
94 10 5 0.506236
95 1 1 0.648524
95 1 2 0.000000
95 1 3 0.652711
95 1 4 0.000000
95 1 5 0.000000
95 2 1 0.000000
95 2 2 0.669501
95 2 3 0.000000
95 2 4 0.597879
95 2 5 0.000000
95 3 1 0.653606
95 3 2 0.677883
95 3 3 0.657793
95 3 4 0.000000
95 3 5 0.524159
95 4 1 0.636383
95 4 2 0.660661
95 4 3 0.000000
95 4 4 0.589039
95 4 5 0.000000
95 5 1 0.639388
95 5 2 0.000000
95 5 3 0.643575
95 5 4 0.000000
95 5 5 0.509941
95 6 1 0.634148
95 6 2 0.658426
95 6 3 0.000000
95 6 4 0.586804
95 6 5 0.504702
95 7 1 0.634036
95 7 2 0.658313
95 7 3 0.638223
95 7 4 0.000000
95 7 5 0.504589
95 8 1 0.638770
95 8 2 0.000000
95 8 3 0.642958
95 8 4 0.591425
95 8 5 0.000000
95 9 1 0.000000
95 9 2 0.655749
95 9 3 0.000000
95 9 4 0.584127
95 9 5 0.000000
95 10 1 0.635683
95 10 2 0.659960
95 10 3 0.639870
95 10 4 0.588338
95 10 5 0.506236
96 1 1 0.648524
96 1 2 0.000000
96 1 3 0.652711
96 1 4 0.000000
96 1 5 0.000000
96 2 1 0.000000
96 2 2 0.669501
96 2 3 0.000000
96 2 4 0.597879
96 2 5 0.000000
96 3 1 0.653606
96 3 2 0.677883
96 3 3 0.657793
96 3 4 0.000000
96 3 5 0.524159
96 4 1 0.636383
96 4 2 0.660661
96 4 3 0.000000
96 4 4 0.589039
96 4 5 0.000000
96 5 1 0.639388
96 5 2 0.000000
96 5 3 0.643575
96 5 4 0.000000
96 5 5 0.509941
96 6 1 0.634148
96 6 2 0.658426
96 6 3 0.000000
96 6 4 0.586804
96 6 5 0.504702
96 7 1 0.634036
96 7 2 0.658313
96 7 3 0.638223
96 7 4 0.000000
96 7 5 0.504589
96 8 1 0.638770
96 8 2 0.000000
96 8 3 0.642958
96 8 4 0.591425
96 8 5 0.000000
96 9 1 0.000000
96 9 2 0.655749
96 9 3 0.000000
96 9 4 0.584127
96 9 5 0.000000
96 10 1 0.635683
96 10 2 0.659960
96 10 3 0.639870
96 10 4 0.588338
96 10 5 0.506236
97 1 1 0.648524
97 1 2 0.000000
97 1 3 0.652711
97 1 4 0.000000
97 1 5 0.000000
97 2 1 0.000000
97 2 2 0.669501
97 2 3 0.000000
97 2 4 0.597879
97 2 5 0.000000
97 3 1 0.653606
97 3 2 0.677883
97 3 3 0.657793
97 3 4 0.000000
97 3 5 0.524159
97 4 1 0.636383
97 4 2 0.660661
97 4 3 0.000000
97 4 4 0.589039
97 4 5 0.000000
97 5 1 0.639388
97 5 2 0.000000
97 5 3 0.643575
97 5 4 0.000000
97 5 5 0.509941
97 6 1 0.634148
97 6 2 0.658426
97 6 3 0.000000
97 6 4 0.586804
97 6 5 0.504702
97 7 1 0.634036
97 7 2 0.658313
97 7 3 0.638223
97 7 4 0.000000
97 7 5 0.504589
97 8 1 0.638770
97 8 2 0.000000
97 8 3 0.642958
97 8 4 0.591425
97 8 5 0.000000
97 9 1 0.000000
97 9 2 0.655749
97 9 3 0.000000
97 9 4 0.584127
97 9 5 0.000000
97 10 1 0.635683
97 10 2 0.659960
97 10 3 0.639870
97 10 4 0.588338
97 10 5 0.506236
98 1 1 0.648524
98 1 2 0.000000
98 1 3 0.652711
98 1 4 0.000000
98 1 5 0.000000
98 2 1 0.000000
98 2 2 0.669501
98 2 3 0.000000
98 2 4 0.597879
98 2 5 0.000000
98 3 1 0.653606
98 3 2 0.677883
98 3 3 0.657793
98 3 4 0.000000
98 3 5 0.524159
98 4 1 0.636383
98 4 2 0.660661
98 4 3 0.000000
98 4 4 0.589039
98 4 5 0.000000
98 5 1 0.639388
98 5 2 0.000000
98 5 3 0.643575
98 5 4 0.000000
98 5 5 0.509941
98 6 1 0.634148
98 6 2 0.658426
98 6 3 0.000000
98 6 4 0.586804
98 6 5 0.504702
98 7 1 0.634036
98 7 2 0.658313
98 7 3 0.638223
98 7 4 0.000000
98 7 5 0.504589
98 8 1 0.638770
98 8 2 0.000000
98 8 3 0.642958
98 8 4 0.591425
98 8 5 0.000000
98 9 1 0.000000
98 9 2 0.655749
98 9 3 0.000000
98 9 4 0.584127
98 9 5 0.000000
98 10 1 0.635683
98 10 2 0.659960
98 10 3 0.639870
98 10 4 0.588338
98 10 5 0.506236
99 1 1 0.648524
99 1 2 0.000000
99 1 3 0.652711
99 1 4 0.000000
99 1 5 0.000000
99 2 1 0.000000
99 2 2 0.669501
99 2 3 0.000000
99 2 4 0.597879
99 2 5 0.000000
99 3 1 0.653606
99 3 2 0.677883
99 3 3 0.657793
99 3 4 0.000000
99 3 5 0.524159
99 4 1 0.636383
99 4 2 0.660661
99 4 3 0.000000
99 4 4 0.589039
99 4 5 0.000000
99 5 1 0.639388
99 5 2 0.000000
99 5 3 0.643575
99 5 4 0.000000
99 5 5 0.509941
99 6 1 0.634148
99 6 2 0.658426
99 6 3 0.000000
99 6 4 0.586804
99 6 5 0.504702
99 7 1 0.634036
99 7 2 0.658313
99 7 3 0.638223
99 7 4 0.000000
99 7 5 0.504589
99 8 1 0.638770
99 8 2 0.000000
99 8 3 0.642958
99 8 4 0.591425
99 8 5 0.000000
99 9 1 0.000000
99 9 2 0.655749
99 9 3 0.000000
99 9 4 0.584127
99 9 5 0.000000
99 10 1 0.635683
99 10 2 0.659960
99 10 3 0.639870
99 10 4 0.588338
99 10 5 0.506236
100 1 1 0.648524
100 1 2 0.000000
100 1 3 0.652711
100 1 4 0.000000
100 1 5 0.000000
100 2 1 0.000000
100 2 2 0.669501
100 2 3 0.000000
100 2 4 0.597879
100 2 5 0.000000
100 3 1 0.653606
100 3 2 0.677883
100 3 3 0.657793
100 3 4 0.000000
100 3 5 0.524159
100 4 1 0.636383
100 4 2 0.660661
100 4 3 0.000000
100 4 4 0.589039
100 4 5 0.000000
100 5 1 0.639388
100 5 2 0.000000
100 5 3 0.643575
100 5 4 0.000000
100 5 5 0.509941
100 6 1 0.634148
100 6 2 0.658426
100 6 3 0.000000
100 6 4 0.586804
100 6 5 0.504702
100 7 1 0.634036
100 7 2 0.658313
100 7 3 0.638223
100 7 4 0.000000
100 7 5 0.504589
100 8 1 0.638770
100 8 2 0.000000
100 8 3 0.642958
100 8 4 0.591425
100 8 5 0.000000
100 9 1 0.000000
100 9 2 0.655749
100 9 3 0.000000
100 9 4 0.584127
100 9 5 0.000000
100 10 1 0.635683
100 10 2 0.659960
100 10 3 0.639870
100 10 4 0.588338
100 10 5 0.506236
101 1 1 0.648524
101 1 2 0.000000
101 1 3 0.652711
101 1 4 0.000000
101 1 5 0.000000
101 2 1 0.000000
101 2 2 0.669501
101 2 3 0.000000
101 2 4 0.597879
101 2 5 0.000000
101 3 1 0.653606
101 3 2 0.677883
101 3 3 0.657793
101 3 4 0.000000
101 3 5 0.524159
101 4 1 0.636383
101 4 2 0.660661
101 4 3 0.000000
101 4 4 0.589039
101 4 5 0.000000
101 5 1 0.639388
101 5 2 0.000000
101 5 3 0.643575
101 5 4 0.000000
101 5 5 0.509941
101 6 1 0.634148
101 6 2 0.658426
101 6 3 0.000000
101 6 4 0.586804
101 6 5 0.504702
101 7 1 0.634036
101 7 2 0.658313
101 7 3 0.638223
101 7 4 0.000000
101 7 5 0.504589
101 8 1 0.638770
101 8 2 0.000000
101 8 3 0.642958
101 8 4 0.591425
101 8 5 0.000000
101 9 1 0.000000
101 9 2 0.655749
101 9 3 0.000000
101 9 4 0.584127
101 9 5 0.000000
101 10 1 0.635683
101 10 2 0.659960
101 10 3 0.639870
101 10 4 0.588338
101 10 5 0.506236
102 1 1 0.648524
102 1 2 0.000000
102 1 3 0.652711
102 1 4 0.000000
102 1 5 0.000000
102 2 1 0.000000
102 2 2 0.669501
102 2 3 0.000000
102 2 4 0.597879
102 2 5 0.000000
102 3 1 0.653606
102 3 2 0.677883
102 3 3 0.657793
102 3 4 0.000000
102 3 5 0.524159
102 4 1 0.636383
102 4 2 0.660661
102 4 3 0.000000
102 4 4 0.589039
102 4 5 0.000000
102 5 1 0.639388
102 5 2 0.000000
102 5 3 0.643575
102 5 4 0.000000
102 5 5 0.509941
102 6 1 0.634148
102 6 2 0.658426
102 6 3 0.000000
102 6 4 0.586804
102 6 5 0.504702
102 7 1 0.634036
102 7 2 0.658313
102 7 3 0.638223
102 7 4 0.000000
102 7 5 0.504589
102 8 1 0.638770
102 8 2 0.000000
102 8 3 0.642958
102 8 4 0.591425
102 8 5 0.000000
102 9 1 0.000000
102 9 2 0.655749
102 9 3 0.000000
102 9 4 0.584127
102 9 5 0.000000
102 10 1 0.635683
102 10 2 0.659960
102 10 3 0.639870
102 10 4 0.588338
102 10 5 0.506236
103 1 1 0.648524
103 1 2 0.000000
103 1 3 0.652711
103 1 4 0.000000
103 1 5 0.000000
103 2 1 0.000000
103 2 2 0.669501
103 2 3 0.000000
103 2 4 0.597879
103 2 5 0.000000
103 3 1 0.653606
103 3 2 0.677883
103 3 3 0.657793
103 3 4 0.000000
103 3 5 0.524159
103 4 1 0.636383
103 4 2 0.660661
103 4 3 0.000000
103 4 4 0.589039
103 4 5 0.000000
103 5 1 0.639388
103 5 2 0.000000
103 5 3 0.643575
103 5 4 0.000000
103 5 5 0.509941
103 6 1 0.634148
103 6 2 0.658426
103 6 3 0.000000
103 6 4 0.586804
103 6 5 0.504702
103 7 1 0.634036
103 7 2 0.658313
103 7 3 0.638223
103 7 4 0.000000
103 7 5 0.504589
103 8 1 0.638770
103 8 2 0.000000
103 8 3 0.642958
103 8 4 0.591425
103 8 5 0.000000
103 9 1 0.000000
103 9 2 0.655749
103 9 3 0.000000
103 9 4 0.584127
103 9 5 0.000000
103 10 1 0.635683
103 10 2 0.659960
103 10 3 0.639870
103 10 4 0.588338
103 10 5 0.506236
104 1 1 0.648524
104 1 2 0.000000
104 1 3 0.652711
104 1 4 0.000000
104 1 5 0.000000
104 2 1 0.000000
104 2 2 0.669501
104 2 3 0.000000
104 2 4 0.597879
104 2 5 0.000000
104 3 1 0.653606
104 3 2 0.677883
104 3 3 0.657793
104 3 4 0.000000
104 3 5 0.524159
104 4 1 0.636383
104 4 2 0.660661
104 4 3 0.000000
104 4 4 0.589039
104 4 5 0.000000
104 5 1 0.639388
104 5 2 0.000000
104 5 3 0.643575
104 5 4 0.000000
104 5 5 0.509941
104 6 1 0.634148
104 6 2 0.658426
104 6 3 0.000000
104 6 4 0.586804
104 6 5 0.504702
104 7 1 0.634036
104 7 2 0.658313
104 7 3 0.638223
104 7 4 0.000000
104 7 5 0.504589
104 8 1 0.638770
104 8 2 0.000000
104 8 3 0.642958
104 8 4 0.591425
104 8 5 0.000000
104 9 1 0.000000
104 9 2 0.655749
104 9 3 0.000000
104 9 4 0.584127
104 9 5 0.000000
104 10 1 0.635683
104 10 2 0.659960
104 10 3 0.639870
104 10 4 0.588338
104 10 5 0.506236
105 1 1 0.648524
105 1 2 0.000000
105 1 3 0.652711
105 1 4 0.000000
105 1 5 0.000000
105 2 1 0.000000
105 2 2 0.669501
105 2 3 0.000000
105 2 4 0.597879
105 2 5 0.000000
105 3 1 0.653606
105 3 2 0.677883
105 3 3 0.657793
105 3 4 0.000000
105 3 5 0.524159
105 4 1 0.636383
105 4 2 0.660661
105 4 3 0.000000
105 4 4 0.589039
105 4 5 0.000000
105 5 1 0.639388
105 5 2 0.000000
105 5 3 0.643575
105 5 4 0.000000
105 5 5 0.509941
105 6 1 0.634148
105 6 2 0.658426
105 6 3 0.000000
105 6 4 0.586804
105 6 5 0.504702
105 7 1 0.634036
105 7 2 0.658313
105 7 3 0.638223
105 7 4 0.000000
105 7 5 0.504589
105 8 1 0.638770
105 8 2 0.000000
105 8 3 0.642958
105 8 4 0.591425
105 8 5 0.000000
105 9 1 0.000000
105 9 2 0.655749
105 9 3 0.000000
105 9 4 0.584127
105 9 5 0.000000
105 10 1 0.635683
105 10 2 0.659960
105 10 3 0.639870
105 10 4 0.588338
105 10 5 0.506236
106 1 1 0.648524
106 1 2 0.000000
106 1 3 0.652711
106 1 4 0.000000
106 1 5 0.000000
106 2 1 0.000000
106 2 2 0.669501
106 2 3 0.000000
106 2 4 0.597879
106 2 5 0.000000
106 3 1 0.653606
106 3 2 0.677883
106 3 3 0.657793
106 3 4 0.000000
106 3 5 0.524159
106 4 1 0.636383
106 4 2 0.660661
106 4 3 0.000000
106 4 4 0.589039
106 4 5 0.000000
106 5 1 0.639388
106 5 2 0.000000
106 5 3 0.643575
106 5 4 0.000000
106 5 5 0.509941
106 6 1 0.634148
106 6 2 0.658426
106 6 3 0.000000
106 6 4 0.586804
106 6 5 0.504702
106 7 1 0.634036
106 7 2 0.658313
106 7 3 0.638223
106 7 4 0.000000
106 7 5 0.504589
106 8 1 0.638770
106 8 2 0.000000
106 8 3 0.642958
106 8 4 0.591425
106 8 5 0.000000
106 9 1 0.000000
106 9 2 0.655749
106 9 3 0.000000
106 9 4 0.584127
106 9 5 0.000000
106 10 1 0.635683
106 10 2 0.659960
106 10 3 0.639870
106 10 4 0.588338
106 10 5 0.506236
107 1 1 0.648524
107 1 2 0.000000
107 1 3 0.652711
107 1 4 0.000000
107 1 5 0.000000
107 2 1 0.000000
107 2 2 0.669501
107 2 3 0.000000
107 2 4 0.597879
107 2 5 0.000000
107 3 1 0.653606
107 3 2 0.677883
107 3 3 0.657793
107 3 4 0.000000
107 3 5 0.524159
107 4 1 0.636383
107 4 2 0.660661
107 4 3 0.000000
107 4 4 0.589039
107 4 5 0.000000
107 5 1 0.639388
107 5 2 0.000000
107 5 3 0.643575
107 5 4 0.000000
107 5 5 0.509941
107 6 1 0.634148
107 6 2 0.658426
107 6 3 0.000000
107 6 4 0.586804
107 6 5 0.504702
107 7 1 0.634036
107 7 2 0.658313
107 7 3 0.638223
107 7 4 0.000000
107 7 5 0.504589
107 8 1 0.638770
107 8 2 0.000000
107 8 3 0.642958
107 8 4 0.591425
107 8 5 0.000000
107 9 1 0.000000
107 9 2 0.655749
107 9 3 0.000000
107 9 4 0.584127
107 9 5 0.000000
107 10 1 0.635683
107 10 2 0.659960
107 10 3 0.639870
107 10 4 0.588338
107 10 5 0.506236
108 1 1 0.648524
108 1 2 0.000000
108 1 3 0.652711
108 1 4 0.000000
108 1 5 0.000000
108 2 1 0.000000
108 2 2 0.669501
108 2 3 0.000000
108 2 4 0.597879
108 2 5 0.000000
108 3 1 0.653606
108 3 2 0.677883
108 3 3 0.657793
108 3 4 0.000000
108 3 5 0.524159
108 4 1 0.636383
108 4 2 0.660661
108 4 3 0.000000
108 4 4 0.589039
108 4 5 0.000000
108 5 1 0.639388
108 5 2 0.000000
108 5 3 0.643575
108 5 4 0.000000
108 5 5 0.509941
108 6 1 0.634148
108 6 2 0.658426
108 6 3 0.000000
108 6 4 0.586804
108 6 5 0.504702
108 7 1 0.634036
108 7 2 0.658313
108 7 3 0.638223
108 7 4 0.000000
108 7 5 0.504589
108 8 1 0.638770
108 8 2 0.000000
108 8 3 0.642958
108 8 4 0.591425
108 8 5 0.000000
108 9 1 0.000000
108 9 2 0.655749
108 9 3 0.000000
108 9 4 0.584127
108 9 5 0.000000
108 10 1 0.635683
108 10 2 0.659960
108 10 3 0.639870
108 10 4 0.588338
108 10 5 0.506236
109 1 1 0.648524
109 1 2 0.000000
109 1 3 0.652711
109 1 4 0.000000
109 1 5 0.000000
109 2 1 0.000000
109 2 2 0.669501
109 2 3 0.000000
109 2 4 0.597879
109 2 5 0.000000
109 3 1 0.653606
109 3 2 0.677883
109 3 3 0.657793
109 3 4 0.000000
109 3 5 0.524159
109 4 1 0.636383
109 4 2 0.660661
109 4 3 0.000000
109 4 4 0.589039
109 4 5 0.000000
109 5 1 0.639388
109 5 2 0.000000
109 5 3 0.643575
109 5 4 0.000000
109 5 5 0.509941
109 6 1 0.634148
109 6 2 0.658426
109 6 3 0.000000
109 6 4 0.586804
109 6 5 0.504702
109 7 1 0.634036
109 7 2 0.658313
109 7 3 0.638223
109 7 4 0.000000
109 7 5 0.504589
109 8 1 0.638770
109 8 2 0.000000
109 8 3 0.642958
109 8 4 0.591425
109 8 5 0.000000
109 9 1 0.000000
109 9 2 0.655749
109 9 3 0.000000
109 9 4 0.584127
109 9 5 0.000000
109 10 1 0.635683
109 10 2 0.659960
109 10 3 0.639870
109 10 4 0.588338
109 10 5 0.506236
110 1 1 0.648524
110 1 2 0.000000
110 1 3 0.652711
110 1 4 0.000000
110 1 5 0.000000
110 2 1 0.000000
110 2 2 0.669501
110 2 3 0.000000
110 2 4 0.597879
110 2 5 0.000000
110 3 1 0.653606
110 3 2 0.677883
110 3 3 0.657793
110 3 4 0.000000
110 3 5 0.524159
110 4 1 0.636383
110 4 2 0.660661
110 4 3 0.000000
110 4 4 0.589039
110 4 5 0.000000
110 5 1 0.639388
110 5 2 0.000000
110 5 3 0.643575
110 5 4 0.000000
110 5 5 0.509941
110 6 1 0.634148
110 6 2 0.658426
110 6 3 0.000000
110 6 4 0.586804
110 6 5 0.504702
110 7 1 0.634036
110 7 2 0.658313
110 7 3 0.638223
110 7 4 0.000000
110 7 5 0.504589
110 8 1 0.638770
110 8 2 0.000000
110 8 3 0.642958
110 8 4 0.591425
110 8 5 0.000000
110 9 1 0.000000
110 9 2 0.655749
110 9 3 0.000000
110 9 4 0.584127
110 9 5 0.000000
110 10 1 0.635683
110 10 2 0.659960
110 10 3 0.639870
110 10 4 0.588338
110 10 5 0.506236
111 1 1 0.648524
111 1 2 0.000000
111 1 3 0.652711
111 1 4 0.000000
111 1 5 0.000000
111 2 1 0.000000
111 2 2 0.669501
111 2 3 0.000000
111 2 4 0.597879
111 2 5 0.000000
111 3 1 0.653606
111 3 2 0.677883
111 3 3 0.657793
111 3 4 0.000000
111 3 5 0.524159
111 4 1 0.636383
111 4 2 0.660661
111 4 3 0.000000
111 4 4 0.589039
111 4 5 0.000000
111 5 1 0.639388
111 5 2 0.000000
111 5 3 0.643575
111 5 4 0.000000
111 5 5 0.509941
111 6 1 0.634148
111 6 2 0.658426
111 6 3 0.000000
111 6 4 0.586804
111 6 5 0.504702
111 7 1 0.634036
111 7 2 0.658313
111 7 3 0.638223
111 7 4 0.000000
111 7 5 0.504589
111 8 1 0.638770
111 8 2 0.000000
111 8 3 0.642958
111 8 4 0.591425
111 8 5 0.000000
111 9 1 0.000000
111 9 2 0.655749
111 9 3 0.000000
111 9 4 0.584127
111 9 5 0.000000
111 10 1 0.635683
111 10 2 0.659960
111 10 3 0.639870
111 10 4 0.588338
111 10 5 0.506236
112 1 1 0.648524
112 1 2 0.000000
112 1 3 0.652711
112 1 4 0.000000
112 1 5 0.000000
112 2 1 0.000000
112 2 2 0.669501
112 2 3 0.000000
112 2 4 0.597879
112 2 5 0.000000
112 3 1 0.653606
112 3 2 0.677883
112 3 3 0.657793
112 3 4 0.000000
112 3 5 0.524159
112 4 1 0.636383
112 4 2 0.660661
112 4 3 0.000000
112 4 4 0.589039
112 4 5 0.000000
112 5 1 0.639388
112 5 2 0.000000
112 5 3 0.643575
112 5 4 0.000000
112 5 5 0.509941
112 6 1 0.634148
112 6 2 0.658426
112 6 3 0.000000
112 6 4 0.586804
112 6 5 0.504702
112 7 1 0.634036
112 7 2 0.658313
112 7 3 0.638223
112 7 4 0.000000
112 7 5 0.504589
112 8 1 0.638770
112 8 2 0.000000
112 8 3 0.642958
112 8 4 0.591425
112 8 5 0.000000
112 9 1 0.000000
112 9 2 0.655749
112 9 3 0.000000
112 9 4 0.584127
112 9 5 0.000000
112 10 1 0.635683
112 10 2 0.659960
112 10 3 0.639870
112 10 4 0.588338
112 10 5 0.506236
113 1 1 0.648524
113 1 2 0.000000
113 1 3 0.652711
113 1 4 0.000000
113 1 5 0.000000
113 2 1 0.000000
113 2 2 0.669501
113 2 3 0.000000
113 2 4 0.597879
113 2 5 0.000000
113 3 1 0.653606
113 3 2 0.677883
113 3 3 0.657793
113 3 4 0.000000
113 3 5 0.524159
113 4 1 0.636383
113 4 2 0.660661
113 4 3 0.000000
113 4 4 0.589039
113 4 5 0.000000
113 5 1 0.639388
113 5 2 0.000000
113 5 3 0.643575
113 5 4 0.000000
113 5 5 0.509941
113 6 1 0.634148
113 6 2 0.658426
113 6 3 0.000000
113 6 4 0.586804
113 6 5 0.504702
113 7 1 0.634036
113 7 2 0.658313
113 7 3 0.638223
113 7 4 0.000000
113 7 5 0.504589
113 8 1 0.638770
113 8 2 0.000000
113 8 3 0.642958
113 8 4 0.591425
113 8 5 0.000000
113 9 1 0.000000
113 9 2 0.655749
113 9 3 0.000000
113 9 4 0.584127
113 9 5 0.000000
113 10 1 0.635683
113 10 2 0.659960
113 10 3 0.639870
113 10 4 0.588338
113 10 5 0.506236
114 1 1 0.648524
114 1 2 0.000000
114 1 3 0.652711
114 1 4 0.000000
114 1 5 0.000000
114 2 1 0.000000
114 2 2 0.669501
114 2 3 0.000000
114 2 4 0.597879
114 2 5 0.000000
114 3 1 0.653606
114 3 2 0.677883
114 3 3 0.657793
114 3 4 0.000000
114 3 5 0.524159
114 4 1 0.636383
114 4 2 0.660661
114 4 3 0.000000
114 4 4 0.589039
114 4 5 0.000000
114 5 1 0.639388
114 5 2 0.000000
114 5 3 0.643575
114 5 4 0.000000
114 5 5 0.509941
114 6 1 0.634148
114 6 2 0.658426
114 6 3 0.000000
114 6 4 0.586804
114 6 5 0.504702
114 7 1 0.634036
114 7 2 0.658313
114 7 3 0.638223
114 7 4 0.000000
114 7 5 0.504589
114 8 1 0.638770
114 8 2 0.000000
114 8 3 0.642958
114 8 4 0.591425
114 8 5 0.000000
114 9 1 0.000000
114 9 2 0.655749
114 9 3 0.000000
114 9 4 0.584127
114 9 5 0.000000
114 10 1 0.635683
114 10 2 0.659960
114 10 3 0.639870
114 10 4 0.588338
114 10 5 0.506236
115 1 1 0.648524
115 1 2 0.000000
115 1 3 0.652711
115 1 4 0.000000
115 1 5 0.000000
115 2 1 0.000000
115 2 2 0.669501
115 2 3 0.000000
115 2 4 0.597879
115 2 5 0.000000
115 3 1 0.653606
115 3 2 0.677883
115 3 3 0.657793
115 3 4 0.000000
115 3 5 0.524159
115 4 1 0.636383
115 4 2 0.660661
115 4 3 0.000000
115 4 4 0.589039
115 4 5 0.000000
115 5 1 0.639388
115 5 2 0.000000
115 5 3 0.643575
115 5 4 0.000000
115 5 5 0.509941
115 6 1 0.634148
115 6 2 0.658426
115 6 3 0.000000
115 6 4 0.586804
115 6 5 0.504702
115 7 1 0.634036
115 7 2 0.658313
115 7 3 0.638223
115 7 4 0.000000
115 7 5 0.504589
115 8 1 0.638770
115 8 2 0.000000
115 8 3 0.642958
115 8 4 0.591425
115 8 5 0.000000
115 9 1 0.000000
115 9 2 0.655749
115 9 3 0.000000
115 9 4 0.584127
115 9 5 0.000000
115 10 1 0.635683
115 10 2 0.659960
115 10 3 0.639870
115 10 4 0.588338
115 10 5 0.506236
116 1 1 0.648524
116 1 2 0.000000
116 1 3 0.652711
116 1 4 0.000000
116 1 5 0.000000
116 2 1 0.000000
116 2 2 0.669501
116 2 3 0.000000
116 2 4 0.597879
116 2 5 0.000000
116 3 1 0.653606
116 3 2 0.677883
116 3 3 0.657793
116 3 4 0.000000
116 3 5 0.524159
116 4 1 0.636383
116 4 2 0.660661
116 4 3 0.000000
116 4 4 0.589039
116 4 5 0.000000
116 5 1 0.639388
116 5 2 0.000000
116 5 3 0.643575
116 5 4 0.000000
116 5 5 0.509941
116 6 1 0.634148
116 6 2 0.658426
116 6 3 0.000000
116 6 4 0.586804
116 6 5 0.504702
116 7 1 0.634036
116 7 2 0.658313
116 7 3 0.638223
116 7 4 0.000000
116 7 5 0.504589
116 8 1 0.638770
116 8 2 0.000000
116 8 3 0.642958
116 8 4 0.591425
116 8 5 0.000000
116 9 1 0.000000
116 9 2 0.655749
116 9 3 0.000000
116 9 4 0.584127
116 9 5 0.000000
116 10 1 0.635683
116 10 2 0.659960
116 10 3 0.639870
116 10 4 0.588338
116 10 5 0.506236
117 1 1 0.648524
117 1 2 0.000000
117 1 3 0.652711
117 1 4 0.000000
117 1 5 0.000000
117 2 1 0.000000
117 2 2 0.669501
117 2 3 0.000000
117 2 4 0.597879
117 2 5 0.000000
117 3 1 0.653606
117 3 2 0.677883
117 3 3 0.657793
117 3 4 0.000000
117 3 5 0.524159
117 4 1 0.636383
117 4 2 0.660661
117 4 3 0.000000
117 4 4 0.589039
117 4 5 0.000000
117 5 1 0.639388
117 5 2 0.000000
117 5 3 0.643575
117 5 4 0.000000
117 5 5 0.509941
117 6 1 0.634148
117 6 2 0.658426
117 6 3 0.000000
117 6 4 0.586804
117 6 5 0.504702
117 7 1 0.634036
117 7 2 0.658313
117 7 3 0.638223
117 7 4 0.000000
117 7 5 0.504589
117 8 1 0.638770
117 8 2 0.000000
117 8 3 0.642958
117 8 4 0.591425
117 8 5 0.000000
117 9 1 0.000000
117 9 2 0.655749
117 9 3 0.000000
117 9 4 0.584127
117 9 5 0.000000
117 10 1 0.635683
117 10 2 0.659960
117 10 3 0.639870
117 10 4 0.588338
117 10 5 0.506236
118 1 1 0.648524
118 1 2 0.000000
118 1 3 0.652711
118 1 4 0.000000
118 1 5 0.000000
118 2 1 0.000000
118 2 2 0.669501
118 2 3 0.000000
118 2 4 0.597879
118 2 5 0.000000
118 3 1 0.653606
118 3 2 0.677883
118 3 3 0.657793
118 3 4 0.000000
118 3 5 0.524159
118 4 1 0.636383
118 4 2 0.660661
118 4 3 0.000000
118 4 4 0.589039
118 4 5 0.000000
118 5 1 0.639388
118 5 2 0.000000
118 5 3 0.643575
118 5 4 0.000000
118 5 5 0.509941
118 6 1 0.634148
118 6 2 0.658426
118 6 3 0.000000
118 6 4 0.586804
118 6 5 0.504702
118 7 1 0.634036
118 7 2 0.658313
118 7 3 0.638223
118 7 4 0.000000
118 7 5 0.504589
118 8 1 0.638770
118 8 2 0.000000
118 8 3 0.642958
118 8 4 0.591425
118 8 5 0.000000
118 9 1 0.000000
118 9 2 0.655749
118 9 3 0.000000
118 9 4 0.584127
118 9 5 0.000000
118 10 1 0.635683
118 10 2 0.659960
118 10 3 0.639870
118 10 4 0.588338
118 10 5 0.506236
119 1 1 0.648524
119 1 2 0.000000
119 1 3 0.652711
119 1 4 0.000000
119 1 5 0.000000
119 2 1 0.000000
119 2 2 0.669501
119 2 3 0.000000
119 2 4 0.597879
119 2 5 0.000000
119 3 1 0.653606
119 3 2 0.677883
119 3 3 0.657793
119 3 4 0.000000
119 3 5 0.524159
119 4 1 0.636383
119 4 2 0.660661
119 4 3 0.000000
119 4 4 0.589039
119 4 5 0.000000
119 5 1 0.639388
119 5 2 0.000000
119 5 3 0.643575
119 5 4 0.000000
119 5 5 0.509941
119 6 1 0.634148
119 6 2 0.658426
119 6 3 0.000000
119 6 4 0.586804
119 6 5 0.504702
119 7 1 0.634036
119 7 2 0.658313
119 7 3 0.638223
119 7 4 0.000000
119 7 5 0.504589
119 8 1 0.638770
119 8 2 0.000000
119 8 3 0.642958
119 8 4 0.591425
119 8 5 0.000000
119 9 1 0.000000
119 9 2 0.655749
119 9 3 0.000000
119 9 4 0.584127
119 9 5 0.000000
119 10 1 0.635683
119 10 2 0.659960
119 10 3 0.639870
119 10 4 0.588338
119 10 5 0.506236
120 1 1 0.648524
120 1 2 0.000000
120 1 3 0.652711
120 1 4 0.000000
120 1 5 0.000000
120 2 1 0.000000
120 2 2 0.669501
120 2 3 0.000000
120 2 4 0.597879
120 2 5 0.000000
120 3 1 0.653606
120 3 2 0.677883
120 3 3 0.657793
120 3 4 0.000000
120 3 5 0.524159
120 4 1 0.636383
120 4 2 0.660661
120 4 3 0.000000
120 4 4 0.589039
120 4 5 0.000000
120 5 1 0.639388
120 5 2 0.000000
120 5 3 0.643575
120 5 4 0.000000
120 5 5 0.509941
120 6 1 0.634148
120 6 2 0.658426
120 6 3 0.000000
120 6 4 0.586804
120 6 5 0.504702
120 7 1 0.634036
120 7 2 0.658313
120 7 3 0.638223
120 7 4 0.000000
120 7 5 0.504589
120 8 1 0.638770
120 8 2 0.000000
120 8 3 0.642958
120 8 4 0.591425
120 8 5 0.000000
120 9 1 0.000000
120 9 2 0.655749
120 9 3 0.000000
120 9 4 0.584127
120 9 5 0.000000
120 10 1 0.635683
120 10 2 0.659960
120 10 3 0.639870
120 10 4 0.588338
120 10 5 0.506236
