1 1 1 0.674501
1 1 2 0.699712
1 1 3 0.000000
1 1 4 0.000000
1 1 5 0.585936
1 2 1 0.000000
1 2 2 0.647793
1 2 3 0.631021
1 2 4 0.595429
1 2 5 0.534017
1 3 1 0.644996
1 3 2 0.000000
1 3 3 0.653434
1 3 4 0.617843
1 3 5 0.556431
1 4 1 0.651193
1 4 2 0.676403
1 4 3 0.000000
1 4 4 0.624040
1 4 5 0.562628
1 5 1 0.628141
1 5 2 0.653352
1 5 3 0.636580
1 5 4 0.600988
1 5 5 0.539576
2 1 1 0.674501
2 1 2 0.699712
2 1 3 0.000000
2 1 4 0.000000
2 1 5 0.585936
2 2 1 0.000000
2 2 2 0.647793
2 2 3 0.631021
2 2 4 0.595429
2 2 5 0.534017
2 3 1 0.644996
2 3 2 0.000000
2 3 3 0.653434
2 3 4 0.617843
2 3 5 0.556431
2 4 1 0.651193
2 4 2 0.676403
2 4 3 0.000000
2 4 4 0.624040
2 4 5 0.562628
2 5 1 0.628141
2 5 2 0.653352
2 5 3 0.636580
2 5 4 0.600988
2 5 5 0.539576
3 1 1 0.674501
3 1 2 0.699712
3 1 3 0.000000
3 1 4 0.000000
3 1 5 0.585936
3 2 1 0.000000
3 2 2 0.647793
3 2 3 0.631021
3 2 4 0.595429
3 2 5 0.534017
3 3 1 0.644996
3 3 2 0.000000
3 3 3 0.653434
3 3 4 0.617843
3 3 5 0.556431
3 4 1 0.651193
3 4 2 0.676403
3 4 3 0.000000
3 4 4 0.624040
3 4 5 0.562628
3 5 1 0.628141
3 5 2 0.653352
3 5 3 0.636580
3 5 4 0.600988
3 5 5 0.539576
4 1 1 0.674501
4 1 2 0.699712
4 1 3 0.000000
4 1 4 0.000000
4 1 5 0.585936
4 2 1 0.000000
4 2 2 0.647793
4 2 3 0.631021
4 2 4 0.595429
4 2 5 0.534017
4 3 1 0.644996
4 3 2 0.000000
4 3 3 0.653434
4 3 4 0.617843
4 3 5 0.556431
4 4 1 0.651193
4 4 2 0.676403
4 4 3 0.000000
4 4 4 0.624040
4 4 5 0.562628
4 5 1 0.628141
4 5 2 0.653352
4 5 3 0.636580
4 5 4 0.600988
4 5 5 0.539576
5 1 1 0.674501
5 1 2 0.699712
5 1 3 0.000000
5 1 4 0.000000
5 1 5 0.585936
5 2 1 0.000000
5 2 2 0.647793
5 2 3 0.631021
5 2 4 0.595429
5 2 5 0.534017
5 3 1 0.644996
5 3 2 0.000000
5 3 3 0.653434
5 3 4 0.617843
5 3 5 0.556431
5 4 1 0.651193
5 4 2 0.676403
5 4 3 0.000000
5 4 4 0.624040
5 4 5 0.562628
5 5 1 0.628141
5 5 2 0.653352
5 5 3 0.636580
5 5 4 0.600988
5 5 5 0.539576
6 1 1 0.674501
6 1 2 0.699712
6 1 3 0.000000
6 1 4 0.000000
6 1 5 0.585936
6 2 1 0.000000
6 2 2 0.647793
6 2 3 0.631021
6 2 4 0.595429
6 2 5 0.534017
6 3 1 0.644996
6 3 2 0.000000
6 3 3 0.653434
6 3 4 0.617843
6 3 5 0.556431
6 4 1 0.651193
6 4 2 0.676403
6 4 3 0.000000
6 4 4 0.624040
6 4 5 0.562628
6 5 1 0.628141
6 5 2 0.653352
6 5 3 0.636580
6 5 4 0.600988
6 5 5 0.539576
7 1 1 0.674501
7 1 2 0.699712
7 1 3 0.000000
7 1 4 0.000000
7 1 5 0.585936
7 2 1 0.000000
7 2 2 0.647793
7 2 3 0.631021
7 2 4 0.595429
7 2 5 0.534017
7 3 1 0.644996
7 3 2 0.000000
7 3 3 0.653434
7 3 4 0.617843
7 3 5 0.556431
7 4 1 0.651193
7 4 2 0.676403
7 4 3 0.000000
7 4 4 0.624040
7 4 5 0.562628
7 5 1 0.628141
7 5 2 0.653352
7 5 3 0.636580
7 5 4 0.600988
7 5 5 0.539576
8 1 1 0.674501
8 1 2 0.699712
8 1 3 0.000000
8 1 4 0.000000
8 1 5 0.585936
8 2 1 0.000000
8 2 2 0.647793
8 2 3 0.631021
8 2 4 0.595429
8 2 5 0.534017
8 3 1 0.644996
8 3 2 0.000000
8 3 3 0.653434
8 3 4 0.617843
8 3 5 0.556431
8 4 1 0.651193
8 4 2 0.676403
8 4 3 0.000000
8 4 4 0.624040
8 4 5 0.562628
8 5 1 0.628141
8 5 2 0.653352
8 5 3 0.636580
8 5 4 0.600988
8 5 5 0.539576
9 1 1 0.674501
9 1 2 0.699712
9 1 3 0.000000
9 1 4 0.000000
9 1 5 0.585936
9 2 1 0.000000
9 2 2 0.647793
9 2 3 0.631021
9 2 4 0.595429
9 2 5 0.534017
9 3 1 0.644996
9 3 2 0.000000
9 3 3 0.653434
9 3 4 0.617843
9 3 5 0.556431
9 4 1 0.651193
9 4 2 0.676403
9 4 3 0.000000
9 4 4 0.624040
9 4 5 0.562628
9 5 1 0.628141
9 5 2 0.653352
9 5 3 0.636580
9 5 4 0.600988
9 5 5 0.539576
10 1 1 0.674501
10 1 2 0.699712
10 1 3 0.000000
10 1 4 0.000000
10 1 5 0.585936
10 2 1 0.000000
10 2 2 0.647793
10 2 3 0.631021
10 2 4 0.595429
10 2 5 0.534017
10 3 1 0.644996
10 3 2 0.000000
10 3 3 0.653434
10 3 4 0.617843
10 3 5 0.556431
10 4 1 0.651193
10 4 2 0.676403
10 4 3 0.000000
10 4 4 0.624040
10 4 5 0.562628
10 5 1 0.628141
10 5 2 0.653352
10 5 3 0.636580
10 5 4 0.600988
10 5 5 0.539576
11 1 1 0.674501
11 1 2 0.699712
11 1 3 0.000000
11 1 4 0.000000
11 1 5 0.585936
11 2 1 0.000000
11 2 2 0.647793
11 2 3 0.631021
11 2 4 0.595429
11 2 5 0.534017
11 3 1 0.644996
11 3 2 0.000000
11 3 3 0.653434
11 3 4 0.617843
11 3 5 0.556431
11 4 1 0.651193
11 4 2 0.676403
11 4 3 0.000000
11 4 4 0.624040
11 4 5 0.562628
11 5 1 0.628141
11 5 2 0.653352
11 5 3 0.636580
11 5 4 0.600988
11 5 5 0.539576
12 1 1 0.674501
12 1 2 0.699712
12 1 3 0.000000
12 1 4 0.000000
12 1 5 0.585936
12 2 1 0.000000
12 2 2 0.647793
12 2 3 0.631021
12 2 4 0.595429
12 2 5 0.534017
12 3 1 0.644996
12 3 2 0.000000
12 3 3 0.653434
12 3 4 0.617843
12 3 5 0.556431
12 4 1 0.651193
12 4 2 0.676403
12 4 3 0.000000
12 4 4 0.624040
12 4 5 0.562628
12 5 1 0.628141
12 5 2 0.653352
12 5 3 0.636580
12 5 4 0.600988
12 5 5 0.539576
13 1 1 0.674501
13 1 2 0.699712
13 1 3 0.000000
13 1 4 0.000000
13 1 5 0.585936
13 2 1 0.000000
13 2 2 0.647793
13 2 3 0.631021
13 2 4 0.595429
13 2 5 0.534017
13 3 1 0.644996
13 3 2 0.000000
13 3 3 0.653434
13 3 4 0.617843
13 3 5 0.556431
13 4 1 0.651193
13 4 2 0.676403
13 4 3 0.000000
13 4 4 0.624040
13 4 5 0.562628
13 5 1 0.628141
13 5 2 0.653352
13 5 3 0.636580
13 5 4 0.600988
13 5 5 0.539576
14 1 1 0.674501
14 1 2 0.699712
14 1 3 0.000000
14 1 4 0.000000
14 1 5 0.585936
14 2 1 0.000000
14 2 2 0.647793
14 2 3 0.631021
14 2 4 0.595429
14 2 5 0.534017
14 3 1 0.644996
14 3 2 0.000000
14 3 3 0.653434
14 3 4 0.617843
14 3 5 0.556431
14 4 1 0.651193
14 4 2 0.676403
14 4 3 0.000000
14 4 4 0.624040
14 4 5 0.562628
14 5 1 0.628141
14 5 2 0.653352
14 5 3 0.636580
14 5 4 0.600988
14 5 5 0.539576
15 1 1 0.674501
15 1 2 0.699712
15 1 3 0.000000
15 1 4 0.000000
15 1 5 0.585936
15 2 1 0.000000
15 2 2 0.647793
15 2 3 0.631021
15 2 4 0.595429
15 2 5 0.534017
15 3 1 0.644996
15 3 2 0.000000
15 3 3 0.653434
15 3 4 0.617843
15 3 5 0.556431
15 4 1 0.651193
15 4 2 0.676403
15 4 3 0.000000
15 4 4 0.624040
15 4 5 0.562628
15 5 1 0.628141
15 5 2 0.653352
15 5 3 0.636580
15 5 4 0.600988
15 5 5 0.539576
16 1 1 0.674501
16 1 2 0.699712
16 1 3 0.000000
16 1 4 0.000000
16 1 5 0.585936
16 2 1 0.000000
16 2 2 0.647793
16 2 3 0.631021
16 2 4 0.595429
16 2 5 0.534017
16 3 1 0.644996
16 3 2 0.000000
16 3 3 0.653434
16 3 4 0.617843
16 3 5 0.556431
16 4 1 0.651193
16 4 2 0.676403
16 4 3 0.000000
16 4 4 0.624040
16 4 5 0.562628
16 5 1 0.628141
16 5 2 0.653352
16 5 3 0.636580
16 5 4 0.600988
16 5 5 0.539576
17 1 1 0.674501
17 1 2 0.699712
17 1 3 0.000000
17 1 4 0.000000
17 1 5 0.585936
17 2 1 0.000000
17 2 2 0.647793
17 2 3 0.631021
17 2 4 0.595429
17 2 5 0.534017
17 3 1 0.644996
17 3 2 0.000000
17 3 3 0.653434
17 3 4 0.617843
17 3 5 0.556431
17 4 1 0.651193
17 4 2 0.676403
17 4 3 0.000000
17 4 4 0.624040
17 4 5 0.562628
17 5 1 0.628141
17 5 2 0.653352
17 5 3 0.636580
17 5 4 0.600988
17 5 5 0.539576
18 1 1 0.674501
18 1 2 0.699712
18 1 3 0.000000
18 1 4 0.000000
18 1 5 0.585936
18 2 1 0.000000
18 2 2 0.647793
18 2 3 0.631021
18 2 4 0.595429
18 2 5 0.534017
18 3 1 0.644996
18 3 2 0.000000
18 3 3 0.653434
18 3 4 0.617843
18 3 5 0.556431
18 4 1 0.651193
18 4 2 0.676403
18 4 3 0.000000
18 4 4 0.624040
18 4 5 0.562628
18 5 1 0.628141
18 5 2 0.653352
18 5 3 0.636580
18 5 4 0.600988
18 5 5 0.539576
19 1 1 0.674501
19 1 2 0.699712
19 1 3 0.000000
19 1 4 0.000000
19 1 5 0.585936
19 2 1 0.000000
19 2 2 0.647793
19 2 3 0.631021
19 2 4 0.595429
19 2 5 0.534017
19 3 1 0.644996
19 3 2 0.000000
19 3 3 0.653434
19 3 4 0.617843
19 3 5 0.556431
19 4 1 0.651193
19 4 2 0.676403
19 4 3 0.000000
19 4 4 0.624040
19 4 5 0.562628
19 5 1 0.628141
19 5 2 0.653352
19 5 3 0.636580
19 5 4 0.600988
19 5 5 0.539576
20 1 1 0.674501
20 1 2 0.699712
20 1 3 0.000000
20 1 4 0.000000
20 1 5 0.585936
20 2 1 0.000000
20 2 2 0.647793
20 2 3 0.631021
20 2 4 0.595429
20 2 5 0.534017
20 3 1 0.644996
20 3 2 0.000000
20 3 3 0.653434
20 3 4 0.617843
20 3 5 0.556431
20 4 1 0.651193
20 4 2 0.676403
20 4 3 0.000000
20 4 4 0.624040
20 4 5 0.562628
20 5 1 0.628141
20 5 2 0.653352
20 5 3 0.636580
20 5 4 0.600988
20 5 5 0.539576
21 1 1 0.674501
21 1 2 0.699712
21 1 3 0.000000
21 1 4 0.000000
21 1 5 0.585936
21 2 1 0.000000
21 2 2 0.647793
21 2 3 0.631021
21 2 4 0.595429
21 2 5 0.534017
21 3 1 0.644996
21 3 2 0.000000
21 3 3 0.653434
21 3 4 0.617843
21 3 5 0.556431
21 4 1 0.651193
21 4 2 0.676403
21 4 3 0.000000
21 4 4 0.624040
21 4 5 0.562628
21 5 1 0.628141
21 5 2 0.653352
21 5 3 0.636580
21 5 4 0.600988
21 5 5 0.539576
22 1 1 0.674501
22 1 2 0.699712
22 1 3 0.000000
22 1 4 0.000000
22 1 5 0.585936
22 2 1 0.000000
22 2 2 0.647793
22 2 3 0.631021
22 2 4 0.595429
22 2 5 0.534017
22 3 1 0.644996
22 3 2 0.000000
22 3 3 0.653434
22 3 4 0.617843
22 3 5 0.556431
22 4 1 0.651193
22 4 2 0.676403
22 4 3 0.000000
22 4 4 0.624040
22 4 5 0.562628
22 5 1 0.628141
22 5 2 0.653352
22 5 3 0.636580
22 5 4 0.600988
22 5 5 0.539576
23 1 1 0.674501
23 1 2 0.699712
23 1 3 0.000000
23 1 4 0.000000
23 1 5 0.585936
23 2 1 0.000000
23 2 2 0.647793
23 2 3 0.631021
23 2 4 0.595429
23 2 5 0.534017
23 3 1 0.644996
23 3 2 0.000000
23 3 3 0.653434
23 3 4 0.617843
23 3 5 0.556431
23 4 1 0.651193
23 4 2 0.676403
23 4 3 0.000000
23 4 4 0.624040
23 4 5 0.562628
23 5 1 0.628141
23 5 2 0.653352
23 5 3 0.636580
23 5 4 0.600988
23 5 5 0.539576
24 1 1 0.674501
24 1 2 0.699712
24 1 3 0.000000
24 1 4 0.000000
24 1 5 0.585936
24 2 1 0.000000
24 2 2 0.647793
24 2 3 0.631021
24 2 4 0.595429
24 2 5 0.534017
24 3 1 0.644996
24 3 2 0.000000
24 3 3 0.653434
24 3 4 0.617843
24 3 5 0.556431
24 4 1 0.651193
24 4 2 0.676403
24 4 3 0.000000
24 4 4 0.624040
24 4 5 0.562628
24 5 1 0.628141
24 5 2 0.653352
24 5 3 0.636580
24 5 4 0.600988
24 5 5 0.539576
25 1 1 0.674501
25 1 2 0.699712
25 1 3 0.000000
25 1 4 0.000000
25 1 5 0.585936
25 2 1 0.000000
25 2 2 0.647793
25 2 3 0.631021
25 2 4 0.595429
25 2 5 0.534017
25 3 1 0.644996
25 3 2 0.000000
25 3 3 0.653434
25 3 4 0.617843
25 3 5 0.556431
25 4 1 0.651193
25 4 2 0.676403
25 4 3 0.000000
25 4 4 0.624040
25 4 5 0.562628
25 5 1 0.628141
25 5 2 0.653352
25 5 3 0.636580
25 5 4 0.600988
25 5 5 0.539576
26 1 1 0.674501
26 1 2 0.699712
26 1 3 0.000000
26 1 4 0.000000
26 1 5 0.585936
26 2 1 0.000000
26 2 2 0.647793
26 2 3 0.631021
26 2 4 0.595429
26 2 5 0.534017
26 3 1 0.644996
26 3 2 0.000000
26 3 3 0.653434
26 3 4 0.617843
26 3 5 0.556431
26 4 1 0.651193
26 4 2 0.676403
26 4 3 0.000000
26 4 4 0.624040
26 4 5 0.562628
26 5 1 0.628141
26 5 2 0.653352
26 5 3 0.636580
26 5 4 0.600988
26 5 5 0.539576
27 1 1 0.674501
27 1 2 0.699712
27 1 3 0.000000
27 1 4 0.000000
27 1 5 0.585936
27 2 1 0.000000
27 2 2 0.647793
27 2 3 0.631021
27 2 4 0.595429
27 2 5 0.534017
27 3 1 0.644996
27 3 2 0.000000
27 3 3 0.653434
27 3 4 0.617843
27 3 5 0.556431
27 4 1 0.651193
27 4 2 0.676403
27 4 3 0.000000
27 4 4 0.624040
27 4 5 0.562628
27 5 1 0.628141
27 5 2 0.653352
27 5 3 0.636580
27 5 4 0.600988
27 5 5 0.539576
28 1 1 0.674501
28 1 2 0.699712
28 1 3 0.000000
28 1 4 0.000000
28 1 5 0.585936
28 2 1 0.000000
28 2 2 0.647793
28 2 3 0.631021
28 2 4 0.595429
28 2 5 0.534017
28 3 1 0.644996
28 3 2 0.000000
28 3 3 0.653434
28 3 4 0.617843
28 3 5 0.556431
28 4 1 0.651193
28 4 2 0.676403
28 4 3 0.000000
28 4 4 0.624040
28 4 5 0.562628
28 5 1 0.628141
28 5 2 0.653352
28 5 3 0.636580
28 5 4 0.600988
28 5 5 0.539576
29 1 1 0.674501
29 1 2 0.699712
29 1 3 0.000000
29 1 4 0.000000
29 1 5 0.585936
29 2 1 0.000000
29 2 2 0.647793
29 2 3 0.631021
29 2 4 0.595429
29 2 5 0.534017
29 3 1 0.644996
29 3 2 0.000000
29 3 3 0.653434
29 3 4 0.617843
29 3 5 0.556431
29 4 1 0.651193
29 4 2 0.676403
29 4 3 0.000000
29 4 4 0.624040
29 4 5 0.562628
29 5 1 0.628141
29 5 2 0.653352
29 5 3 0.636580
29 5 4 0.600988
29 5 5 0.539576
30 1 1 0.674501
30 1 2 0.699712
30 1 3 0.000000
30 1 4 0.000000
30 1 5 0.585936
30 2 1 0.000000
30 2 2 0.647793
30 2 3 0.631021
30 2 4 0.595429
30 2 5 0.534017
30 3 1 0.644996
30 3 2 0.000000
30 3 3 0.653434
30 3 4 0.617843
30 3 5 0.556431
30 4 1 0.651193
30 4 2 0.676403
30 4 3 0.000000
30 4 4 0.624040
30 4 5 0.562628
30 5 1 0.628141
30 5 2 0.653352
30 5 3 0.636580
30 5 4 0.600988
30 5 5 0.539576
31 1 1 0.674501
31 1 2 0.699712
31 1 3 0.000000
31 1 4 0.000000
31 1 5 0.585936
31 2 1 0.000000
31 2 2 0.647793
31 2 3 0.631021
31 2 4 0.595429
31 2 5 0.534017
31 3 1 0.644996
31 3 2 0.000000
31 3 3 0.653434
31 3 4 0.617843
31 3 5 0.556431
31 4 1 0.651193
31 4 2 0.676403
31 4 3 0.000000
31 4 4 0.624040
31 4 5 0.562628
31 5 1 0.628141
31 5 2 0.653352
31 5 3 0.636580
31 5 4 0.600988
31 5 5 0.539576
32 1 1 0.674501
32 1 2 0.699712
32 1 3 0.000000
32 1 4 0.000000
32 1 5 0.585936
32 2 1 0.000000
32 2 2 0.647793
32 2 3 0.631021
32 2 4 0.595429
32 2 5 0.534017
32 3 1 0.644996
32 3 2 0.000000
32 3 3 0.653434
32 3 4 0.617843
32 3 5 0.556431
32 4 1 0.651193
32 4 2 0.676403
32 4 3 0.000000
32 4 4 0.624040
32 4 5 0.562628
32 5 1 0.628141
32 5 2 0.653352
32 5 3 0.636580
32 5 4 0.600988
32 5 5 0.539576
33 1 1 0.674501
33 1 2 0.699712
33 1 3 0.000000
33 1 4 0.000000
33 1 5 0.585936
33 2 1 0.000000
33 2 2 0.647793
33 2 3 0.631021
33 2 4 0.595429
33 2 5 0.534017
33 3 1 0.644996
33 3 2 0.000000
33 3 3 0.653434
33 3 4 0.617843
33 3 5 0.556431
33 4 1 0.651193
33 4 2 0.676403
33 4 3 0.000000
33 4 4 0.624040
33 4 5 0.562628
33 5 1 0.628141
33 5 2 0.653352
33 5 3 0.636580
33 5 4 0.600988
33 5 5 0.539576
34 1 1 0.674501
34 1 2 0.699712
34 1 3 0.000000
34 1 4 0.000000
34 1 5 0.585936
34 2 1 0.000000
34 2 2 0.647793
34 2 3 0.631021
34 2 4 0.595429
34 2 5 0.534017
34 3 1 0.644996
34 3 2 0.000000
34 3 3 0.653434
34 3 4 0.617843
34 3 5 0.556431
34 4 1 0.651193
34 4 2 0.676403
34 4 3 0.000000
34 4 4 0.624040
34 4 5 0.562628
34 5 1 0.628141
34 5 2 0.653352
34 5 3 0.636580
34 5 4 0.600988
34 5 5 0.539576
35 1 1 0.674501
35 1 2 0.699712
35 1 3 0.000000
35 1 4 0.000000
35 1 5 0.585936
35 2 1 0.000000
35 2 2 0.647793
35 2 3 0.631021
35 2 4 0.595429
35 2 5 0.534017
35 3 1 0.644996
35 3 2 0.000000
35 3 3 0.653434
35 3 4 0.617843
35 3 5 0.556431
35 4 1 0.651193
35 4 2 0.676403
35 4 3 0.000000
35 4 4 0.624040
35 4 5 0.562628
35 5 1 0.628141
35 5 2 0.653352
35 5 3 0.636580
35 5 4 0.600988
35 5 5 0.539576
36 1 1 0.674501
36 1 2 0.699712
36 1 3 0.000000
36 1 4 0.000000
36 1 5 0.585936
36 2 1 0.000000
36 2 2 0.647793
36 2 3 0.631021
36 2 4 0.595429
36 2 5 0.534017
36 3 1 0.644996
36 3 2 0.000000
36 3 3 0.653434
36 3 4 0.617843
36 3 5 0.556431
36 4 1 0.651193
36 4 2 0.676403
36 4 3 0.000000
36 4 4 0.624040
36 4 5 0.562628
36 5 1 0.628141
36 5 2 0.653352
36 5 3 0.636580
36 5 4 0.600988
36 5 5 0.539576
37 1 1 0.674501
37 1 2 0.699712
37 1 3 0.000000
37 1 4 0.000000
37 1 5 0.585936
37 2 1 0.000000
37 2 2 0.647793
37 2 3 0.631021
37 2 4 0.595429
37 2 5 0.534017
37 3 1 0.644996
37 3 2 0.000000
37 3 3 0.653434
37 3 4 0.617843
37 3 5 0.556431
37 4 1 0.651193
37 4 2 0.676403
37 4 3 0.000000
37 4 4 0.624040
37 4 5 0.562628
37 5 1 0.628141
37 5 2 0.653352
37 5 3 0.636580
37 5 4 0.600988
37 5 5 0.539576
38 1 1 0.674501
38 1 2 0.699712
38 1 3 0.000000
38 1 4 0.000000
38 1 5 0.585936
38 2 1 0.000000
38 2 2 0.647793
38 2 3 0.631021
38 2 4 0.595429
38 2 5 0.534017
38 3 1 0.644996
38 3 2 0.000000
38 3 3 0.653434
38 3 4 0.617843
38 3 5 0.556431
38 4 1 0.651193
38 4 2 0.676403
38 4 3 0.000000
38 4 4 0.624040
38 4 5 0.562628
38 5 1 0.628141
38 5 2 0.653352
38 5 3 0.636580
38 5 4 0.600988
38 5 5 0.539576
39 1 1 0.674501
39 1 2 0.699712
39 1 3 0.000000
39 1 4 0.000000
39 1 5 0.585936
39 2 1 0.000000
39 2 2 0.647793
39 2 3 0.631021
39 2 4 0.595429
39 2 5 0.534017
39 3 1 0.644996
39 3 2 0.000000
39 3 3 0.653434
39 3 4 0.617843
39 3 5 0.556431
39 4 1 0.651193
39 4 2 0.676403
39 4 3 0.000000
39 4 4 0.624040
39 4 5 0.562628
39 5 1 0.628141
39 5 2 0.653352
39 5 3 0.636580
39 5 4 0.600988
39 5 5 0.539576
40 1 1 0.674501
40 1 2 0.699712
40 1 3 0.000000
40 1 4 0.000000
40 1 5 0.585936
40 2 1 0.000000
40 2 2 0.647793
40 2 3 0.631021
40 2 4 0.595429
40 2 5 0.534017
40 3 1 0.644996
40 3 2 0.000000
40 3 3 0.653434
40 3 4 0.617843
40 3 5 0.556431
40 4 1 0.651193
40 4 2 0.676403
40 4 3 0.000000
40 4 4 0.624040
40 4 5 0.562628
40 5 1 0.628141
40 5 2 0.653352
40 5 3 0.636580
40 5 4 0.600988
40 5 5 0.539576
41 1 1 0.674501
41 1 2 0.699712
41 1 3 0.000000
41 1 4 0.000000
41 1 5 0.585936
41 2 1 0.000000
41 2 2 0.647793
41 2 3 0.631021
41 2 4 0.595429
41 2 5 0.534017
41 3 1 0.644996
41 3 2 0.000000
41 3 3 0.653434
41 3 4 0.617843
41 3 5 0.556431
41 4 1 0.651193
41 4 2 0.676403
41 4 3 0.000000
41 4 4 0.624040
41 4 5 0.562628
41 5 1 0.628141
41 5 2 0.653352
41 5 3 0.636580
41 5 4 0.600988
41 5 5 0.539576
42 1 1 0.674501
42 1 2 0.699712
42 1 3 0.000000
42 1 4 0.000000
42 1 5 0.585936
42 2 1 0.000000
42 2 2 0.647793
42 2 3 0.631021
42 2 4 0.595429
42 2 5 0.534017
42 3 1 0.644996
42 3 2 0.000000
42 3 3 0.653434
42 3 4 0.617843
42 3 5 0.556431
42 4 1 0.651193
42 4 2 0.676403
42 4 3 0.000000
42 4 4 0.624040
42 4 5 0.562628
42 5 1 0.628141
42 5 2 0.653352
42 5 3 0.636580
42 5 4 0.600988
42 5 5 0.539576
43 1 1 0.674501
43 1 2 0.699712
43 1 3 0.000000
43 1 4 0.000000
43 1 5 0.585936
43 2 1 0.000000
43 2 2 0.647793
43 2 3 0.631021
43 2 4 0.595429
43 2 5 0.534017
43 3 1 0.644996
43 3 2 0.000000
43 3 3 0.653434
43 3 4 0.617843
43 3 5 0.556431
43 4 1 0.651193
43 4 2 0.676403
43 4 3 0.000000
43 4 4 0.624040
43 4 5 0.562628
43 5 1 0.628141
43 5 2 0.653352
43 5 3 0.636580
43 5 4 0.600988
43 5 5 0.539576
44 1 1 0.674501
44 1 2 0.699712
44 1 3 0.000000
44 1 4 0.000000
44 1 5 0.585936
44 2 1 0.000000
44 2 2 0.647793
44 2 3 0.631021
44 2 4 0.595429
44 2 5 0.534017
44 3 1 0.644996
44 3 2 0.000000
44 3 3 0.653434
44 3 4 0.617843
44 3 5 0.556431
44 4 1 0.651193
44 4 2 0.676403
44 4 3 0.000000
44 4 4 0.624040
44 4 5 0.562628
44 5 1 0.628141
44 5 2 0.653352
44 5 3 0.636580
44 5 4 0.600988
44 5 5 0.539576
45 1 1 0.674501
45 1 2 0.699712
45 1 3 0.000000
45 1 4 0.000000
45 1 5 0.585936
45 2 1 0.000000
45 2 2 0.647793
45 2 3 0.631021
45 2 4 0.595429
45 2 5 0.534017
45 3 1 0.644996
45 3 2 0.000000
45 3 3 0.653434
45 3 4 0.617843
45 3 5 0.556431
45 4 1 0.651193
45 4 2 0.676403
45 4 3 0.000000
45 4 4 0.624040
45 4 5 0.562628
45 5 1 0.628141
45 5 2 0.653352
45 5 3 0.636580
45 5 4 0.600988
45 5 5 0.539576
46 1 1 0.674501
46 1 2 0.699712
46 1 3 0.000000
46 1 4 0.000000
46 1 5 0.585936
46 2 1 0.000000
46 2 2 0.647793
46 2 3 0.631021
46 2 4 0.595429
46 2 5 0.534017
46 3 1 0.644996
46 3 2 0.000000
46 3 3 0.653434
46 3 4 0.617843
46 3 5 0.556431
46 4 1 0.651193
46 4 2 0.676403
46 4 3 0.000000
46 4 4 0.624040
46 4 5 0.562628
46 5 1 0.628141
46 5 2 0.653352
46 5 3 0.636580
46 5 4 0.600988
46 5 5 0.539576
47 1 1 0.674501
47 1 2 0.699712
47 1 3 0.000000
47 1 4 0.000000
47 1 5 0.585936
47 2 1 0.000000
47 2 2 0.647793
47 2 3 0.631021
47 2 4 0.595429
47 2 5 0.534017
47 3 1 0.644996
47 3 2 0.000000
47 3 3 0.653434
47 3 4 0.617843
47 3 5 0.556431
47 4 1 0.651193
47 4 2 0.676403
47 4 3 0.000000
47 4 4 0.624040
47 4 5 0.562628
47 5 1 0.628141
47 5 2 0.653352
47 5 3 0.636580
47 5 4 0.600988
47 5 5 0.539576
48 1 1 0.674501
48 1 2 0.699712
48 1 3 0.000000
48 1 4 0.000000
48 1 5 0.585936
48 2 1 0.000000
48 2 2 0.647793
48 2 3 0.631021
48 2 4 0.595429
48 2 5 0.534017
48 3 1 0.644996
48 3 2 0.000000
48 3 3 0.653434
48 3 4 0.617843
48 3 5 0.556431
48 4 1 0.651193
48 4 2 0.676403
48 4 3 0.000000
48 4 4 0.624040
48 4 5 0.562628
48 5 1 0.628141
48 5 2 0.653352
48 5 3 0.636580
48 5 4 0.600988
48 5 5 0.539576
49 1 1 0.674501
49 1 2 0.699712
49 1 3 0.000000
49 1 4 0.000000
49 1 5 0.585936
49 2 1 0.000000
49 2 2 0.647793
49 2 3 0.631021
49 2 4 0.595429
49 2 5 0.534017
49 3 1 0.644996
49 3 2 0.000000
49 3 3 0.653434
49 3 4 0.617843
49 3 5 0.556431
49 4 1 0.651193
49 4 2 0.676403
49 4 3 0.000000
49 4 4 0.624040
49 4 5 0.562628
49 5 1 0.628141
49 5 2 0.653352
49 5 3 0.636580
49 5 4 0.600988
49 5 5 0.539576
50 1 1 0.674501
50 1 2 0.699712
50 1 3 0.000000
50 1 4 0.000000
50 1 5 0.585936
50 2 1 0.000000
50 2 2 0.647793
50 2 3 0.631021
50 2 4 0.595429
50 2 5 0.534017
50 3 1 0.644996
50 3 2 0.000000
50 3 3 0.653434
50 3 4 0.617843
50 3 5 0.556431
50 4 1 0.651193
50 4 2 0.676403
50 4 3 0.000000
50 4 4 0.624040
50 4 5 0.562628
50 5 1 0.628141
50 5 2 0.653352
50 5 3 0.636580
50 5 4 0.600988
50 5 5 0.539576
