1 1 1 0.000000
1 1 2 0.697330
1 1 3 0.701157
1 1 4 0.672119
1 1 5 0.000000
1 2 1 0.644101
1 2 2 0.686753
1 2 3 0.690579
1 2 4 0.661541
1 2 5 0.587309
1 3 1 0.654453
1 3 2 0.000000
1 3 3 0.000000
1 3 4 0.671893
1 3 5 0.597661
1 4 1 0.610351
1 4 2 0.653002
1 4 3 0.656828
1 4 4 0.627790
1 4 5 0.553558
2 1 1 0.000000
2 1 2 0.697330
2 1 3 0.701157
2 1 4 0.672119
2 1 5 0.000000
2 2 1 0.644101
2 2 2 0.686753
2 2 3 0.690579
2 2 4 0.661541
2 2 5 0.587309
2 3 1 0.654453
2 3 2 0.000000
2 3 3 0.000000
2 3 4 0.671893
2 3 5 0.597661
2 4 1 0.610351
2 4 2 0.653002
2 4 3 0.656828
2 4 4 0.627790
2 4 5 0.553558
3 1 1 0.000000
3 1 2 0.697330
3 1 3 0.701157
3 1 4 0.672119
3 1 5 0.000000
3 2 1 0.644101
3 2 2 0.686753
3 2 3 0.690579
3 2 4 0.661541
3 2 5 0.587309
3 3 1 0.654453
3 3 2 0.000000
3 3 3 0.000000
3 3 4 0.671893
3 3 5 0.597661
3 4 1 0.610351
3 4 2 0.653002
3 4 3 0.656828
3 4 4 0.627790
3 4 5 0.553558
4 1 1 0.000000
4 1 2 0.697330
4 1 3 0.701157
4 1 4 0.672119
4 1 5 0.000000
4 2 1 0.644101
4 2 2 0.686753
4 2 3 0.690579
4 2 4 0.661541
4 2 5 0.587309
4 3 1 0.654453
4 3 2 0.000000
4 3 3 0.000000
4 3 4 0.671893
4 3 5 0.597661
4 4 1 0.610351
4 4 2 0.653002
4 4 3 0.656828
4 4 4 0.627790
4 4 5 0.553558
5 1 1 0.000000
5 1 2 0.697330
5 1 3 0.701157
5 1 4 0.672119
5 1 5 0.000000
5 2 1 0.644101
5 2 2 0.686753
5 2 3 0.690579
5 2 4 0.661541
5 2 5 0.587309
5 3 1 0.654453
5 3 2 0.000000
5 3 3 0.000000
5 3 4 0.671893
5 3 5 0.597661
5 4 1 0.610351
5 4 2 0.653002
5 4 3 0.656828
5 4 4 0.627790
5 4 5 0.553558
6 1 1 0.000000
6 1 2 0.697330
6 1 3 0.701157
6 1 4 0.672119
6 1 5 0.000000
6 2 1 0.644101
6 2 2 0.686753
6 2 3 0.690579
6 2 4 0.661541
6 2 5 0.587309
6 3 1 0.654453
6 3 2 0.000000
6 3 3 0.000000
6 3 4 0.671893
6 3 5 0.597661
6 4 1 0.610351
6 4 2 0.653002
6 4 3 0.656828
6 4 4 0.627790
6 4 5 0.553558
7 1 1 0.000000
7 1 2 0.697330
7 1 3 0.701157
7 1 4 0.672119
7 1 5 0.000000
7 2 1 0.644101
7 2 2 0.686753
7 2 3 0.690579
7 2 4 0.661541
7 2 5 0.587309
7 3 1 0.654453
7 3 2 0.000000
7 3 3 0.000000
7 3 4 0.671893
7 3 5 0.597661
7 4 1 0.610351
7 4 2 0.653002
7 4 3 0.656828
7 4 4 0.627790
7 4 5 0.553558
8 1 1 0.000000
8 1 2 0.697330
8 1 3 0.701157
8 1 4 0.672119
8 1 5 0.000000
8 2 1 0.644101
8 2 2 0.686753
8 2 3 0.690579
8 2 4 0.661541
8 2 5 0.587309
8 3 1 0.654453
8 3 2 0.000000
8 3 3 0.000000
8 3 4 0.671893
8 3 5 0.597661
8 4 1 0.610351
8 4 2 0.653002
8 4 3 0.656828
8 4 4 0.627790
8 4 5 0.553558
9 1 1 0.000000
9 1 2 0.697330
9 1 3 0.701157
9 1 4 0.672119
9 1 5 0.000000
9 2 1 0.644101
9 2 2 0.686753
9 2 3 0.690579
9 2 4 0.661541
9 2 5 0.587309
9 3 1 0.654453
9 3 2 0.000000
9 3 3 0.000000
9 3 4 0.671893
9 3 5 0.597661
9 4 1 0.610351
9 4 2 0.653002
9 4 3 0.656828
9 4 4 0.627790
9 4 5 0.553558
10 1 1 0.000000
10 1 2 0.697330
10 1 3 0.701157
10 1 4 0.672119
10 1 5 0.000000
10 2 1 0.644101
10 2 2 0.686753
10 2 3 0.690579
10 2 4 0.661541
10 2 5 0.587309
10 3 1 0.654453
10 3 2 0.000000
10 3 3 0.000000
10 3 4 0.671893
10 3 5 0.597661
10 4 1 0.610351
10 4 2 0.653002
10 4 3 0.656828
10 4 4 0.627790
10 4 5 0.553558
11 1 1 0.000000
11 1 2 0.697330
11 1 3 0.701157
11 1 4 0.672119
11 1 5 0.000000
11 2 1 0.644101
11 2 2 0.686753
11 2 3 0.690579
11 2 4 0.661541
11 2 5 0.587309
11 3 1 0.654453
11 3 2 0.000000
11 3 3 0.000000
11 3 4 0.671893
11 3 5 0.597661
11 4 1 0.610351
11 4 2 0.653002
11 4 3 0.656828
11 4 4 0.627790
11 4 5 0.553558
12 1 1 0.000000
12 1 2 0.697330
12 1 3 0.701157
12 1 4 0.672119
12 1 5 0.000000
12 2 1 0.644101
12 2 2 0.686753
12 2 3 0.690579
12 2 4 0.661541
12 2 5 0.587309
12 3 1 0.654453
12 3 2 0.000000
12 3 3 0.000000
12 3 4 0.671893
12 3 5 0.597661
12 4 1 0.610351
12 4 2 0.653002
12 4 3 0.656828
12 4 4 0.627790
12 4 5 0.553558
13 1 1 0.000000
13 1 2 0.697330
13 1 3 0.701157
13 1 4 0.672119
13 1 5 0.000000
13 2 1 0.644101
13 2 2 0.686753
13 2 3 0.690579
13 2 4 0.661541
13 2 5 0.587309
13 3 1 0.654453
13 3 2 0.000000
13 3 3 0.000000
13 3 4 0.671893
13 3 5 0.597661
13 4 1 0.610351
13 4 2 0.653002
13 4 3 0.656828
13 4 4 0.627790
13 4 5 0.553558
14 1 1 0.000000
14 1 2 0.697330
14 1 3 0.701157
14 1 4 0.672119
14 1 5 0.000000
14 2 1 0.644101
14 2 2 0.686753
14 2 3 0.690579
14 2 4 0.661541
14 2 5 0.587309
14 3 1 0.654453
14 3 2 0.000000
14 3 3 0.000000
14 3 4 0.671893
14 3 5 0.597661
14 4 1 0.610351
14 4 2 0.653002
14 4 3 0.656828
14 4 4 0.627790
14 4 5 0.553558
15 1 1 0.000000
15 1 2 0.697330
15 1 3 0.701157
15 1 4 0.672119
15 1 5 0.000000
15 2 1 0.644101
15 2 2 0.686753
15 2 3 0.690579
15 2 4 0.661541
15 2 5 0.587309
15 3 1 0.654453
15 3 2 0.000000
15 3 3 0.000000
15 3 4 0.671893
15 3 5 0.597661
15 4 1 0.610351
15 4 2 0.653002
15 4 3 0.656828
15 4 4 0.627790
15 4 5 0.553558
16 1 1 0.000000
16 1 2 0.697330
16 1 3 0.701157
16 1 4 0.672119
16 1 5 0.000000
16 2 1 0.644101
16 2 2 0.686753
16 2 3 0.690579
16 2 4 0.661541
16 2 5 0.587309
16 3 1 0.654453
16 3 2 0.000000
16 3 3 0.000000
16 3 4 0.671893
16 3 5 0.597661
16 4 1 0.610351
16 4 2 0.653002
16 4 3 0.656828
16 4 4 0.627790
16 4 5 0.553558
17 1 1 0.000000
17 1 2 0.697330
17 1 3 0.701157
17 1 4 0.672119
17 1 5 0.000000
17 2 1 0.644101
17 2 2 0.686753
17 2 3 0.690579
17 2 4 0.661541
17 2 5 0.587309
17 3 1 0.654453
17 3 2 0.000000
17 3 3 0.000000
17 3 4 0.671893
17 3 5 0.597661
17 4 1 0.610351
17 4 2 0.653002
17 4 3 0.656828
17 4 4 0.627790
17 4 5 0.553558
18 1 1 0.000000
18 1 2 0.697330
18 1 3 0.701157
18 1 4 0.672119
18 1 5 0.000000
18 2 1 0.644101
18 2 2 0.686753
18 2 3 0.690579
18 2 4 0.661541
18 2 5 0.587309
18 3 1 0.654453
18 3 2 0.000000
18 3 3 0.000000
18 3 4 0.671893
18 3 5 0.597661
18 4 1 0.610351
18 4 2 0.653002
18 4 3 0.656828
18 4 4 0.627790
18 4 5 0.553558
19 1 1 0.000000
19 1 2 0.697330
19 1 3 0.701157
19 1 4 0.672119
19 1 5 0.000000
19 2 1 0.644101
19 2 2 0.686753
19 2 3 0.690579
19 2 4 0.661541
19 2 5 0.587309
19 3 1 0.654453
19 3 2 0.000000
19 3 3 0.000000
19 3 4 0.671893
19 3 5 0.597661
19 4 1 0.610351
19 4 2 0.653002
19 4 3 0.656828
19 4 4 0.627790
19 4 5 0.553558
20 1 1 0.000000
20 1 2 0.697330
20 1 3 0.701157
20 1 4 0.672119
20 1 5 0.000000
20 2 1 0.644101
20 2 2 0.686753
20 2 3 0.690579
20 2 4 0.661541
20 2 5 0.587309
20 3 1 0.654453
20 3 2 0.000000
20 3 3 0.000000
20 3 4 0.671893
20 3 5 0.597661
20 4 1 0.610351
20 4 2 0.653002
20 4 3 0.656828
20 4 4 0.627790
20 4 5 0.553558
21 1 1 0.000000
21 1 2 0.697330
21 1 3 0.701157
21 1 4 0.672119
21 1 5 0.000000
21 2 1 0.644101
21 2 2 0.686753
21 2 3 0.690579
21 2 4 0.661541
21 2 5 0.587309
21 3 1 0.654453
21 3 2 0.000000
21 3 3 0.000000
21 3 4 0.671893
21 3 5 0.597661
21 4 1 0.610351
21 4 2 0.653002
21 4 3 0.656828
21 4 4 0.627790
21 4 5 0.553558
22 1 1 0.000000
22 1 2 0.697330
22 1 3 0.701157
22 1 4 0.672119
22 1 5 0.000000
22 2 1 0.644101
22 2 2 0.686753
22 2 3 0.690579
22 2 4 0.661541
22 2 5 0.587309
22 3 1 0.654453
22 3 2 0.000000
22 3 3 0.000000
22 3 4 0.671893
22 3 5 0.597661
22 4 1 0.610351
22 4 2 0.653002
22 4 3 0.656828
22 4 4 0.627790
22 4 5 0.553558
23 1 1 0.000000
23 1 2 0.697330
23 1 3 0.701157
23 1 4 0.672119
23 1 5 0.000000
23 2 1 0.644101
23 2 2 0.686753
23 2 3 0.690579
23 2 4 0.661541
23 2 5 0.587309
23 3 1 0.654453
23 3 2 0.000000
23 3 3 0.000000
23 3 4 0.671893
23 3 5 0.597661
23 4 1 0.610351
23 4 2 0.653002
23 4 3 0.656828
23 4 4 0.627790
23 4 5 0.553558
24 1 1 0.000000
24 1 2 0.697330
24 1 3 0.701157
24 1 4 0.672119
24 1 5 0.000000
24 2 1 0.644101
24 2 2 0.686753
24 2 3 0.690579
24 2 4 0.661541
24 2 5 0.587309
24 3 1 0.654453
24 3 2 0.000000
24 3 3 0.000000
24 3 4 0.671893
24 3 5 0.597661
24 4 1 0.610351
24 4 2 0.653002
24 4 3 0.656828
24 4 4 0.627790
24 4 5 0.553558
25 1 1 0.000000
25 1 2 0.697330
25 1 3 0.701157
25 1 4 0.672119
25 1 5 0.000000
25 2 1 0.644101
25 2 2 0.686753
25 2 3 0.690579
25 2 4 0.661541
25 2 5 0.587309
25 3 1 0.654453
25 3 2 0.000000
25 3 3 0.000000
25 3 4 0.671893
25 3 5 0.597661
25 4 1 0.610351
25 4 2 0.653002
25 4 3 0.656828
25 4 4 0.627790
25 4 5 0.553558
26 1 1 0.000000
26 1 2 0.697330
26 1 3 0.701157
26 1 4 0.672119
26 1 5 0.000000
26 2 1 0.644101
26 2 2 0.686753
26 2 3 0.690579
26 2 4 0.661541
26 2 5 0.587309
26 3 1 0.654453
26 3 2 0.000000
26 3 3 0.000000
26 3 4 0.671893
26 3 5 0.597661
26 4 1 0.610351
26 4 2 0.653002
26 4 3 0.656828
26 4 4 0.627790
26 4 5 0.553558
27 1 1 0.000000
27 1 2 0.697330
27 1 3 0.701157
27 1 4 0.672119
27 1 5 0.000000
27 2 1 0.644101
27 2 2 0.686753
27 2 3 0.690579
27 2 4 0.661541
27 2 5 0.587309
27 3 1 0.654453
27 3 2 0.000000
27 3 3 0.000000
27 3 4 0.671893
27 3 5 0.597661
27 4 1 0.610351
27 4 2 0.653002
27 4 3 0.656828
27 4 4 0.627790
27 4 5 0.553558
28 1 1 0.000000
28 1 2 0.697330
28 1 3 0.701157
28 1 4 0.672119
28 1 5 0.000000
28 2 1 0.644101
28 2 2 0.686753
28 2 3 0.690579
28 2 4 0.661541
28 2 5 0.587309
28 3 1 0.654453
28 3 2 0.000000
28 3 3 0.000000
28 3 4 0.671893
28 3 5 0.597661
28 4 1 0.610351
28 4 2 0.653002
28 4 3 0.656828
28 4 4 0.627790
28 4 5 0.553558
29 1 1 0.000000
29 1 2 0.697330
29 1 3 0.701157
29 1 4 0.672119
29 1 5 0.000000
29 2 1 0.644101
29 2 2 0.686753
29 2 3 0.690579
29 2 4 0.661541
29 2 5 0.587309
29 3 1 0.654453
29 3 2 0.000000
29 3 3 0.000000
29 3 4 0.671893
29 3 5 0.597661
29 4 1 0.610351
29 4 2 0.653002
29 4 3 0.656828
29 4 4 0.627790
29 4 5 0.553558
30 1 1 0.000000
30 1 2 0.697330
30 1 3 0.701157
30 1 4 0.672119
30 1 5 0.000000
30 2 1 0.644101
30 2 2 0.686753
30 2 3 0.690579
30 2 4 0.661541
30 2 5 0.587309
30 3 1 0.654453
30 3 2 0.000000
30 3 3 0.000000
30 3 4 0.671893
30 3 5 0.597661
30 4 1 0.610351
30 4 2 0.653002
30 4 3 0.656828
30 4 4 0.627790
30 4 5 0.553558
31 1 1 0.000000
31 1 2 0.697330
31 1 3 0.701157
31 1 4 0.672119
31 1 5 0.000000
31 2 1 0.644101
31 2 2 0.686753
31 2 3 0.690579
31 2 4 0.661541
31 2 5 0.587309
31 3 1 0.654453
31 3 2 0.000000
31 3 3 0.000000
31 3 4 0.671893
31 3 5 0.597661
31 4 1 0.610351
31 4 2 0.653002
31 4 3 0.656828
31 4 4 0.627790
31 4 5 0.553558
32 1 1 0.000000
32 1 2 0.697330
32 1 3 0.701157
32 1 4 0.672119
32 1 5 0.000000
32 2 1 0.644101
32 2 2 0.686753
32 2 3 0.690579
32 2 4 0.661541
32 2 5 0.587309
32 3 1 0.654453
32 3 2 0.000000
32 3 3 0.000000
32 3 4 0.671893
32 3 5 0.597661
32 4 1 0.610351
32 4 2 0.653002
32 4 3 0.656828
32 4 4 0.627790
32 4 5 0.553558
33 1 1 0.000000
33 1 2 0.697330
33 1 3 0.701157
33 1 4 0.672119
33 1 5 0.000000
33 2 1 0.644101
33 2 2 0.686753
33 2 3 0.690579
33 2 4 0.661541
33 2 5 0.587309
33 3 1 0.654453
33 3 2 0.000000
33 3 3 0.000000
33 3 4 0.671893
33 3 5 0.597661
33 4 1 0.610351
33 4 2 0.653002
33 4 3 0.656828
33 4 4 0.627790
33 4 5 0.553558
34 1 1 0.000000
34 1 2 0.697330
34 1 3 0.701157
34 1 4 0.672119
34 1 5 0.000000
34 2 1 0.644101
34 2 2 0.686753
34 2 3 0.690579
34 2 4 0.661541
34 2 5 0.587309
34 3 1 0.654453
34 3 2 0.000000
34 3 3 0.000000
34 3 4 0.671893
34 3 5 0.597661
34 4 1 0.610351
34 4 2 0.653002
34 4 3 0.656828
34 4 4 0.627790
34 4 5 0.553558
35 1 1 0.000000
35 1 2 0.697330
35 1 3 0.701157
35 1 4 0.672119
35 1 5 0.000000
35 2 1 0.644101
35 2 2 0.686753
35 2 3 0.690579
35 2 4 0.661541
35 2 5 0.587309
35 3 1 0.654453
35 3 2 0.000000
35 3 3 0.000000
35 3 4 0.671893
35 3 5 0.597661
35 4 1 0.610351
35 4 2 0.653002
35 4 3 0.656828
35 4 4 0.627790
35 4 5 0.553558
36 1 1 0.000000
36 1 2 0.697330
36 1 3 0.701157
36 1 4 0.672119
36 1 5 0.000000
36 2 1 0.644101
36 2 2 0.686753
36 2 3 0.690579
36 2 4 0.661541
36 2 5 0.587309
36 3 1 0.654453
36 3 2 0.000000
36 3 3 0.000000
36 3 4 0.671893
36 3 5 0.597661
36 4 1 0.610351
36 4 2 0.653002
36 4 3 0.656828
36 4 4 0.627790
36 4 5 0.553558
37 1 1 0.000000
37 1 2 0.697330
37 1 3 0.701157
37 1 4 0.672119
37 1 5 0.000000
37 2 1 0.644101
37 2 2 0.686753
37 2 3 0.690579
37 2 4 0.661541
37 2 5 0.587309
37 3 1 0.654453
37 3 2 0.000000
37 3 3 0.000000
37 3 4 0.671893
37 3 5 0.597661
37 4 1 0.610351
37 4 2 0.653002
37 4 3 0.656828
37 4 4 0.627790
37 4 5 0.553558
38 1 1 0.000000
38 1 2 0.697330
38 1 3 0.701157
38 1 4 0.672119
38 1 5 0.000000
38 2 1 0.644101
38 2 2 0.686753
38 2 3 0.690579
38 2 4 0.661541
38 2 5 0.587309
38 3 1 0.654453
38 3 2 0.000000
38 3 3 0.000000
38 3 4 0.671893
38 3 5 0.597661
38 4 1 0.610351
38 4 2 0.653002
38 4 3 0.656828
38 4 4 0.627790
38 4 5 0.553558
39 1 1 0.000000
39 1 2 0.697330
39 1 3 0.701157
39 1 4 0.672119
39 1 5 0.000000
39 2 1 0.644101
39 2 2 0.686753
39 2 3 0.690579
39 2 4 0.661541
39 2 5 0.587309
39 3 1 0.654453
39 3 2 0.000000
39 3 3 0.000000
39 3 4 0.671893
39 3 5 0.597661
39 4 1 0.610351
39 4 2 0.653002
39 4 3 0.656828
39 4 4 0.627790
39 4 5 0.553558
40 1 1 0.000000
40 1 2 0.697330
40 1 3 0.701157
40 1 4 0.672119
40 1 5 0.000000
40 2 1 0.644101
40 2 2 0.686753
40 2 3 0.690579
40 2 4 0.661541
40 2 5 0.587309
40 3 1 0.654453
40 3 2 0.000000
40 3 3 0.000000
40 3 4 0.671893
40 3 5 0.597661
40 4 1 0.610351
40 4 2 0.653002
40 4 3 0.656828
40 4 4 0.627790
40 4 5 0.553558
41 1 1 0.000000
41 1 2 0.697330
41 1 3 0.701157
41 1 4 0.672119
41 1 5 0.000000
41 2 1 0.644101
41 2 2 0.686753
41 2 3 0.690579
41 2 4 0.661541
41 2 5 0.587309
41 3 1 0.654453
41 3 2 0.000000
41 3 3 0.000000
41 3 4 0.671893
41 3 5 0.597661
41 4 1 0.610351
41 4 2 0.653002
41 4 3 0.656828
41 4 4 0.627790
41 4 5 0.553558
42 1 1 0.000000
42 1 2 0.697330
42 1 3 0.701157
42 1 4 0.672119
42 1 5 0.000000
42 2 1 0.644101
42 2 2 0.686753
42 2 3 0.690579
42 2 4 0.661541
42 2 5 0.587309
42 3 1 0.654453
42 3 2 0.000000
42 3 3 0.000000
42 3 4 0.671893
42 3 5 0.597661
42 4 1 0.610351
42 4 2 0.653002
42 4 3 0.656828
42 4 4 0.627790
42 4 5 0.553558
43 1 1 0.000000
43 1 2 0.697330
43 1 3 0.701157
43 1 4 0.672119
43 1 5 0.000000
43 2 1 0.644101
43 2 2 0.686753
43 2 3 0.690579
43 2 4 0.661541
43 2 5 0.587309
43 3 1 0.654453
43 3 2 0.000000
43 3 3 0.000000
43 3 4 0.671893
43 3 5 0.597661
43 4 1 0.610351
43 4 2 0.653002
43 4 3 0.656828
43 4 4 0.627790
43 4 5 0.553558
44 1 1 0.000000
44 1 2 0.697330
44 1 3 0.701157
44 1 4 0.672119
44 1 5 0.000000
44 2 1 0.644101
44 2 2 0.686753
44 2 3 0.690579
44 2 4 0.661541
44 2 5 0.587309
44 3 1 0.654453
44 3 2 0.000000
44 3 3 0.000000
44 3 4 0.671893
44 3 5 0.597661
44 4 1 0.610351
44 4 2 0.653002
44 4 3 0.656828
44 4 4 0.627790
44 4 5 0.553558
45 1 1 0.000000
45 1 2 0.697330
45 1 3 0.701157
45 1 4 0.672119
45 1 5 0.000000
45 2 1 0.644101
45 2 2 0.686753
45 2 3 0.690579
45 2 4 0.661541
45 2 5 0.587309
45 3 1 0.654453
45 3 2 0.000000
45 3 3 0.000000
45 3 4 0.671893
45 3 5 0.597661
45 4 1 0.610351
45 4 2 0.653002
45 4 3 0.656828
45 4 4 0.627790
45 4 5 0.553558
46 1 1 0.000000
46 1 2 0.697330
46 1 3 0.701157
46 1 4 0.672119
46 1 5 0.000000
46 2 1 0.644101
46 2 2 0.686753
46 2 3 0.690579
46 2 4 0.661541
46 2 5 0.587309
46 3 1 0.654453
46 3 2 0.000000
46 3 3 0.000000
46 3 4 0.671893
46 3 5 0.597661
46 4 1 0.610351
46 4 2 0.653002
46 4 3 0.656828
46 4 4 0.627790
46 4 5 0.553558
47 1 1 0.000000
47 1 2 0.697330
47 1 3 0.701157
47 1 4 0.672119
47 1 5 0.000000
47 2 1 0.644101
47 2 2 0.686753
47 2 3 0.690579
47 2 4 0.661541
47 2 5 0.587309
47 3 1 0.654453
47 3 2 0.000000
47 3 3 0.000000
47 3 4 0.671893
47 3 5 0.597661
47 4 1 0.610351
47 4 2 0.653002
47 4 3 0.656828
47 4 4 0.627790
47 4 5 0.553558
48 1 1 0.000000
48 1 2 0.697330
48 1 3 0.701157
48 1 4 0.672119
48 1 5 0.000000
48 2 1 0.644101
48 2 2 0.686753
48 2 3 0.690579
48 2 4 0.661541
48 2 5 0.587309
48 3 1 0.654453
48 3 2 0.000000
48 3 3 0.000000
48 3 4 0.671893
48 3 5 0.597661
48 4 1 0.610351
48 4 2 0.653002
48 4 3 0.656828
48 4 4 0.627790
48 4 5 0.553558
49 1 1 0.000000
49 1 2 0.697330
49 1 3 0.701157
49 1 4 0.672119
49 1 5 0.000000
49 2 1 0.644101
49 2 2 0.686753
49 2 3 0.690579
49 2 4 0.661541
49 2 5 0.587309
49 3 1 0.654453
49 3 2 0.000000
49 3 3 0.000000
49 3 4 0.671893
49 3 5 0.597661
49 4 1 0.610351
49 4 2 0.653002
49 4 3 0.656828
49 4 4 0.627790
49 4 5 0.553558
50 1 1 0.000000
50 1 2 0.697330
50 1 3 0.701157
50 1 4 0.672119
50 1 5 0.000000
50 2 1 0.644101
50 2 2 0.686753
50 2 3 0.690579
50 2 4 0.661541
50 2 5 0.587309
50 3 1 0.654453
50 3 2 0.000000
50 3 3 0.000000
50 3 4 0.671893
50 3 5 0.597661
50 4 1 0.610351
50 4 2 0.653002
50 4 3 0.656828
50 4 4 0.627790
50 4 5 0.553558
