1 1 1 0.681653
1 1 2 0.000000
1 1 3 0.696489
1 1 4 0.644435
1 1 5 0.000000
1 2 1 0.676930
1 2 2 0.699201
1 2 3 0.691766
1 2 4 0.639712
1 2 5 0.000000
1 3 1 0.641935
1 3 2 0.000000
1 3 3 0.656771
1 3 4 0.604717
1 3 5 0.518017
1 4 1 0.655505
1 4 2 0.677777
1 4 3 0.670341
1 4 4 0.000000
1 4 5 0.531588
1 5 1 0.000000
1 5 2 0.652494
1 5 3 0.645058
1 5 4 0.593004
1 5 5 0.000000
1 6 1 0.635507
1 6 2 0.657779
1 6 3 0.650343
1 6 4 0.598289
1 6 5 0.511590
2 1 1 0.681653
2 1 2 0.000000
2 1 3 0.696489
2 1 4 0.644435
2 1 5 0.000000
2 2 1 0.676930
2 2 2 0.699201
2 2 3 0.691766
2 2 4 0.639712
2 2 5 0.000000
2 3 1 0.641935
2 3 2 0.000000
2 3 3 0.656771
2 3 4 0.604717
2 3 5 0.518017
2 4 1 0.655505
2 4 2 0.677777
2 4 3 0.670341
2 4 4 0.000000
2 4 5 0.531588
2 5 1 0.000000
2 5 2 0.652494
2 5 3 0.645058
2 5 4 0.593004
2 5 5 0.000000
2 6 1 0.635507
2 6 2 0.657779
2 6 3 0.650343
2 6 4 0.598289
2 6 5 0.511590
3 1 1 0.681653
3 1 2 0.000000
3 1 3 0.696489
3 1 4 0.644435
3 1 5 0.000000
3 2 1 0.676930
3 2 2 0.699201
3 2 3 0.691766
3 2 4 0.639712
3 2 5 0.000000
3 3 1 0.641935
3 3 2 0.000000
3 3 3 0.656771
3 3 4 0.604717
3 3 5 0.518017
3 4 1 0.655505
3 4 2 0.677777
3 4 3 0.670341
3 4 4 0.000000
3 4 5 0.531588
3 5 1 0.000000
3 5 2 0.652494
3 5 3 0.645058
3 5 4 0.593004
3 5 5 0.000000
3 6 1 0.635507
3 6 2 0.657779
3 6 3 0.650343
3 6 4 0.598289
3 6 5 0.511590
4 1 1 0.681653
4 1 2 0.000000
4 1 3 0.696489
4 1 4 0.644435
4 1 5 0.000000
4 2 1 0.676930
4 2 2 0.699201
4 2 3 0.691766
4 2 4 0.639712
4 2 5 0.000000
4 3 1 0.641935
4 3 2 0.000000
4 3 3 0.656771
4 3 4 0.604717
4 3 5 0.518017
4 4 1 0.655505
4 4 2 0.677777
4 4 3 0.670341
4 4 4 0.000000
4 4 5 0.531588
4 5 1 0.000000
4 5 2 0.652494
4 5 3 0.645058
4 5 4 0.593004
4 5 5 0.000000
4 6 1 0.635507
4 6 2 0.657779
4 6 3 0.650343
4 6 4 0.598289
4 6 5 0.511590
5 1 1 0.681653
5 1 2 0.000000
5 1 3 0.696489
5 1 4 0.644435
5 1 5 0.000000
5 2 1 0.676930
5 2 2 0.699201
5 2 3 0.691766
5 2 4 0.639712
5 2 5 0.000000
5 3 1 0.641935
5 3 2 0.000000
5 3 3 0.656771
5 3 4 0.604717
5 3 5 0.518017
5 4 1 0.655505
5 4 2 0.677777
5 4 3 0.670341
5 4 4 0.000000
5 4 5 0.531588
5 5 1 0.000000
5 5 2 0.652494
5 5 3 0.645058
5 5 4 0.593004
5 5 5 0.000000
5 6 1 0.635507
5 6 2 0.657779
5 6 3 0.650343
5 6 4 0.598289
5 6 5 0.511590
6 1 1 0.681653
6 1 2 0.000000
6 1 3 0.696489
6 1 4 0.644435
6 1 5 0.000000
6 2 1 0.676930
6 2 2 0.699201
6 2 3 0.691766
6 2 4 0.639712
6 2 5 0.000000
6 3 1 0.641935
6 3 2 0.000000
6 3 3 0.656771
6 3 4 0.604717
6 3 5 0.518017
6 4 1 0.655505
6 4 2 0.677777
6 4 3 0.670341
6 4 4 0.000000
6 4 5 0.531588
6 5 1 0.000000
6 5 2 0.652494
6 5 3 0.645058
6 5 4 0.593004
6 5 5 0.000000
6 6 1 0.635507
6 6 2 0.657779
6 6 3 0.650343
6 6 4 0.598289
6 6 5 0.511590
7 1 1 0.681653
7 1 2 0.000000
7 1 3 0.696489
7 1 4 0.644435
7 1 5 0.000000
7 2 1 0.676930
7 2 2 0.699201
7 2 3 0.691766
7 2 4 0.639712
7 2 5 0.000000
7 3 1 0.641935
7 3 2 0.000000
7 3 3 0.656771
7 3 4 0.604717
7 3 5 0.518017
7 4 1 0.655505
7 4 2 0.677777
7 4 3 0.670341
7 4 4 0.000000
7 4 5 0.531588
7 5 1 0.000000
7 5 2 0.652494
7 5 3 0.645058
7 5 4 0.593004
7 5 5 0.000000
7 6 1 0.635507
7 6 2 0.657779
7 6 3 0.650343
7 6 4 0.598289
7 6 5 0.511590
8 1 1 0.681653
8 1 2 0.000000
8 1 3 0.696489
8 1 4 0.644435
8 1 5 0.000000
8 2 1 0.676930
8 2 2 0.699201
8 2 3 0.691766
8 2 4 0.639712
8 2 5 0.000000
8 3 1 0.641935
8 3 2 0.000000
8 3 3 0.656771
8 3 4 0.604717
8 3 5 0.518017
8 4 1 0.655505
8 4 2 0.677777
8 4 3 0.670341
8 4 4 0.000000
8 4 5 0.531588
8 5 1 0.000000
8 5 2 0.652494
8 5 3 0.645058
8 5 4 0.593004
8 5 5 0.000000
8 6 1 0.635507
8 6 2 0.657779
8 6 3 0.650343
8 6 4 0.598289
8 6 5 0.511590
9 1 1 0.681653
9 1 2 0.000000
9 1 3 0.696489
9 1 4 0.644435
9 1 5 0.000000
9 2 1 0.676930
9 2 2 0.699201
9 2 3 0.691766
9 2 4 0.639712
9 2 5 0.000000
9 3 1 0.641935
9 3 2 0.000000
9 3 3 0.656771
9 3 4 0.604717
9 3 5 0.518017
9 4 1 0.655505
9 4 2 0.677777
9 4 3 0.670341
9 4 4 0.000000
9 4 5 0.531588
9 5 1 0.000000
9 5 2 0.652494
9 5 3 0.645058
9 5 4 0.593004
9 5 5 0.000000
9 6 1 0.635507
9 6 2 0.657779
9 6 3 0.650343
9 6 4 0.598289
9 6 5 0.511590
10 1 1 0.681653
10 1 2 0.000000
10 1 3 0.696489
10 1 4 0.644435
10 1 5 0.000000
10 2 1 0.676930
10 2 2 0.699201
10 2 3 0.691766
10 2 4 0.639712
10 2 5 0.000000
10 3 1 0.641935
10 3 2 0.000000
10 3 3 0.656771
10 3 4 0.604717
10 3 5 0.518017
10 4 1 0.655505
10 4 2 0.677777
10 4 3 0.670341
10 4 4 0.000000
10 4 5 0.531588
10 5 1 0.000000
10 5 2 0.652494
10 5 3 0.645058
10 5 4 0.593004
10 5 5 0.000000
10 6 1 0.635507
10 6 2 0.657779
10 6 3 0.650343
10 6 4 0.598289
10 6 5 0.511590
11 1 1 0.681653
11 1 2 0.000000
11 1 3 0.696489
11 1 4 0.644435
11 1 5 0.000000
11 2 1 0.676930
11 2 2 0.699201
11 2 3 0.691766
11 2 4 0.639712
11 2 5 0.000000
11 3 1 0.641935
11 3 2 0.000000
11 3 3 0.656771
11 3 4 0.604717
11 3 5 0.518017
11 4 1 0.655505
11 4 2 0.677777
11 4 3 0.670341
11 4 4 0.000000
11 4 5 0.531588
11 5 1 0.000000
11 5 2 0.652494
11 5 3 0.645058
11 5 4 0.593004
11 5 5 0.000000
11 6 1 0.635507
11 6 2 0.657779
11 6 3 0.650343
11 6 4 0.598289
11 6 5 0.511590
12 1 1 0.681653
12 1 2 0.000000
12 1 3 0.696489
12 1 4 0.644435
12 1 5 0.000000
12 2 1 0.676930
12 2 2 0.699201
12 2 3 0.691766
12 2 4 0.639712
12 2 5 0.000000
12 3 1 0.641935
12 3 2 0.000000
12 3 3 0.656771
12 3 4 0.604717
12 3 5 0.518017
12 4 1 0.655505
12 4 2 0.677777
12 4 3 0.670341
12 4 4 0.000000
12 4 5 0.531588
12 5 1 0.000000
12 5 2 0.652494
12 5 3 0.645058
12 5 4 0.593004
12 5 5 0.000000
12 6 1 0.635507
12 6 2 0.657779
12 6 3 0.650343
12 6 4 0.598289
12 6 5 0.511590
13 1 1 0.681653
13 1 2 0.000000
13 1 3 0.696489
13 1 4 0.644435
13 1 5 0.000000
13 2 1 0.676930
13 2 2 0.699201
13 2 3 0.691766
13 2 4 0.639712
13 2 5 0.000000
13 3 1 0.641935
13 3 2 0.000000
13 3 3 0.656771
13 3 4 0.604717
13 3 5 0.518017
13 4 1 0.655505
13 4 2 0.677777
13 4 3 0.670341
13 4 4 0.000000
13 4 5 0.531588
13 5 1 0.000000
13 5 2 0.652494
13 5 3 0.645058
13 5 4 0.593004
13 5 5 0.000000
13 6 1 0.635507
13 6 2 0.657779
13 6 3 0.650343
13 6 4 0.598289
13 6 5 0.511590
14 1 1 0.681653
14 1 2 0.000000
14 1 3 0.696489
14 1 4 0.644435
14 1 5 0.000000
14 2 1 0.676930
14 2 2 0.699201
14 2 3 0.691766
14 2 4 0.639712
14 2 5 0.000000
14 3 1 0.641935
14 3 2 0.000000
14 3 3 0.656771
14 3 4 0.604717
14 3 5 0.518017
14 4 1 0.655505
14 4 2 0.677777
14 4 3 0.670341
14 4 4 0.000000
14 4 5 0.531588
14 5 1 0.000000
14 5 2 0.652494
14 5 3 0.645058
14 5 4 0.593004
14 5 5 0.000000
14 6 1 0.635507
14 6 2 0.657779
14 6 3 0.650343
14 6 4 0.598289
14 6 5 0.511590
15 1 1 0.681653
15 1 2 0.000000
15 1 3 0.696489
15 1 4 0.644435
15 1 5 0.000000
15 2 1 0.676930
15 2 2 0.699201
15 2 3 0.691766
15 2 4 0.639712
15 2 5 0.000000
15 3 1 0.641935
15 3 2 0.000000
15 3 3 0.656771
15 3 4 0.604717
15 3 5 0.518017
15 4 1 0.655505
15 4 2 0.677777
15 4 3 0.670341
15 4 4 0.000000
15 4 5 0.531588
15 5 1 0.000000
15 5 2 0.652494
15 5 3 0.645058
15 5 4 0.593004
15 5 5 0.000000
15 6 1 0.635507
15 6 2 0.657779
15 6 3 0.650343
15 6 4 0.598289
15 6 5 0.511590
16 1 1 0.681653
16 1 2 0.000000
16 1 3 0.696489
16 1 4 0.644435
16 1 5 0.000000
16 2 1 0.676930
16 2 2 0.699201
16 2 3 0.691766
16 2 4 0.639712
16 2 5 0.000000
16 3 1 0.641935
16 3 2 0.000000
16 3 3 0.656771
16 3 4 0.604717
16 3 5 0.518017
16 4 1 0.655505
16 4 2 0.677777
16 4 3 0.670341
16 4 4 0.000000
16 4 5 0.531588
16 5 1 0.000000
16 5 2 0.652494
16 5 3 0.645058
16 5 4 0.593004
16 5 5 0.000000
16 6 1 0.635507
16 6 2 0.657779
16 6 3 0.650343
16 6 4 0.598289
16 6 5 0.511590
17 1 1 0.681653
17 1 2 0.000000
17 1 3 0.696489
17 1 4 0.644435
17 1 5 0.000000
17 2 1 0.676930
17 2 2 0.699201
17 2 3 0.691766
17 2 4 0.639712
17 2 5 0.000000
17 3 1 0.641935
17 3 2 0.000000
17 3 3 0.656771
17 3 4 0.604717
17 3 5 0.518017
17 4 1 0.655505
17 4 2 0.677777
17 4 3 0.670341
17 4 4 0.000000
17 4 5 0.531588
17 5 1 0.000000
17 5 2 0.652494
17 5 3 0.645058
17 5 4 0.593004
17 5 5 0.000000
17 6 1 0.635507
17 6 2 0.657779
17 6 3 0.650343
17 6 4 0.598289
17 6 5 0.511590
18 1 1 0.681653
18 1 2 0.000000
18 1 3 0.696489
18 1 4 0.644435
18 1 5 0.000000
18 2 1 0.676930
18 2 2 0.699201
18 2 3 0.691766
18 2 4 0.639712
18 2 5 0.000000
18 3 1 0.641935
18 3 2 0.000000
18 3 3 0.656771
18 3 4 0.604717
18 3 5 0.518017
18 4 1 0.655505
18 4 2 0.677777
18 4 3 0.670341
18 4 4 0.000000
18 4 5 0.531588
18 5 1 0.000000
18 5 2 0.652494
18 5 3 0.645058
18 5 4 0.593004
18 5 5 0.000000
18 6 1 0.635507
18 6 2 0.657779
18 6 3 0.650343
18 6 4 0.598289
18 6 5 0.511590
19 1 1 0.681653
19 1 2 0.000000
19 1 3 0.696489
19 1 4 0.644435
19 1 5 0.000000
19 2 1 0.676930
19 2 2 0.699201
19 2 3 0.691766
19 2 4 0.639712
19 2 5 0.000000
19 3 1 0.641935
19 3 2 0.000000
19 3 3 0.656771
19 3 4 0.604717
19 3 5 0.518017
19 4 1 0.655505
19 4 2 0.677777
19 4 3 0.670341
19 4 4 0.000000
19 4 5 0.531588
19 5 1 0.000000
19 5 2 0.652494
19 5 3 0.645058
19 5 4 0.593004
19 5 5 0.000000
19 6 1 0.635507
19 6 2 0.657779
19 6 3 0.650343
19 6 4 0.598289
19 6 5 0.511590
20 1 1 0.681653
20 1 2 0.000000
20 1 3 0.696489
20 1 4 0.644435
20 1 5 0.000000
20 2 1 0.676930
20 2 2 0.699201
20 2 3 0.691766
20 2 4 0.639712
20 2 5 0.000000
20 3 1 0.641935
20 3 2 0.000000
20 3 3 0.656771
20 3 4 0.604717
20 3 5 0.518017
20 4 1 0.655505
20 4 2 0.677777
20 4 3 0.670341
20 4 4 0.000000
20 4 5 0.531588
20 5 1 0.000000
20 5 2 0.652494
20 5 3 0.645058
20 5 4 0.593004
20 5 5 0.000000
20 6 1 0.635507
20 6 2 0.657779
20 6 3 0.650343
20 6 4 0.598289
20 6 5 0.511590
21 1 1 0.681653
21 1 2 0.000000
21 1 3 0.696489
21 1 4 0.644435
21 1 5 0.000000
21 2 1 0.676930
21 2 2 0.699201
21 2 3 0.691766
21 2 4 0.639712
21 2 5 0.000000
21 3 1 0.641935
21 3 2 0.000000
21 3 3 0.656771
21 3 4 0.604717
21 3 5 0.518017
21 4 1 0.655505
21 4 2 0.677777
21 4 3 0.670341
21 4 4 0.000000
21 4 5 0.531588
21 5 1 0.000000
21 5 2 0.652494
21 5 3 0.645058
21 5 4 0.593004
21 5 5 0.000000
21 6 1 0.635507
21 6 2 0.657779
21 6 3 0.650343
21 6 4 0.598289
21 6 5 0.511590
22 1 1 0.681653
22 1 2 0.000000
22 1 3 0.696489
22 1 4 0.644435
22 1 5 0.000000
22 2 1 0.676930
22 2 2 0.699201
22 2 3 0.691766
22 2 4 0.639712
22 2 5 0.000000
22 3 1 0.641935
22 3 2 0.000000
22 3 3 0.656771
22 3 4 0.604717
22 3 5 0.518017
22 4 1 0.655505
22 4 2 0.677777
22 4 3 0.670341
22 4 4 0.000000
22 4 5 0.531588
22 5 1 0.000000
22 5 2 0.652494
22 5 3 0.645058
22 5 4 0.593004
22 5 5 0.000000
22 6 1 0.635507
22 6 2 0.657779
22 6 3 0.650343
22 6 4 0.598289
22 6 5 0.511590
23 1 1 0.681653
23 1 2 0.000000
23 1 3 0.696489
23 1 4 0.644435
23 1 5 0.000000
23 2 1 0.676930
23 2 2 0.699201
23 2 3 0.691766
23 2 4 0.639712
23 2 5 0.000000
23 3 1 0.641935
23 3 2 0.000000
23 3 3 0.656771
23 3 4 0.604717
23 3 5 0.518017
23 4 1 0.655505
23 4 2 0.677777
23 4 3 0.670341
23 4 4 0.000000
23 4 5 0.531588
23 5 1 0.000000
23 5 2 0.652494
23 5 3 0.645058
23 5 4 0.593004
23 5 5 0.000000
23 6 1 0.635507
23 6 2 0.657779
23 6 3 0.650343
23 6 4 0.598289
23 6 5 0.511590
24 1 1 0.681653
24 1 2 0.000000
24 1 3 0.696489
24 1 4 0.644435
24 1 5 0.000000
24 2 1 0.676930
24 2 2 0.699201
24 2 3 0.691766
24 2 4 0.639712
24 2 5 0.000000
24 3 1 0.641935
24 3 2 0.000000
24 3 3 0.656771
24 3 4 0.604717
24 3 5 0.518017
24 4 1 0.655505
24 4 2 0.677777
24 4 3 0.670341
24 4 4 0.000000
24 4 5 0.531588
24 5 1 0.000000
24 5 2 0.652494
24 5 3 0.645058
24 5 4 0.593004
24 5 5 0.000000
24 6 1 0.635507
24 6 2 0.657779
24 6 3 0.650343
24 6 4 0.598289
24 6 5 0.511590
25 1 1 0.681653
25 1 2 0.000000
25 1 3 0.696489
25 1 4 0.644435
25 1 5 0.000000
25 2 1 0.676930
25 2 2 0.699201
25 2 3 0.691766
25 2 4 0.639712
25 2 5 0.000000
25 3 1 0.641935
25 3 2 0.000000
25 3 3 0.656771
25 3 4 0.604717
25 3 5 0.518017
25 4 1 0.655505
25 4 2 0.677777
25 4 3 0.670341
25 4 4 0.000000
25 4 5 0.531588
25 5 1 0.000000
25 5 2 0.652494
25 5 3 0.645058
25 5 4 0.593004
25 5 5 0.000000
25 6 1 0.635507
25 6 2 0.657779
25 6 3 0.650343
25 6 4 0.598289
25 6 5 0.511590
26 1 1 0.681653
26 1 2 0.000000
26 1 3 0.696489
26 1 4 0.644435
26 1 5 0.000000
26 2 1 0.676930
26 2 2 0.699201
26 2 3 0.691766
26 2 4 0.639712
26 2 5 0.000000
26 3 1 0.641935
26 3 2 0.000000
26 3 3 0.656771
26 3 4 0.604717
26 3 5 0.518017
26 4 1 0.655505
26 4 2 0.677777
26 4 3 0.670341
26 4 4 0.000000
26 4 5 0.531588
26 5 1 0.000000
26 5 2 0.652494
26 5 3 0.645058
26 5 4 0.593004
26 5 5 0.000000
26 6 1 0.635507
26 6 2 0.657779
26 6 3 0.650343
26 6 4 0.598289
26 6 5 0.511590
27 1 1 0.681653
27 1 2 0.000000
27 1 3 0.696489
27 1 4 0.644435
27 1 5 0.000000
27 2 1 0.676930
27 2 2 0.699201
27 2 3 0.691766
27 2 4 0.639712
27 2 5 0.000000
27 3 1 0.641935
27 3 2 0.000000
27 3 3 0.656771
27 3 4 0.604717
27 3 5 0.518017
27 4 1 0.655505
27 4 2 0.677777
27 4 3 0.670341
27 4 4 0.000000
27 4 5 0.531588
27 5 1 0.000000
27 5 2 0.652494
27 5 3 0.645058
27 5 4 0.593004
27 5 5 0.000000
27 6 1 0.635507
27 6 2 0.657779
27 6 3 0.650343
27 6 4 0.598289
27 6 5 0.511590
28 1 1 0.681653
28 1 2 0.000000
28 1 3 0.696489
28 1 4 0.644435
28 1 5 0.000000
28 2 1 0.676930
28 2 2 0.699201
28 2 3 0.691766
28 2 4 0.639712
28 2 5 0.000000
28 3 1 0.641935
28 3 2 0.000000
28 3 3 0.656771
28 3 4 0.604717
28 3 5 0.518017
28 4 1 0.655505
28 4 2 0.677777
28 4 3 0.670341
28 4 4 0.000000
28 4 5 0.531588
28 5 1 0.000000
28 5 2 0.652494
28 5 3 0.645058
28 5 4 0.593004
28 5 5 0.000000
28 6 1 0.635507
28 6 2 0.657779
28 6 3 0.650343
28 6 4 0.598289
28 6 5 0.511590
29 1 1 0.681653
29 1 2 0.000000
29 1 3 0.696489
29 1 4 0.644435
29 1 5 0.000000
29 2 1 0.676930
29 2 2 0.699201
29 2 3 0.691766
29 2 4 0.639712
29 2 5 0.000000
29 3 1 0.641935
29 3 2 0.000000
29 3 3 0.656771
29 3 4 0.604717
29 3 5 0.518017
29 4 1 0.655505
29 4 2 0.677777
29 4 3 0.670341
29 4 4 0.000000
29 4 5 0.531588
29 5 1 0.000000
29 5 2 0.652494
29 5 3 0.645058
29 5 4 0.593004
29 5 5 0.000000
29 6 1 0.635507
29 6 2 0.657779
29 6 3 0.650343
29 6 4 0.598289
29 6 5 0.511590
30 1 1 0.681653
30 1 2 0.000000
30 1 3 0.696489
30 1 4 0.644435
30 1 5 0.000000
30 2 1 0.676930
30 2 2 0.699201
30 2 3 0.691766
30 2 4 0.639712
30 2 5 0.000000
30 3 1 0.641935
30 3 2 0.000000
30 3 3 0.656771
30 3 4 0.604717
30 3 5 0.518017
30 4 1 0.655505
30 4 2 0.677777
30 4 3 0.670341
30 4 4 0.000000
30 4 5 0.531588
30 5 1 0.000000
30 5 2 0.652494
30 5 3 0.645058
30 5 4 0.593004
30 5 5 0.000000
30 6 1 0.635507
30 6 2 0.657779
30 6 3 0.650343
30 6 4 0.598289
30 6 5 0.511590
31 1 1 0.681653
31 1 2 0.000000
31 1 3 0.696489
31 1 4 0.644435
31 1 5 0.000000
31 2 1 0.676930
31 2 2 0.699201
31 2 3 0.691766
31 2 4 0.639712
31 2 5 0.000000
31 3 1 0.641935
31 3 2 0.000000
31 3 3 0.656771
31 3 4 0.604717
31 3 5 0.518017
31 4 1 0.655505
31 4 2 0.677777
31 4 3 0.670341
31 4 4 0.000000
31 4 5 0.531588
31 5 1 0.000000
31 5 2 0.652494
31 5 3 0.645058
31 5 4 0.593004
31 5 5 0.000000
31 6 1 0.635507
31 6 2 0.657779
31 6 3 0.650343
31 6 4 0.598289
31 6 5 0.511590
32 1 1 0.681653
32 1 2 0.000000
32 1 3 0.696489
32 1 4 0.644435
32 1 5 0.000000
32 2 1 0.676930
32 2 2 0.699201
32 2 3 0.691766
32 2 4 0.639712
32 2 5 0.000000
32 3 1 0.641935
32 3 2 0.000000
32 3 3 0.656771
32 3 4 0.604717
32 3 5 0.518017
32 4 1 0.655505
32 4 2 0.677777
32 4 3 0.670341
32 4 4 0.000000
32 4 5 0.531588
32 5 1 0.000000
32 5 2 0.652494
32 5 3 0.645058
32 5 4 0.593004
32 5 5 0.000000
32 6 1 0.635507
32 6 2 0.657779
32 6 3 0.650343
32 6 4 0.598289
32 6 5 0.511590
33 1 1 0.681653
33 1 2 0.000000
33 1 3 0.696489
33 1 4 0.644435
33 1 5 0.000000
33 2 1 0.676930
33 2 2 0.699201
33 2 3 0.691766
33 2 4 0.639712
33 2 5 0.000000
33 3 1 0.641935
33 3 2 0.000000
33 3 3 0.656771
33 3 4 0.604717
33 3 5 0.518017
33 4 1 0.655505
33 4 2 0.677777
33 4 3 0.670341
33 4 4 0.000000
33 4 5 0.531588
33 5 1 0.000000
33 5 2 0.652494
33 5 3 0.645058
33 5 4 0.593004
33 5 5 0.000000
33 6 1 0.635507
33 6 2 0.657779
33 6 3 0.650343
33 6 4 0.598289
33 6 5 0.511590
34 1 1 0.681653
34 1 2 0.000000
34 1 3 0.696489
34 1 4 0.644435
34 1 5 0.000000
34 2 1 0.676930
34 2 2 0.699201
34 2 3 0.691766
34 2 4 0.639712
34 2 5 0.000000
34 3 1 0.641935
34 3 2 0.000000
34 3 3 0.656771
34 3 4 0.604717
34 3 5 0.518017
34 4 1 0.655505
34 4 2 0.677777
34 4 3 0.670341
34 4 4 0.000000
34 4 5 0.531588
34 5 1 0.000000
34 5 2 0.652494
34 5 3 0.645058
34 5 4 0.593004
34 5 5 0.000000
34 6 1 0.635507
34 6 2 0.657779
34 6 3 0.650343
34 6 4 0.598289
34 6 5 0.511590
35 1 1 0.681653
35 1 2 0.000000
35 1 3 0.696489
35 1 4 0.644435
35 1 5 0.000000
35 2 1 0.676930
35 2 2 0.699201
35 2 3 0.691766
35 2 4 0.639712
35 2 5 0.000000
35 3 1 0.641935
35 3 2 0.000000
35 3 3 0.656771
35 3 4 0.604717
35 3 5 0.518017
35 4 1 0.655505
35 4 2 0.677777
35 4 3 0.670341
35 4 4 0.000000
35 4 5 0.531588
35 5 1 0.000000
35 5 2 0.652494
35 5 3 0.645058
35 5 4 0.593004
35 5 5 0.000000
35 6 1 0.635507
35 6 2 0.657779
35 6 3 0.650343
35 6 4 0.598289
35 6 5 0.511590
36 1 1 0.681653
36 1 2 0.000000
36 1 3 0.696489
36 1 4 0.644435
36 1 5 0.000000
36 2 1 0.676930
36 2 2 0.699201
36 2 3 0.691766
36 2 4 0.639712
36 2 5 0.000000
36 3 1 0.641935
36 3 2 0.000000
36 3 3 0.656771
36 3 4 0.604717
36 3 5 0.518017
36 4 1 0.655505
36 4 2 0.677777
36 4 3 0.670341
36 4 4 0.000000
36 4 5 0.531588
36 5 1 0.000000
36 5 2 0.652494
36 5 3 0.645058
36 5 4 0.593004
36 5 5 0.000000
36 6 1 0.635507
36 6 2 0.657779
36 6 3 0.650343
36 6 4 0.598289
36 6 5 0.511590
37 1 1 0.681653
37 1 2 0.000000
37 1 3 0.696489
37 1 4 0.644435
37 1 5 0.000000
37 2 1 0.676930
37 2 2 0.699201
37 2 3 0.691766
37 2 4 0.639712
37 2 5 0.000000
37 3 1 0.641935
37 3 2 0.000000
37 3 3 0.656771
37 3 4 0.604717
37 3 5 0.518017
37 4 1 0.655505
37 4 2 0.677777
37 4 3 0.670341
37 4 4 0.000000
37 4 5 0.531588
37 5 1 0.000000
37 5 2 0.652494
37 5 3 0.645058
37 5 4 0.593004
37 5 5 0.000000
37 6 1 0.635507
37 6 2 0.657779
37 6 3 0.650343
37 6 4 0.598289
37 6 5 0.511590
38 1 1 0.681653
38 1 2 0.000000
38 1 3 0.696489
38 1 4 0.644435
38 1 5 0.000000
38 2 1 0.676930
38 2 2 0.699201
38 2 3 0.691766
38 2 4 0.639712
38 2 5 0.000000
38 3 1 0.641935
38 3 2 0.000000
38 3 3 0.656771
38 3 4 0.604717
38 3 5 0.518017
38 4 1 0.655505
38 4 2 0.677777
38 4 3 0.670341
38 4 4 0.000000
38 4 5 0.531588
38 5 1 0.000000
38 5 2 0.652494
38 5 3 0.645058
38 5 4 0.593004
38 5 5 0.000000
38 6 1 0.635507
38 6 2 0.657779
38 6 3 0.650343
38 6 4 0.598289
38 6 5 0.511590
39 1 1 0.681653
39 1 2 0.000000
39 1 3 0.696489
39 1 4 0.644435
39 1 5 0.000000
39 2 1 0.676930
39 2 2 0.699201
39 2 3 0.691766
39 2 4 0.639712
39 2 5 0.000000
39 3 1 0.641935
39 3 2 0.000000
39 3 3 0.656771
39 3 4 0.604717
39 3 5 0.518017
39 4 1 0.655505
39 4 2 0.677777
39 4 3 0.670341
39 4 4 0.000000
39 4 5 0.531588
39 5 1 0.000000
39 5 2 0.652494
39 5 3 0.645058
39 5 4 0.593004
39 5 5 0.000000
39 6 1 0.635507
39 6 2 0.657779
39 6 3 0.650343
39 6 4 0.598289
39 6 5 0.511590
40 1 1 0.681653
40 1 2 0.000000
40 1 3 0.696489
40 1 4 0.644435
40 1 5 0.000000
40 2 1 0.676930
40 2 2 0.699201
40 2 3 0.691766
40 2 4 0.639712
40 2 5 0.000000
40 3 1 0.641935
40 3 2 0.000000
40 3 3 0.656771
40 3 4 0.604717
40 3 5 0.518017
40 4 1 0.655505
40 4 2 0.677777
40 4 3 0.670341
40 4 4 0.000000
40 4 5 0.531588
40 5 1 0.000000
40 5 2 0.652494
40 5 3 0.645058
40 5 4 0.593004
40 5 5 0.000000
40 6 1 0.635507
40 6 2 0.657779
40 6 3 0.650343
40 6 4 0.598289
40 6 5 0.511590
41 1 1 0.681653
41 1 2 0.000000
41 1 3 0.696489
41 1 4 0.644435
41 1 5 0.000000
41 2 1 0.676930
41 2 2 0.699201
41 2 3 0.691766
41 2 4 0.639712
41 2 5 0.000000
41 3 1 0.641935
41 3 2 0.000000
41 3 3 0.656771
41 3 4 0.604717
41 3 5 0.518017
41 4 1 0.655505
41 4 2 0.677777
41 4 3 0.670341
41 4 4 0.000000
41 4 5 0.531588
41 5 1 0.000000
41 5 2 0.652494
41 5 3 0.645058
41 5 4 0.593004
41 5 5 0.000000
41 6 1 0.635507
41 6 2 0.657779
41 6 3 0.650343
41 6 4 0.598289
41 6 5 0.511590
42 1 1 0.681653
42 1 2 0.000000
42 1 3 0.696489
42 1 4 0.644435
42 1 5 0.000000
42 2 1 0.676930
42 2 2 0.699201
42 2 3 0.691766
42 2 4 0.639712
42 2 5 0.000000
42 3 1 0.641935
42 3 2 0.000000
42 3 3 0.656771
42 3 4 0.604717
42 3 5 0.518017
42 4 1 0.655505
42 4 2 0.677777
42 4 3 0.670341
42 4 4 0.000000
42 4 5 0.531588
42 5 1 0.000000
42 5 2 0.652494
42 5 3 0.645058
42 5 4 0.593004
42 5 5 0.000000
42 6 1 0.635507
42 6 2 0.657779
42 6 3 0.650343
42 6 4 0.598289
42 6 5 0.511590
43 1 1 0.681653
43 1 2 0.000000
43 1 3 0.696489
43 1 4 0.644435
43 1 5 0.000000
43 2 1 0.676930
43 2 2 0.699201
43 2 3 0.691766
43 2 4 0.639712
43 2 5 0.000000
43 3 1 0.641935
43 3 2 0.000000
43 3 3 0.656771
43 3 4 0.604717
43 3 5 0.518017
43 4 1 0.655505
43 4 2 0.677777
43 4 3 0.670341
43 4 4 0.000000
43 4 5 0.531588
43 5 1 0.000000
43 5 2 0.652494
43 5 3 0.645058
43 5 4 0.593004
43 5 5 0.000000
43 6 1 0.635507
43 6 2 0.657779
43 6 3 0.650343
43 6 4 0.598289
43 6 5 0.511590
44 1 1 0.681653
44 1 2 0.000000
44 1 3 0.696489
44 1 4 0.644435
44 1 5 0.000000
44 2 1 0.676930
44 2 2 0.699201
44 2 3 0.691766
44 2 4 0.639712
44 2 5 0.000000
44 3 1 0.641935
44 3 2 0.000000
44 3 3 0.656771
44 3 4 0.604717
44 3 5 0.518017
44 4 1 0.655505
44 4 2 0.677777
44 4 3 0.670341
44 4 4 0.000000
44 4 5 0.531588
44 5 1 0.000000
44 5 2 0.652494
44 5 3 0.645058
44 5 4 0.593004
44 5 5 0.000000
44 6 1 0.635507
44 6 2 0.657779
44 6 3 0.650343
44 6 4 0.598289
44 6 5 0.511590
45 1 1 0.681653
45 1 2 0.000000
45 1 3 0.696489
45 1 4 0.644435
45 1 5 0.000000
45 2 1 0.676930
45 2 2 0.699201
45 2 3 0.691766
45 2 4 0.639712
45 2 5 0.000000
45 3 1 0.641935
45 3 2 0.000000
45 3 3 0.656771
45 3 4 0.604717
45 3 5 0.518017
45 4 1 0.655505
45 4 2 0.677777
45 4 3 0.670341
45 4 4 0.000000
45 4 5 0.531588
45 5 1 0.000000
45 5 2 0.652494
45 5 3 0.645058
45 5 4 0.593004
45 5 5 0.000000
45 6 1 0.635507
45 6 2 0.657779
45 6 3 0.650343
45 6 4 0.598289
45 6 5 0.511590
46 1 1 0.681653
46 1 2 0.000000
46 1 3 0.696489
46 1 4 0.644435
46 1 5 0.000000
46 2 1 0.676930
46 2 2 0.699201
46 2 3 0.691766
46 2 4 0.639712
46 2 5 0.000000
46 3 1 0.641935
46 3 2 0.000000
46 3 3 0.656771
46 3 4 0.604717
46 3 5 0.518017
46 4 1 0.655505
46 4 2 0.677777
46 4 3 0.670341
46 4 4 0.000000
46 4 5 0.531588
46 5 1 0.000000
46 5 2 0.652494
46 5 3 0.645058
46 5 4 0.593004
46 5 5 0.000000
46 6 1 0.635507
46 6 2 0.657779
46 6 3 0.650343
46 6 4 0.598289
46 6 5 0.511590
47 1 1 0.681653
47 1 2 0.000000
47 1 3 0.696489
47 1 4 0.644435
47 1 5 0.000000
47 2 1 0.676930
47 2 2 0.699201
47 2 3 0.691766
47 2 4 0.639712
47 2 5 0.000000
47 3 1 0.641935
47 3 2 0.000000
47 3 3 0.656771
47 3 4 0.604717
47 3 5 0.518017
47 4 1 0.655505
47 4 2 0.677777
47 4 3 0.670341
47 4 4 0.000000
47 4 5 0.531588
47 5 1 0.000000
47 5 2 0.652494
47 5 3 0.645058
47 5 4 0.593004
47 5 5 0.000000
47 6 1 0.635507
47 6 2 0.657779
47 6 3 0.650343
47 6 4 0.598289
47 6 5 0.511590
48 1 1 0.681653
48 1 2 0.000000
48 1 3 0.696489
48 1 4 0.644435
48 1 5 0.000000
48 2 1 0.676930
48 2 2 0.699201
48 2 3 0.691766
48 2 4 0.639712
48 2 5 0.000000
48 3 1 0.641935
48 3 2 0.000000
48 3 3 0.656771
48 3 4 0.604717
48 3 5 0.518017
48 4 1 0.655505
48 4 2 0.677777
48 4 3 0.670341
48 4 4 0.000000
48 4 5 0.531588
48 5 1 0.000000
48 5 2 0.652494
48 5 3 0.645058
48 5 4 0.593004
48 5 5 0.000000
48 6 1 0.635507
48 6 2 0.657779
48 6 3 0.650343
48 6 4 0.598289
48 6 5 0.511590
49 1 1 0.681653
49 1 2 0.000000
49 1 3 0.696489
49 1 4 0.644435
49 1 5 0.000000
49 2 1 0.676930
49 2 2 0.699201
49 2 3 0.691766
49 2 4 0.639712
49 2 5 0.000000
49 3 1 0.641935
49 3 2 0.000000
49 3 3 0.656771
49 3 4 0.604717
49 3 5 0.518017
49 4 1 0.655505
49 4 2 0.677777
49 4 3 0.670341
49 4 4 0.000000
49 4 5 0.531588
49 5 1 0.000000
49 5 2 0.652494
49 5 3 0.645058
49 5 4 0.593004
49 5 5 0.000000
49 6 1 0.635507
49 6 2 0.657779
49 6 3 0.650343
49 6 4 0.598289
49 6 5 0.511590
50 1 1 0.681653
50 1 2 0.000000
50 1 3 0.696489
50 1 4 0.644435
50 1 5 0.000000
50 2 1 0.676930
50 2 2 0.699201
50 2 3 0.691766
50 2 4 0.639712
50 2 5 0.000000
50 3 1 0.641935
50 3 2 0.000000
50 3 3 0.656771
50 3 4 0.604717
50 3 5 0.518017
50 4 1 0.655505
50 4 2 0.677777
50 4 3 0.670341
50 4 4 0.000000
50 4 5 0.531588
50 5 1 0.000000
50 5 2 0.652494
50 5 3 0.645058
50 5 4 0.593004
50 5 5 0.000000
50 6 1 0.635507
50 6 2 0.657779
50 6 3 0.650343
50 6 4 0.598289
50 6 5 0.511590
