1 1 1 0.671562
1 1 2 0.000000
1 1 3 0.692313
1 1 4 0.644300
1 1 5 0.000000
1 2 1 0.663504
1 2 2 0.687054
1 2 3 0.684254
1 2 4 0.636242
1 2 5 0.000000
1 3 1 0.662135
1 3 2 0.000000
1 3 3 0.682885
1 3 4 0.634872
1 3 5 0.549485
1 4 1 0.635039
1 4 2 0.658589
1 4 3 0.655789
1 4 4 0.000000
1 4 5 0.522389
1 5 1 0.000000
1 5 2 0.652989
1 5 3 0.650189
1 5 4 0.602176
1 5 5 0.000000
1 6 1 0.626270
1 6 2 0.649820
1 6 3 0.647020
1 6 4 0.599007
1 6 5 0.513620
2 1 1 0.671562
2 1 2 0.000000
2 1 3 0.692313
2 1 4 0.644300
2 1 5 0.000000
2 2 1 0.663504
2 2 2 0.687054
2 2 3 0.684254
2 2 4 0.636242
2 2 5 0.000000
2 3 1 0.662135
2 3 2 0.000000
2 3 3 0.682885
2 3 4 0.634872
2 3 5 0.549485
2 4 1 0.635039
2 4 2 0.658589
2 4 3 0.655789
2 4 4 0.000000
2 4 5 0.522389
2 5 1 0.000000
2 5 2 0.652989
2 5 3 0.650189
2 5 4 0.602176
2 5 5 0.000000
2 6 1 0.626270
2 6 2 0.649820
2 6 3 0.647020
2 6 4 0.599007
2 6 5 0.513620
3 1 1 0.671562
3 1 2 0.000000
3 1 3 0.692313
3 1 4 0.644300
3 1 5 0.000000
3 2 1 0.663504
3 2 2 0.687054
3 2 3 0.684254
3 2 4 0.636242
3 2 5 0.000000
3 3 1 0.662135
3 3 2 0.000000
3 3 3 0.682885
3 3 4 0.634872
3 3 5 0.549485
3 4 1 0.635039
3 4 2 0.658589
3 4 3 0.655789
3 4 4 0.000000
3 4 5 0.522389
3 5 1 0.000000
3 5 2 0.652989
3 5 3 0.650189
3 5 4 0.602176
3 5 5 0.000000
3 6 1 0.626270
3 6 2 0.649820
3 6 3 0.647020
3 6 4 0.599007
3 6 5 0.513620
4 1 1 0.671562
4 1 2 0.000000
4 1 3 0.692313
4 1 4 0.644300
4 1 5 0.000000
4 2 1 0.663504
4 2 2 0.687054
4 2 3 0.684254
4 2 4 0.636242
4 2 5 0.000000
4 3 1 0.662135
4 3 2 0.000000
4 3 3 0.682885
4 3 4 0.634872
4 3 5 0.549485
4 4 1 0.635039
4 4 2 0.658589
4 4 3 0.655789
4 4 4 0.000000
4 4 5 0.522389
4 5 1 0.000000
4 5 2 0.652989
4 5 3 0.650189
4 5 4 0.602176
4 5 5 0.000000
4 6 1 0.626270
4 6 2 0.649820
4 6 3 0.647020
4 6 4 0.599007
4 6 5 0.513620
5 1 1 0.671562
5 1 2 0.000000
5 1 3 0.692313
5 1 4 0.644300
5 1 5 0.000000
5 2 1 0.663504
5 2 2 0.687054
5 2 3 0.684254
5 2 4 0.636242
5 2 5 0.000000
5 3 1 0.662135
5 3 2 0.000000
5 3 3 0.682885
5 3 4 0.634872
5 3 5 0.549485
5 4 1 0.635039
5 4 2 0.658589
5 4 3 0.655789
5 4 4 0.000000
5 4 5 0.522389
5 5 1 0.000000
5 5 2 0.652989
5 5 3 0.650189
5 5 4 0.602176
5 5 5 0.000000
5 6 1 0.626270
5 6 2 0.649820
5 6 3 0.647020
5 6 4 0.599007
5 6 5 0.513620
6 1 1 0.671562
6 1 2 0.000000
6 1 3 0.692313
6 1 4 0.644300
6 1 5 0.000000
6 2 1 0.663504
6 2 2 0.687054
6 2 3 0.684254
6 2 4 0.636242
6 2 5 0.000000
6 3 1 0.662135
6 3 2 0.000000
6 3 3 0.682885
6 3 4 0.634872
6 3 5 0.549485
6 4 1 0.635039
6 4 2 0.658589
6 4 3 0.655789
6 4 4 0.000000
6 4 5 0.522389
6 5 1 0.000000
6 5 2 0.652989
6 5 3 0.650189
6 5 4 0.602176
6 5 5 0.000000
6 6 1 0.626270
6 6 2 0.649820
6 6 3 0.647020
6 6 4 0.599007
6 6 5 0.513620
7 1 1 0.671562
7 1 2 0.000000
7 1 3 0.692313
7 1 4 0.644300
7 1 5 0.000000
7 2 1 0.663504
7 2 2 0.687054
7 2 3 0.684254
7 2 4 0.636242
7 2 5 0.000000
7 3 1 0.662135
7 3 2 0.000000
7 3 3 0.682885
7 3 4 0.634872
7 3 5 0.549485
7 4 1 0.635039
7 4 2 0.658589
7 4 3 0.655789
7 4 4 0.000000
7 4 5 0.522389
7 5 1 0.000000
7 5 2 0.652989
7 5 3 0.650189
7 5 4 0.602176
7 5 5 0.000000
7 6 1 0.626270
7 6 2 0.649820
7 6 3 0.647020
7 6 4 0.599007
7 6 5 0.513620
8 1 1 0.671562
8 1 2 0.000000
8 1 3 0.692313
8 1 4 0.644300
8 1 5 0.000000
8 2 1 0.663504
8 2 2 0.687054
8 2 3 0.684254
8 2 4 0.636242
8 2 5 0.000000
8 3 1 0.662135
8 3 2 0.000000
8 3 3 0.682885
8 3 4 0.634872
8 3 5 0.549485
8 4 1 0.635039
8 4 2 0.658589
8 4 3 0.655789
8 4 4 0.000000
8 4 5 0.522389
8 5 1 0.000000
8 5 2 0.652989
8 5 3 0.650189
8 5 4 0.602176
8 5 5 0.000000
8 6 1 0.626270
8 6 2 0.649820
8 6 3 0.647020
8 6 4 0.599007
8 6 5 0.513620
9 1 1 0.671562
9 1 2 0.000000
9 1 3 0.692313
9 1 4 0.644300
9 1 5 0.000000
9 2 1 0.663504
9 2 2 0.687054
9 2 3 0.684254
9 2 4 0.636242
9 2 5 0.000000
9 3 1 0.662135
9 3 2 0.000000
9 3 3 0.682885
9 3 4 0.634872
9 3 5 0.549485
9 4 1 0.635039
9 4 2 0.658589
9 4 3 0.655789
9 4 4 0.000000
9 4 5 0.522389
9 5 1 0.000000
9 5 2 0.652989
9 5 3 0.650189
9 5 4 0.602176
9 5 5 0.000000
9 6 1 0.626270
9 6 2 0.649820
9 6 3 0.647020
9 6 4 0.599007
9 6 5 0.513620
10 1 1 0.671562
10 1 2 0.000000
10 1 3 0.692313
10 1 4 0.644300
10 1 5 0.000000
10 2 1 0.663504
10 2 2 0.687054
10 2 3 0.684254
10 2 4 0.636242
10 2 5 0.000000
10 3 1 0.662135
10 3 2 0.000000
10 3 3 0.682885
10 3 4 0.634872
10 3 5 0.549485
10 4 1 0.635039
10 4 2 0.658589
10 4 3 0.655789
10 4 4 0.000000
10 4 5 0.522389
10 5 1 0.000000
10 5 2 0.652989
10 5 3 0.650189
10 5 4 0.602176
10 5 5 0.000000
10 6 1 0.626270
10 6 2 0.649820
10 6 3 0.647020
10 6 4 0.599007
10 6 5 0.513620
11 1 1 0.671562
11 1 2 0.000000
11 1 3 0.692313
11 1 4 0.644300
11 1 5 0.000000
11 2 1 0.663504
11 2 2 0.687054
11 2 3 0.684254
11 2 4 0.636242
11 2 5 0.000000
11 3 1 0.662135
11 3 2 0.000000
11 3 3 0.682885
11 3 4 0.634872
11 3 5 0.549485
11 4 1 0.635039
11 4 2 0.658589
11 4 3 0.655789
11 4 4 0.000000
11 4 5 0.522389
11 5 1 0.000000
11 5 2 0.652989
11 5 3 0.650189
11 5 4 0.602176
11 5 5 0.000000
11 6 1 0.626270
11 6 2 0.649820
11 6 3 0.647020
11 6 4 0.599007
11 6 5 0.513620
12 1 1 0.671562
12 1 2 0.000000
12 1 3 0.692313
12 1 4 0.644300
12 1 5 0.000000
12 2 1 0.663504
12 2 2 0.687054
12 2 3 0.684254
12 2 4 0.636242
12 2 5 0.000000
12 3 1 0.662135
12 3 2 0.000000
12 3 3 0.682885
12 3 4 0.634872
12 3 5 0.549485
12 4 1 0.635039
12 4 2 0.658589
12 4 3 0.655789
12 4 4 0.000000
12 4 5 0.522389
12 5 1 0.000000
12 5 2 0.652989
12 5 3 0.650189
12 5 4 0.602176
12 5 5 0.000000
12 6 1 0.626270
12 6 2 0.649820
12 6 3 0.647020
12 6 4 0.599007
12 6 5 0.513620
13 1 1 0.671562
13 1 2 0.000000
13 1 3 0.692313
13 1 4 0.644300
13 1 5 0.000000
13 2 1 0.663504
13 2 2 0.687054
13 2 3 0.684254
13 2 4 0.636242
13 2 5 0.000000
13 3 1 0.662135
13 3 2 0.000000
13 3 3 0.682885
13 3 4 0.634872
13 3 5 0.549485
13 4 1 0.635039
13 4 2 0.658589
13 4 3 0.655789
13 4 4 0.000000
13 4 5 0.522389
13 5 1 0.000000
13 5 2 0.652989
13 5 3 0.650189
13 5 4 0.602176
13 5 5 0.000000
13 6 1 0.626270
13 6 2 0.649820
13 6 3 0.647020
13 6 4 0.599007
13 6 5 0.513620
14 1 1 0.671562
14 1 2 0.000000
14 1 3 0.692313
14 1 4 0.644300
14 1 5 0.000000
14 2 1 0.663504
14 2 2 0.687054
14 2 3 0.684254
14 2 4 0.636242
14 2 5 0.000000
14 3 1 0.662135
14 3 2 0.000000
14 3 3 0.682885
14 3 4 0.634872
14 3 5 0.549485
14 4 1 0.635039
14 4 2 0.658589
14 4 3 0.655789
14 4 4 0.000000
14 4 5 0.522389
14 5 1 0.000000
14 5 2 0.652989
14 5 3 0.650189
14 5 4 0.602176
14 5 5 0.000000
14 6 1 0.626270
14 6 2 0.649820
14 6 3 0.647020
14 6 4 0.599007
14 6 5 0.513620
15 1 1 0.671562
15 1 2 0.000000
15 1 3 0.692313
15 1 4 0.644300
15 1 5 0.000000
15 2 1 0.663504
15 2 2 0.687054
15 2 3 0.684254
15 2 4 0.636242
15 2 5 0.000000
15 3 1 0.662135
15 3 2 0.000000
15 3 3 0.682885
15 3 4 0.634872
15 3 5 0.549485
15 4 1 0.635039
15 4 2 0.658589
15 4 3 0.655789
15 4 4 0.000000
15 4 5 0.522389
15 5 1 0.000000
15 5 2 0.652989
15 5 3 0.650189
15 5 4 0.602176
15 5 5 0.000000
15 6 1 0.626270
15 6 2 0.649820
15 6 3 0.647020
15 6 4 0.599007
15 6 5 0.513620
16 1 1 0.671562
16 1 2 0.000000
16 1 3 0.692313
16 1 4 0.644300
16 1 5 0.000000
16 2 1 0.663504
16 2 2 0.687054
16 2 3 0.684254
16 2 4 0.636242
16 2 5 0.000000
16 3 1 0.662135
16 3 2 0.000000
16 3 3 0.682885
16 3 4 0.634872
16 3 5 0.549485
16 4 1 0.635039
16 4 2 0.658589
16 4 3 0.655789
16 4 4 0.000000
16 4 5 0.522389
16 5 1 0.000000
16 5 2 0.652989
16 5 3 0.650189
16 5 4 0.602176
16 5 5 0.000000
16 6 1 0.626270
16 6 2 0.649820
16 6 3 0.647020
16 6 4 0.599007
16 6 5 0.513620
17 1 1 0.671562
17 1 2 0.000000
17 1 3 0.692313
17 1 4 0.644300
17 1 5 0.000000
17 2 1 0.663504
17 2 2 0.687054
17 2 3 0.684254
17 2 4 0.636242
17 2 5 0.000000
17 3 1 0.662135
17 3 2 0.000000
17 3 3 0.682885
17 3 4 0.634872
17 3 5 0.549485
17 4 1 0.635039
17 4 2 0.658589
17 4 3 0.655789
17 4 4 0.000000
17 4 5 0.522389
17 5 1 0.000000
17 5 2 0.652989
17 5 3 0.650189
17 5 4 0.602176
17 5 5 0.000000
17 6 1 0.626270
17 6 2 0.649820
17 6 3 0.647020
17 6 4 0.599007
17 6 5 0.513620
18 1 1 0.671562
18 1 2 0.000000
18 1 3 0.692313
18 1 4 0.644300
18 1 5 0.000000
18 2 1 0.663504
18 2 2 0.687054
18 2 3 0.684254
18 2 4 0.636242
18 2 5 0.000000
18 3 1 0.662135
18 3 2 0.000000
18 3 3 0.682885
18 3 4 0.634872
18 3 5 0.549485
18 4 1 0.635039
18 4 2 0.658589
18 4 3 0.655789
18 4 4 0.000000
18 4 5 0.522389
18 5 1 0.000000
18 5 2 0.652989
18 5 3 0.650189
18 5 4 0.602176
18 5 5 0.000000
18 6 1 0.626270
18 6 2 0.649820
18 6 3 0.647020
18 6 4 0.599007
18 6 5 0.513620
19 1 1 0.671562
19 1 2 0.000000
19 1 3 0.692313
19 1 4 0.644300
19 1 5 0.000000
19 2 1 0.663504
19 2 2 0.687054
19 2 3 0.684254
19 2 4 0.636242
19 2 5 0.000000
19 3 1 0.662135
19 3 2 0.000000
19 3 3 0.682885
19 3 4 0.634872
19 3 5 0.549485
19 4 1 0.635039
19 4 2 0.658589
19 4 3 0.655789
19 4 4 0.000000
19 4 5 0.522389
19 5 1 0.000000
19 5 2 0.652989
19 5 3 0.650189
19 5 4 0.602176
19 5 5 0.000000
19 6 1 0.626270
19 6 2 0.649820
19 6 3 0.647020
19 6 4 0.599007
19 6 5 0.513620
20 1 1 0.671562
20 1 2 0.000000
20 1 3 0.692313
20 1 4 0.644300
20 1 5 0.000000
20 2 1 0.663504
20 2 2 0.687054
20 2 3 0.684254
20 2 4 0.636242
20 2 5 0.000000
20 3 1 0.662135
20 3 2 0.000000
20 3 3 0.682885
20 3 4 0.634872
20 3 5 0.549485
20 4 1 0.635039
20 4 2 0.658589
20 4 3 0.655789
20 4 4 0.000000
20 4 5 0.522389
20 5 1 0.000000
20 5 2 0.652989
20 5 3 0.650189
20 5 4 0.602176
20 5 5 0.000000
20 6 1 0.626270
20 6 2 0.649820
20 6 3 0.647020
20 6 4 0.599007
20 6 5 0.513620
21 1 1 0.671562
21 1 2 0.000000
21 1 3 0.692313
21 1 4 0.644300
21 1 5 0.000000
21 2 1 0.663504
21 2 2 0.687054
21 2 3 0.684254
21 2 4 0.636242
21 2 5 0.000000
21 3 1 0.662135
21 3 2 0.000000
21 3 3 0.682885
21 3 4 0.634872
21 3 5 0.549485
21 4 1 0.635039
21 4 2 0.658589
21 4 3 0.655789
21 4 4 0.000000
21 4 5 0.522389
21 5 1 0.000000
21 5 2 0.652989
21 5 3 0.650189
21 5 4 0.602176
21 5 5 0.000000
21 6 1 0.626270
21 6 2 0.649820
21 6 3 0.647020
21 6 4 0.599007
21 6 5 0.513620
22 1 1 0.671562
22 1 2 0.000000
22 1 3 0.692313
22 1 4 0.644300
22 1 5 0.000000
22 2 1 0.663504
22 2 2 0.687054
22 2 3 0.684254
22 2 4 0.636242
22 2 5 0.000000
22 3 1 0.662135
22 3 2 0.000000
22 3 3 0.682885
22 3 4 0.634872
22 3 5 0.549485
22 4 1 0.635039
22 4 2 0.658589
22 4 3 0.655789
22 4 4 0.000000
22 4 5 0.522389
22 5 1 0.000000
22 5 2 0.652989
22 5 3 0.650189
22 5 4 0.602176
22 5 5 0.000000
22 6 1 0.626270
22 6 2 0.649820
22 6 3 0.647020
22 6 4 0.599007
22 6 5 0.513620
23 1 1 0.671562
23 1 2 0.000000
23 1 3 0.692313
23 1 4 0.644300
23 1 5 0.000000
23 2 1 0.663504
23 2 2 0.687054
23 2 3 0.684254
23 2 4 0.636242
23 2 5 0.000000
23 3 1 0.662135
23 3 2 0.000000
23 3 3 0.682885
23 3 4 0.634872
23 3 5 0.549485
23 4 1 0.635039
23 4 2 0.658589
23 4 3 0.655789
23 4 4 0.000000
23 4 5 0.522389
23 5 1 0.000000
23 5 2 0.652989
23 5 3 0.650189
23 5 4 0.602176
23 5 5 0.000000
23 6 1 0.626270
23 6 2 0.649820
23 6 3 0.647020
23 6 4 0.599007
23 6 5 0.513620
24 1 1 0.671562
24 1 2 0.000000
24 1 3 0.692313
24 1 4 0.644300
24 1 5 0.000000
24 2 1 0.663504
24 2 2 0.687054
24 2 3 0.684254
24 2 4 0.636242
24 2 5 0.000000
24 3 1 0.662135
24 3 2 0.000000
24 3 3 0.682885
24 3 4 0.634872
24 3 5 0.549485
24 4 1 0.635039
24 4 2 0.658589
24 4 3 0.655789
24 4 4 0.000000
24 4 5 0.522389
24 5 1 0.000000
24 5 2 0.652989
24 5 3 0.650189
24 5 4 0.602176
24 5 5 0.000000
24 6 1 0.626270
24 6 2 0.649820
24 6 3 0.647020
24 6 4 0.599007
24 6 5 0.513620
25 1 1 0.671562
25 1 2 0.000000
25 1 3 0.692313
25 1 4 0.644300
25 1 5 0.000000
25 2 1 0.663504
25 2 2 0.687054
25 2 3 0.684254
25 2 4 0.636242
25 2 5 0.000000
25 3 1 0.662135
25 3 2 0.000000
25 3 3 0.682885
25 3 4 0.634872
25 3 5 0.549485
25 4 1 0.635039
25 4 2 0.658589
25 4 3 0.655789
25 4 4 0.000000
25 4 5 0.522389
25 5 1 0.000000
25 5 2 0.652989
25 5 3 0.650189
25 5 4 0.602176
25 5 5 0.000000
25 6 1 0.626270
25 6 2 0.649820
25 6 3 0.647020
25 6 4 0.599007
25 6 5 0.513620
26 1 1 0.671562
26 1 2 0.000000
26 1 3 0.692313
26 1 4 0.644300
26 1 5 0.000000
26 2 1 0.663504
26 2 2 0.687054
26 2 3 0.684254
26 2 4 0.636242
26 2 5 0.000000
26 3 1 0.662135
26 3 2 0.000000
26 3 3 0.682885
26 3 4 0.634872
26 3 5 0.549485
26 4 1 0.635039
26 4 2 0.658589
26 4 3 0.655789
26 4 4 0.000000
26 4 5 0.522389
26 5 1 0.000000
26 5 2 0.652989
26 5 3 0.650189
26 5 4 0.602176
26 5 5 0.000000
26 6 1 0.626270
26 6 2 0.649820
26 6 3 0.647020
26 6 4 0.599007
26 6 5 0.513620
27 1 1 0.671562
27 1 2 0.000000
27 1 3 0.692313
27 1 4 0.644300
27 1 5 0.000000
27 2 1 0.663504
27 2 2 0.687054
27 2 3 0.684254
27 2 4 0.636242
27 2 5 0.000000
27 3 1 0.662135
27 3 2 0.000000
27 3 3 0.682885
27 3 4 0.634872
27 3 5 0.549485
27 4 1 0.635039
27 4 2 0.658589
27 4 3 0.655789
27 4 4 0.000000
27 4 5 0.522389
27 5 1 0.000000
27 5 2 0.652989
27 5 3 0.650189
27 5 4 0.602176
27 5 5 0.000000
27 6 1 0.626270
27 6 2 0.649820
27 6 3 0.647020
27 6 4 0.599007
27 6 5 0.513620
28 1 1 0.671562
28 1 2 0.000000
28 1 3 0.692313
28 1 4 0.644300
28 1 5 0.000000
28 2 1 0.663504
28 2 2 0.687054
28 2 3 0.684254
28 2 4 0.636242
28 2 5 0.000000
28 3 1 0.662135
28 3 2 0.000000
28 3 3 0.682885
28 3 4 0.634872
28 3 5 0.549485
28 4 1 0.635039
28 4 2 0.658589
28 4 3 0.655789
28 4 4 0.000000
28 4 5 0.522389
28 5 1 0.000000
28 5 2 0.652989
28 5 3 0.650189
28 5 4 0.602176
28 5 5 0.000000
28 6 1 0.626270
28 6 2 0.649820
28 6 3 0.647020
28 6 4 0.599007
28 6 5 0.513620
29 1 1 0.671562
29 1 2 0.000000
29 1 3 0.692313
29 1 4 0.644300
29 1 5 0.000000
29 2 1 0.663504
29 2 2 0.687054
29 2 3 0.684254
29 2 4 0.636242
29 2 5 0.000000
29 3 1 0.662135
29 3 2 0.000000
29 3 3 0.682885
29 3 4 0.634872
29 3 5 0.549485
29 4 1 0.635039
29 4 2 0.658589
29 4 3 0.655789
29 4 4 0.000000
29 4 5 0.522389
29 5 1 0.000000
29 5 2 0.652989
29 5 3 0.650189
29 5 4 0.602176
29 5 5 0.000000
29 6 1 0.626270
29 6 2 0.649820
29 6 3 0.647020
29 6 4 0.599007
29 6 5 0.513620
30 1 1 0.671562
30 1 2 0.000000
30 1 3 0.692313
30 1 4 0.644300
30 1 5 0.000000
30 2 1 0.663504
30 2 2 0.687054
30 2 3 0.684254
30 2 4 0.636242
30 2 5 0.000000
30 3 1 0.662135
30 3 2 0.000000
30 3 3 0.682885
30 3 4 0.634872
30 3 5 0.549485
30 4 1 0.635039
30 4 2 0.658589
30 4 3 0.655789
30 4 4 0.000000
30 4 5 0.522389
30 5 1 0.000000
30 5 2 0.652989
30 5 3 0.650189
30 5 4 0.602176
30 5 5 0.000000
30 6 1 0.626270
30 6 2 0.649820
30 6 3 0.647020
30 6 4 0.599007
30 6 5 0.513620
31 1 1 0.671562
31 1 2 0.000000
31 1 3 0.692313
31 1 4 0.644300
31 1 5 0.000000
31 2 1 0.663504
31 2 2 0.687054
31 2 3 0.684254
31 2 4 0.636242
31 2 5 0.000000
31 3 1 0.662135
31 3 2 0.000000
31 3 3 0.682885
31 3 4 0.634872
31 3 5 0.549485
31 4 1 0.635039
31 4 2 0.658589
31 4 3 0.655789
31 4 4 0.000000
31 4 5 0.522389
31 5 1 0.000000
31 5 2 0.652989
31 5 3 0.650189
31 5 4 0.602176
31 5 5 0.000000
31 6 1 0.626270
31 6 2 0.649820
31 6 3 0.647020
31 6 4 0.599007
31 6 5 0.513620
32 1 1 0.671562
32 1 2 0.000000
32 1 3 0.692313
32 1 4 0.644300
32 1 5 0.000000
32 2 1 0.663504
32 2 2 0.687054
32 2 3 0.684254
32 2 4 0.636242
32 2 5 0.000000
32 3 1 0.662135
32 3 2 0.000000
32 3 3 0.682885
32 3 4 0.634872
32 3 5 0.549485
32 4 1 0.635039
32 4 2 0.658589
32 4 3 0.655789
32 4 4 0.000000
32 4 5 0.522389
32 5 1 0.000000
32 5 2 0.652989
32 5 3 0.650189
32 5 4 0.602176
32 5 5 0.000000
32 6 1 0.626270
32 6 2 0.649820
32 6 3 0.647020
32 6 4 0.599007
32 6 5 0.513620
33 1 1 0.671562
33 1 2 0.000000
33 1 3 0.692313
33 1 4 0.644300
33 1 5 0.000000
33 2 1 0.663504
33 2 2 0.687054
33 2 3 0.684254
33 2 4 0.636242
33 2 5 0.000000
33 3 1 0.662135
33 3 2 0.000000
33 3 3 0.682885
33 3 4 0.634872
33 3 5 0.549485
33 4 1 0.635039
33 4 2 0.658589
33 4 3 0.655789
33 4 4 0.000000
33 4 5 0.522389
33 5 1 0.000000
33 5 2 0.652989
33 5 3 0.650189
33 5 4 0.602176
33 5 5 0.000000
33 6 1 0.626270
33 6 2 0.649820
33 6 3 0.647020
33 6 4 0.599007
33 6 5 0.513620
34 1 1 0.671562
34 1 2 0.000000
34 1 3 0.692313
34 1 4 0.644300
34 1 5 0.000000
34 2 1 0.663504
34 2 2 0.687054
34 2 3 0.684254
34 2 4 0.636242
34 2 5 0.000000
34 3 1 0.662135
34 3 2 0.000000
34 3 3 0.682885
34 3 4 0.634872
34 3 5 0.549485
34 4 1 0.635039
34 4 2 0.658589
34 4 3 0.655789
34 4 4 0.000000
34 4 5 0.522389
34 5 1 0.000000
34 5 2 0.652989
34 5 3 0.650189
34 5 4 0.602176
34 5 5 0.000000
34 6 1 0.626270
34 6 2 0.649820
34 6 3 0.647020
34 6 4 0.599007
34 6 5 0.513620
35 1 1 0.671562
35 1 2 0.000000
35 1 3 0.692313
35 1 4 0.644300
35 1 5 0.000000
35 2 1 0.663504
35 2 2 0.687054
35 2 3 0.684254
35 2 4 0.636242
35 2 5 0.000000
35 3 1 0.662135
35 3 2 0.000000
35 3 3 0.682885
35 3 4 0.634872
35 3 5 0.549485
35 4 1 0.635039
35 4 2 0.658589
35 4 3 0.655789
35 4 4 0.000000
35 4 5 0.522389
35 5 1 0.000000
35 5 2 0.652989
35 5 3 0.650189
35 5 4 0.602176
35 5 5 0.000000
35 6 1 0.626270
35 6 2 0.649820
35 6 3 0.647020
35 6 4 0.599007
35 6 5 0.513620
36 1 1 0.671562
36 1 2 0.000000
36 1 3 0.692313
36 1 4 0.644300
36 1 5 0.000000
36 2 1 0.663504
36 2 2 0.687054
36 2 3 0.684254
36 2 4 0.636242
36 2 5 0.000000
36 3 1 0.662135
36 3 2 0.000000
36 3 3 0.682885
36 3 4 0.634872
36 3 5 0.549485
36 4 1 0.635039
36 4 2 0.658589
36 4 3 0.655789
36 4 4 0.000000
36 4 5 0.522389
36 5 1 0.000000
36 5 2 0.652989
36 5 3 0.650189
36 5 4 0.602176
36 5 5 0.000000
36 6 1 0.626270
36 6 2 0.649820
36 6 3 0.647020
36 6 4 0.599007
36 6 5 0.513620
37 1 1 0.671562
37 1 2 0.000000
37 1 3 0.692313
37 1 4 0.644300
37 1 5 0.000000
37 2 1 0.663504
37 2 2 0.687054
37 2 3 0.684254
37 2 4 0.636242
37 2 5 0.000000
37 3 1 0.662135
37 3 2 0.000000
37 3 3 0.682885
37 3 4 0.634872
37 3 5 0.549485
37 4 1 0.635039
37 4 2 0.658589
37 4 3 0.655789
37 4 4 0.000000
37 4 5 0.522389
37 5 1 0.000000
37 5 2 0.652989
37 5 3 0.650189
37 5 4 0.602176
37 5 5 0.000000
37 6 1 0.626270
37 6 2 0.649820
37 6 3 0.647020
37 6 4 0.599007
37 6 5 0.513620
38 1 1 0.671562
38 1 2 0.000000
38 1 3 0.692313
38 1 4 0.644300
38 1 5 0.000000
38 2 1 0.663504
38 2 2 0.687054
38 2 3 0.684254
38 2 4 0.636242
38 2 5 0.000000
38 3 1 0.662135
38 3 2 0.000000
38 3 3 0.682885
38 3 4 0.634872
38 3 5 0.549485
38 4 1 0.635039
38 4 2 0.658589
38 4 3 0.655789
38 4 4 0.000000
38 4 5 0.522389
38 5 1 0.000000
38 5 2 0.652989
38 5 3 0.650189
38 5 4 0.602176
38 5 5 0.000000
38 6 1 0.626270
38 6 2 0.649820
38 6 3 0.647020
38 6 4 0.599007
38 6 5 0.513620
39 1 1 0.671562
39 1 2 0.000000
39 1 3 0.692313
39 1 4 0.644300
39 1 5 0.000000
39 2 1 0.663504
39 2 2 0.687054
39 2 3 0.684254
39 2 4 0.636242
39 2 5 0.000000
39 3 1 0.662135
39 3 2 0.000000
39 3 3 0.682885
39 3 4 0.634872
39 3 5 0.549485
39 4 1 0.635039
39 4 2 0.658589
39 4 3 0.655789
39 4 4 0.000000
39 4 5 0.522389
39 5 1 0.000000
39 5 2 0.652989
39 5 3 0.650189
39 5 4 0.602176
39 5 5 0.000000
39 6 1 0.626270
39 6 2 0.649820
39 6 3 0.647020
39 6 4 0.599007
39 6 5 0.513620
40 1 1 0.671562
40 1 2 0.000000
40 1 3 0.692313
40 1 4 0.644300
40 1 5 0.000000
40 2 1 0.663504
40 2 2 0.687054
40 2 3 0.684254
40 2 4 0.636242
40 2 5 0.000000
40 3 1 0.662135
40 3 2 0.000000
40 3 3 0.682885
40 3 4 0.634872
40 3 5 0.549485
40 4 1 0.635039
40 4 2 0.658589
40 4 3 0.655789
40 4 4 0.000000
40 4 5 0.522389
40 5 1 0.000000
40 5 2 0.652989
40 5 3 0.650189
40 5 4 0.602176
40 5 5 0.000000
40 6 1 0.626270
40 6 2 0.649820
40 6 3 0.647020
40 6 4 0.599007
40 6 5 0.513620
41 1 1 0.671562
41 1 2 0.000000
41 1 3 0.692313
41 1 4 0.644300
41 1 5 0.000000
41 2 1 0.663504
41 2 2 0.687054
41 2 3 0.684254
41 2 4 0.636242
41 2 5 0.000000
41 3 1 0.662135
41 3 2 0.000000
41 3 3 0.682885
41 3 4 0.634872
41 3 5 0.549485
41 4 1 0.635039
41 4 2 0.658589
41 4 3 0.655789
41 4 4 0.000000
41 4 5 0.522389
41 5 1 0.000000
41 5 2 0.652989
41 5 3 0.650189
41 5 4 0.602176
41 5 5 0.000000
41 6 1 0.626270
41 6 2 0.649820
41 6 3 0.647020
41 6 4 0.599007
41 6 5 0.513620
42 1 1 0.671562
42 1 2 0.000000
42 1 3 0.692313
42 1 4 0.644300
42 1 5 0.000000
42 2 1 0.663504
42 2 2 0.687054
42 2 3 0.684254
42 2 4 0.636242
42 2 5 0.000000
42 3 1 0.662135
42 3 2 0.000000
42 3 3 0.682885
42 3 4 0.634872
42 3 5 0.549485
42 4 1 0.635039
42 4 2 0.658589
42 4 3 0.655789
42 4 4 0.000000
42 4 5 0.522389
42 5 1 0.000000
42 5 2 0.652989
42 5 3 0.650189
42 5 4 0.602176
42 5 5 0.000000
42 6 1 0.626270
42 6 2 0.649820
42 6 3 0.647020
42 6 4 0.599007
42 6 5 0.513620
43 1 1 0.671562
43 1 2 0.000000
43 1 3 0.692313
43 1 4 0.644300
43 1 5 0.000000
43 2 1 0.663504
43 2 2 0.687054
43 2 3 0.684254
43 2 4 0.636242
43 2 5 0.000000
43 3 1 0.662135
43 3 2 0.000000
43 3 3 0.682885
43 3 4 0.634872
43 3 5 0.549485
43 4 1 0.635039
43 4 2 0.658589
43 4 3 0.655789
43 4 4 0.000000
43 4 5 0.522389
43 5 1 0.000000
43 5 2 0.652989
43 5 3 0.650189
43 5 4 0.602176
43 5 5 0.000000
43 6 1 0.626270
43 6 2 0.649820
43 6 3 0.647020
43 6 4 0.599007
43 6 5 0.513620
44 1 1 0.671562
44 1 2 0.000000
44 1 3 0.692313
44 1 4 0.644300
44 1 5 0.000000
44 2 1 0.663504
44 2 2 0.687054
44 2 3 0.684254
44 2 4 0.636242
44 2 5 0.000000
44 3 1 0.662135
44 3 2 0.000000
44 3 3 0.682885
44 3 4 0.634872
44 3 5 0.549485
44 4 1 0.635039
44 4 2 0.658589
44 4 3 0.655789
44 4 4 0.000000
44 4 5 0.522389
44 5 1 0.000000
44 5 2 0.652989
44 5 3 0.650189
44 5 4 0.602176
44 5 5 0.000000
44 6 1 0.626270
44 6 2 0.649820
44 6 3 0.647020
44 6 4 0.599007
44 6 5 0.513620
45 1 1 0.671562
45 1 2 0.000000
45 1 3 0.692313
45 1 4 0.644300
45 1 5 0.000000
45 2 1 0.663504
45 2 2 0.687054
45 2 3 0.684254
45 2 4 0.636242
45 2 5 0.000000
45 3 1 0.662135
45 3 2 0.000000
45 3 3 0.682885
45 3 4 0.634872
45 3 5 0.549485
45 4 1 0.635039
45 4 2 0.658589
45 4 3 0.655789
45 4 4 0.000000
45 4 5 0.522389
45 5 1 0.000000
45 5 2 0.652989
45 5 3 0.650189
45 5 4 0.602176
45 5 5 0.000000
45 6 1 0.626270
45 6 2 0.649820
45 6 3 0.647020
45 6 4 0.599007
45 6 5 0.513620
46 1 1 0.671562
46 1 2 0.000000
46 1 3 0.692313
46 1 4 0.644300
46 1 5 0.000000
46 2 1 0.663504
46 2 2 0.687054
46 2 3 0.684254
46 2 4 0.636242
46 2 5 0.000000
46 3 1 0.662135
46 3 2 0.000000
46 3 3 0.682885
46 3 4 0.634872
46 3 5 0.549485
46 4 1 0.635039
46 4 2 0.658589
46 4 3 0.655789
46 4 4 0.000000
46 4 5 0.522389
46 5 1 0.000000
46 5 2 0.652989
46 5 3 0.650189
46 5 4 0.602176
46 5 5 0.000000
46 6 1 0.626270
46 6 2 0.649820
46 6 3 0.647020
46 6 4 0.599007
46 6 5 0.513620
47 1 1 0.671562
47 1 2 0.000000
47 1 3 0.692313
47 1 4 0.644300
47 1 5 0.000000
47 2 1 0.663504
47 2 2 0.687054
47 2 3 0.684254
47 2 4 0.636242
47 2 5 0.000000
47 3 1 0.662135
47 3 2 0.000000
47 3 3 0.682885
47 3 4 0.634872
47 3 5 0.549485
47 4 1 0.635039
47 4 2 0.658589
47 4 3 0.655789
47 4 4 0.000000
47 4 5 0.522389
47 5 1 0.000000
47 5 2 0.652989
47 5 3 0.650189
47 5 4 0.602176
47 5 5 0.000000
47 6 1 0.626270
47 6 2 0.649820
47 6 3 0.647020
47 6 4 0.599007
47 6 5 0.513620
48 1 1 0.671562
48 1 2 0.000000
48 1 3 0.692313
48 1 4 0.644300
48 1 5 0.000000
48 2 1 0.663504
48 2 2 0.687054
48 2 3 0.684254
48 2 4 0.636242
48 2 5 0.000000
48 3 1 0.662135
48 3 2 0.000000
48 3 3 0.682885
48 3 4 0.634872
48 3 5 0.549485
48 4 1 0.635039
48 4 2 0.658589
48 4 3 0.655789
48 4 4 0.000000
48 4 5 0.522389
48 5 1 0.000000
48 5 2 0.652989
48 5 3 0.650189
48 5 4 0.602176
48 5 5 0.000000
48 6 1 0.626270
48 6 2 0.649820
48 6 3 0.647020
48 6 4 0.599007
48 6 5 0.513620
49 1 1 0.671562
49 1 2 0.000000
49 1 3 0.692313
49 1 4 0.644300
49 1 5 0.000000
49 2 1 0.663504
49 2 2 0.687054
49 2 3 0.684254
49 2 4 0.636242
49 2 5 0.000000
49 3 1 0.662135
49 3 2 0.000000
49 3 3 0.682885
49 3 4 0.634872
49 3 5 0.549485
49 4 1 0.635039
49 4 2 0.658589
49 4 3 0.655789
49 4 4 0.000000
49 4 5 0.522389
49 5 1 0.000000
49 5 2 0.652989
49 5 3 0.650189
49 5 4 0.602176
49 5 5 0.000000
49 6 1 0.626270
49 6 2 0.649820
49 6 3 0.647020
49 6 4 0.599007
49 6 5 0.513620
50 1 1 0.671562
50 1 2 0.000000
50 1 3 0.692313
50 1 4 0.644300
50 1 5 0.000000
50 2 1 0.663504
50 2 2 0.687054
50 2 3 0.684254
50 2 4 0.636242
50 2 5 0.000000
50 3 1 0.662135
50 3 2 0.000000
50 3 3 0.682885
50 3 4 0.634872
50 3 5 0.549485
50 4 1 0.635039
50 4 2 0.658589
50 4 3 0.655789
50 4 4 0.000000
50 4 5 0.522389
50 5 1 0.000000
50 5 2 0.652989
50 5 3 0.650189
50 5 4 0.602176
50 5 5 0.000000
50 6 1 0.626270
50 6 2 0.649820
50 6 3 0.647020
50 6 4 0.599007
50 6 5 0.513620
51 1 1 0.671562
51 1 2 0.000000
51 1 3 0.692313
51 1 4 0.644300
51 1 5 0.000000
51 2 1 0.663504
51 2 2 0.687054
51 2 3 0.684254
51 2 4 0.636242
51 2 5 0.000000
51 3 1 0.662135
51 3 2 0.000000
51 3 3 0.682885
51 3 4 0.634872
51 3 5 0.549485
51 4 1 0.635039
51 4 2 0.658589
51 4 3 0.655789
51 4 4 0.000000
51 4 5 0.522389
51 5 1 0.000000
51 5 2 0.652989
51 5 3 0.650189
51 5 4 0.602176
51 5 5 0.000000
51 6 1 0.626270
51 6 2 0.649820
51 6 3 0.647020
51 6 4 0.599007
51 6 5 0.513620
52 1 1 0.671562
52 1 2 0.000000
52 1 3 0.692313
52 1 4 0.644300
52 1 5 0.000000
52 2 1 0.663504
52 2 2 0.687054
52 2 3 0.684254
52 2 4 0.636242
52 2 5 0.000000
52 3 1 0.662135
52 3 2 0.000000
52 3 3 0.682885
52 3 4 0.634872
52 3 5 0.549485
52 4 1 0.635039
52 4 2 0.658589
52 4 3 0.655789
52 4 4 0.000000
52 4 5 0.522389
52 5 1 0.000000
52 5 2 0.652989
52 5 3 0.650189
52 5 4 0.602176
52 5 5 0.000000
52 6 1 0.626270
52 6 2 0.649820
52 6 3 0.647020
52 6 4 0.599007
52 6 5 0.513620
53 1 1 0.671562
53 1 2 0.000000
53 1 3 0.692313
53 1 4 0.644300
53 1 5 0.000000
53 2 1 0.663504
53 2 2 0.687054
53 2 3 0.684254
53 2 4 0.636242
53 2 5 0.000000
53 3 1 0.662135
53 3 2 0.000000
53 3 3 0.682885
53 3 4 0.634872
53 3 5 0.549485
53 4 1 0.635039
53 4 2 0.658589
53 4 3 0.655789
53 4 4 0.000000
53 4 5 0.522389
53 5 1 0.000000
53 5 2 0.652989
53 5 3 0.650189
53 5 4 0.602176
53 5 5 0.000000
53 6 1 0.626270
53 6 2 0.649820
53 6 3 0.647020
53 6 4 0.599007
53 6 5 0.513620
54 1 1 0.671562
54 1 2 0.000000
54 1 3 0.692313
54 1 4 0.644300
54 1 5 0.000000
54 2 1 0.663504
54 2 2 0.687054
54 2 3 0.684254
54 2 4 0.636242
54 2 5 0.000000
54 3 1 0.662135
54 3 2 0.000000
54 3 3 0.682885
54 3 4 0.634872
54 3 5 0.549485
54 4 1 0.635039
54 4 2 0.658589
54 4 3 0.655789
54 4 4 0.000000
54 4 5 0.522389
54 5 1 0.000000
54 5 2 0.652989
54 5 3 0.650189
54 5 4 0.602176
54 5 5 0.000000
54 6 1 0.626270
54 6 2 0.649820
54 6 3 0.647020
54 6 4 0.599007
54 6 5 0.513620
55 1 1 0.671562
55 1 2 0.000000
55 1 3 0.692313
55 1 4 0.644300
55 1 5 0.000000
55 2 1 0.663504
55 2 2 0.687054
55 2 3 0.684254
55 2 4 0.636242
55 2 5 0.000000
55 3 1 0.662135
55 3 2 0.000000
55 3 3 0.682885
55 3 4 0.634872
55 3 5 0.549485
55 4 1 0.635039
55 4 2 0.658589
55 4 3 0.655789
55 4 4 0.000000
55 4 5 0.522389
55 5 1 0.000000
55 5 2 0.652989
55 5 3 0.650189
55 5 4 0.602176
55 5 5 0.000000
55 6 1 0.626270
55 6 2 0.649820
55 6 3 0.647020
55 6 4 0.599007
55 6 5 0.513620
56 1 1 0.671562
56 1 2 0.000000
56 1 3 0.692313
56 1 4 0.644300
56 1 5 0.000000
56 2 1 0.663504
56 2 2 0.687054
56 2 3 0.684254
56 2 4 0.636242
56 2 5 0.000000
56 3 1 0.662135
56 3 2 0.000000
56 3 3 0.682885
56 3 4 0.634872
56 3 5 0.549485
56 4 1 0.635039
56 4 2 0.658589
56 4 3 0.655789
56 4 4 0.000000
56 4 5 0.522389
56 5 1 0.000000
56 5 2 0.652989
56 5 3 0.650189
56 5 4 0.602176
56 5 5 0.000000
56 6 1 0.626270
56 6 2 0.649820
56 6 3 0.647020
56 6 4 0.599007
56 6 5 0.513620
57 1 1 0.671562
57 1 2 0.000000
57 1 3 0.692313
57 1 4 0.644300
57 1 5 0.000000
57 2 1 0.663504
57 2 2 0.687054
57 2 3 0.684254
57 2 4 0.636242
57 2 5 0.000000
57 3 1 0.662135
57 3 2 0.000000
57 3 3 0.682885
57 3 4 0.634872
57 3 5 0.549485
57 4 1 0.635039
57 4 2 0.658589
57 4 3 0.655789
57 4 4 0.000000
57 4 5 0.522389
57 5 1 0.000000
57 5 2 0.652989
57 5 3 0.650189
57 5 4 0.602176
57 5 5 0.000000
57 6 1 0.626270
57 6 2 0.649820
57 6 3 0.647020
57 6 4 0.599007
57 6 5 0.513620
58 1 1 0.671562
58 1 2 0.000000
58 1 3 0.692313
58 1 4 0.644300
58 1 5 0.000000
58 2 1 0.663504
58 2 2 0.687054
58 2 3 0.684254
58 2 4 0.636242
58 2 5 0.000000
58 3 1 0.662135
58 3 2 0.000000
58 3 3 0.682885
58 3 4 0.634872
58 3 5 0.549485
58 4 1 0.635039
58 4 2 0.658589
58 4 3 0.655789
58 4 4 0.000000
58 4 5 0.522389
58 5 1 0.000000
58 5 2 0.652989
58 5 3 0.650189
58 5 4 0.602176
58 5 5 0.000000
58 6 1 0.626270
58 6 2 0.649820
58 6 3 0.647020
58 6 4 0.599007
58 6 5 0.513620
59 1 1 0.671562
59 1 2 0.000000
59 1 3 0.692313
59 1 4 0.644300
59 1 5 0.000000
59 2 1 0.663504
59 2 2 0.687054
59 2 3 0.684254
59 2 4 0.636242
59 2 5 0.000000
59 3 1 0.662135
59 3 2 0.000000
59 3 3 0.682885
59 3 4 0.634872
59 3 5 0.549485
59 4 1 0.635039
59 4 2 0.658589
59 4 3 0.655789
59 4 4 0.000000
59 4 5 0.522389
59 5 1 0.000000
59 5 2 0.652989
59 5 3 0.650189
59 5 4 0.602176
59 5 5 0.000000
59 6 1 0.626270
59 6 2 0.649820
59 6 3 0.647020
59 6 4 0.599007
59 6 5 0.513620
60 1 1 0.671562
60 1 2 0.000000
60 1 3 0.692313
60 1 4 0.644300
60 1 5 0.000000
60 2 1 0.663504
60 2 2 0.687054
60 2 3 0.684254
60 2 4 0.636242
60 2 5 0.000000
60 3 1 0.662135
60 3 2 0.000000
60 3 3 0.682885
60 3 4 0.634872
60 3 5 0.549485
60 4 1 0.635039
60 4 2 0.658589
60 4 3 0.655789
60 4 4 0.000000
60 4 5 0.522389
60 5 1 0.000000
60 5 2 0.652989
60 5 3 0.650189
60 5 4 0.602176
60 5 5 0.000000
60 6 1 0.626270
60 6 2 0.649820
60 6 3 0.647020
60 6 4 0.599007
60 6 5 0.513620
61 1 1 0.671562
61 1 2 0.000000
61 1 3 0.692313
61 1 4 0.644300
61 1 5 0.000000
61 2 1 0.663504
61 2 2 0.687054
61 2 3 0.684254
61 2 4 0.636242
61 2 5 0.000000
61 3 1 0.662135
61 3 2 0.000000
61 3 3 0.682885
61 3 4 0.634872
61 3 5 0.549485
61 4 1 0.635039
61 4 2 0.658589
61 4 3 0.655789
61 4 4 0.000000
61 4 5 0.522389
61 5 1 0.000000
61 5 2 0.652989
61 5 3 0.650189
61 5 4 0.602176
61 5 5 0.000000
61 6 1 0.626270
61 6 2 0.649820
61 6 3 0.647020
61 6 4 0.599007
61 6 5 0.513620
62 1 1 0.671562
62 1 2 0.000000
62 1 3 0.692313
62 1 4 0.644300
62 1 5 0.000000
62 2 1 0.663504
62 2 2 0.687054
62 2 3 0.684254
62 2 4 0.636242
62 2 5 0.000000
62 3 1 0.662135
62 3 2 0.000000
62 3 3 0.682885
62 3 4 0.634872
62 3 5 0.549485
62 4 1 0.635039
62 4 2 0.658589
62 4 3 0.655789
62 4 4 0.000000
62 4 5 0.522389
62 5 1 0.000000
62 5 2 0.652989
62 5 3 0.650189
62 5 4 0.602176
62 5 5 0.000000
62 6 1 0.626270
62 6 2 0.649820
62 6 3 0.647020
62 6 4 0.599007
62 6 5 0.513620
63 1 1 0.671562
63 1 2 0.000000
63 1 3 0.692313
63 1 4 0.644300
63 1 5 0.000000
63 2 1 0.663504
63 2 2 0.687054
63 2 3 0.684254
63 2 4 0.636242
63 2 5 0.000000
63 3 1 0.662135
63 3 2 0.000000
63 3 3 0.682885
63 3 4 0.634872
63 3 5 0.549485
63 4 1 0.635039
63 4 2 0.658589
63 4 3 0.655789
63 4 4 0.000000
63 4 5 0.522389
63 5 1 0.000000
63 5 2 0.652989
63 5 3 0.650189
63 5 4 0.602176
63 5 5 0.000000
63 6 1 0.626270
63 6 2 0.649820
63 6 3 0.647020
63 6 4 0.599007
63 6 5 0.513620
64 1 1 0.671562
64 1 2 0.000000
64 1 3 0.692313
64 1 4 0.644300
64 1 5 0.000000
64 2 1 0.663504
64 2 2 0.687054
64 2 3 0.684254
64 2 4 0.636242
64 2 5 0.000000
64 3 1 0.662135
64 3 2 0.000000
64 3 3 0.682885
64 3 4 0.634872
64 3 5 0.549485
64 4 1 0.635039
64 4 2 0.658589
64 4 3 0.655789
64 4 4 0.000000
64 4 5 0.522389
64 5 1 0.000000
64 5 2 0.652989
64 5 3 0.650189
64 5 4 0.602176
64 5 5 0.000000
64 6 1 0.626270
64 6 2 0.649820
64 6 3 0.647020
64 6 4 0.599007
64 6 5 0.513620
65 1 1 0.671562
65 1 2 0.000000
65 1 3 0.692313
65 1 4 0.644300
65 1 5 0.000000
65 2 1 0.663504
65 2 2 0.687054
65 2 3 0.684254
65 2 4 0.636242
65 2 5 0.000000
65 3 1 0.662135
65 3 2 0.000000
65 3 3 0.682885
65 3 4 0.634872
65 3 5 0.549485
65 4 1 0.635039
65 4 2 0.658589
65 4 3 0.655789
65 4 4 0.000000
65 4 5 0.522389
65 5 1 0.000000
65 5 2 0.652989
65 5 3 0.650189
65 5 4 0.602176
65 5 5 0.000000
65 6 1 0.626270
65 6 2 0.649820
65 6 3 0.647020
65 6 4 0.599007
65 6 5 0.513620
66 1 1 0.671562
66 1 2 0.000000
66 1 3 0.692313
66 1 4 0.644300
66 1 5 0.000000
66 2 1 0.663504
66 2 2 0.687054
66 2 3 0.684254
66 2 4 0.636242
66 2 5 0.000000
66 3 1 0.662135
66 3 2 0.000000
66 3 3 0.682885
66 3 4 0.634872
66 3 5 0.549485
66 4 1 0.635039
66 4 2 0.658589
66 4 3 0.655789
66 4 4 0.000000
66 4 5 0.522389
66 5 1 0.000000
66 5 2 0.652989
66 5 3 0.650189
66 5 4 0.602176
66 5 5 0.000000
66 6 1 0.626270
66 6 2 0.649820
66 6 3 0.647020
66 6 4 0.599007
66 6 5 0.513620
67 1 1 0.671562
67 1 2 0.000000
67 1 3 0.692313
67 1 4 0.644300
67 1 5 0.000000
67 2 1 0.663504
67 2 2 0.687054
67 2 3 0.684254
67 2 4 0.636242
67 2 5 0.000000
67 3 1 0.662135
67 3 2 0.000000
67 3 3 0.682885
67 3 4 0.634872
67 3 5 0.549485
67 4 1 0.635039
67 4 2 0.658589
67 4 3 0.655789
67 4 4 0.000000
67 4 5 0.522389
67 5 1 0.000000
67 5 2 0.652989
67 5 3 0.650189
67 5 4 0.602176
67 5 5 0.000000
67 6 1 0.626270
67 6 2 0.649820
67 6 3 0.647020
67 6 4 0.599007
67 6 5 0.513620
68 1 1 0.671562
68 1 2 0.000000
68 1 3 0.692313
68 1 4 0.644300
68 1 5 0.000000
68 2 1 0.663504
68 2 2 0.687054
68 2 3 0.684254
68 2 4 0.636242
68 2 5 0.000000
68 3 1 0.662135
68 3 2 0.000000
68 3 3 0.682885
68 3 4 0.634872
68 3 5 0.549485
68 4 1 0.635039
68 4 2 0.658589
68 4 3 0.655789
68 4 4 0.000000
68 4 5 0.522389
68 5 1 0.000000
68 5 2 0.652989
68 5 3 0.650189
68 5 4 0.602176
68 5 5 0.000000
68 6 1 0.626270
68 6 2 0.649820
68 6 3 0.647020
68 6 4 0.599007
68 6 5 0.513620
69 1 1 0.671562
69 1 2 0.000000
69 1 3 0.692313
69 1 4 0.644300
69 1 5 0.000000
69 2 1 0.663504
69 2 2 0.687054
69 2 3 0.684254
69 2 4 0.636242
69 2 5 0.000000
69 3 1 0.662135
69 3 2 0.000000
69 3 3 0.682885
69 3 4 0.634872
69 3 5 0.549485
69 4 1 0.635039
69 4 2 0.658589
69 4 3 0.655789
69 4 4 0.000000
69 4 5 0.522389
69 5 1 0.000000
69 5 2 0.652989
69 5 3 0.650189
69 5 4 0.602176
69 5 5 0.000000
69 6 1 0.626270
69 6 2 0.649820
69 6 3 0.647020
69 6 4 0.599007
69 6 5 0.513620
70 1 1 0.671562
70 1 2 0.000000
70 1 3 0.692313
70 1 4 0.644300
70 1 5 0.000000
70 2 1 0.663504
70 2 2 0.687054
70 2 3 0.684254
70 2 4 0.636242
70 2 5 0.000000
70 3 1 0.662135
70 3 2 0.000000
70 3 3 0.682885
70 3 4 0.634872
70 3 5 0.549485
70 4 1 0.635039
70 4 2 0.658589
70 4 3 0.655789
70 4 4 0.000000
70 4 5 0.522389
70 5 1 0.000000
70 5 2 0.652989
70 5 3 0.650189
70 5 4 0.602176
70 5 5 0.000000
70 6 1 0.626270
70 6 2 0.649820
70 6 3 0.647020
70 6 4 0.599007
70 6 5 0.513620
