1 1 1 0.669253
1 1 2 0.695392
1 1 3 0.000000
1 1 4 0.000000
1 1 5 0.586445
1 2 1 0.000000
1 2 2 0.650434
1 2 3 0.636861
1 2 4 0.602509
1 2 5 0.541488
1 3 1 0.656168
1 3 2 0.000000
1 3 3 0.668733
1 3 4 0.634381
1 3 5 0.573360
1 4 1 0.641919
1 4 2 0.668057
1 4 3 0.000000
1 4 4 0.620132
1 4 5 0.559111
1 5 1 0.615384
1 5 2 0.641522
1 5 3 0.627949
1 5 4 0.593596
1 5 5 0.532576
2 1 1 0.669253
2 1 2 0.695392
2 1 3 0.000000
2 1 4 0.000000
2 1 5 0.586445
2 2 1 0.000000
2 2 2 0.650434
2 2 3 0.636861
2 2 4 0.602509
2 2 5 0.541488
2 3 1 0.656168
2 3 2 0.000000
2 3 3 0.668733
2 3 4 0.634381
2 3 5 0.573360
2 4 1 0.641919
2 4 2 0.668057
2 4 3 0.000000
2 4 4 0.620132
2 4 5 0.559111
2 5 1 0.615384
2 5 2 0.641522
2 5 3 0.627949
2 5 4 0.593596
2 5 5 0.532576
3 1 1 0.669253
3 1 2 0.695392
3 1 3 0.000000
3 1 4 0.000000
3 1 5 0.586445
3 2 1 0.000000
3 2 2 0.650434
3 2 3 0.636861
3 2 4 0.602509
3 2 5 0.541488
3 3 1 0.656168
3 3 2 0.000000
3 3 3 0.668733
3 3 4 0.634381
3 3 5 0.573360
3 4 1 0.641919
3 4 2 0.668057
3 4 3 0.000000
3 4 4 0.620132
3 4 5 0.559111
3 5 1 0.615384
3 5 2 0.641522
3 5 3 0.627949
3 5 4 0.593596
3 5 5 0.532576
4 1 1 0.669253
4 1 2 0.695392
4 1 3 0.000000
4 1 4 0.000000
4 1 5 0.586445
4 2 1 0.000000
4 2 2 0.650434
4 2 3 0.636861
4 2 4 0.602509
4 2 5 0.541488
4 3 1 0.656168
4 3 2 0.000000
4 3 3 0.668733
4 3 4 0.634381
4 3 5 0.573360
4 4 1 0.641919
4 4 2 0.668057
4 4 3 0.000000
4 4 4 0.620132
4 4 5 0.559111
4 5 1 0.615384
4 5 2 0.641522
4 5 3 0.627949
4 5 4 0.593596
4 5 5 0.532576
5 1 1 0.669253
5 1 2 0.695392
5 1 3 0.000000
5 1 4 0.000000
5 1 5 0.586445
5 2 1 0.000000
5 2 2 0.650434
5 2 3 0.636861
5 2 4 0.602509
5 2 5 0.541488
5 3 1 0.656168
5 3 2 0.000000
5 3 3 0.668733
5 3 4 0.634381
5 3 5 0.573360
5 4 1 0.641919
5 4 2 0.668057
5 4 3 0.000000
5 4 4 0.620132
5 4 5 0.559111
5 5 1 0.615384
5 5 2 0.641522
5 5 3 0.627949
5 5 4 0.593596
5 5 5 0.532576
6 1 1 0.669253
6 1 2 0.695392
6 1 3 0.000000
6 1 4 0.000000
6 1 5 0.586445
6 2 1 0.000000
6 2 2 0.650434
6 2 3 0.636861
6 2 4 0.602509
6 2 5 0.541488
6 3 1 0.656168
6 3 2 0.000000
6 3 3 0.668733
6 3 4 0.634381
6 3 5 0.573360
6 4 1 0.641919
6 4 2 0.668057
6 4 3 0.000000
6 4 4 0.620132
6 4 5 0.559111
6 5 1 0.615384
6 5 2 0.641522
6 5 3 0.627949
6 5 4 0.593596
6 5 5 0.532576
7 1 1 0.669253
7 1 2 0.695392
7 1 3 0.000000
7 1 4 0.000000
7 1 5 0.586445
7 2 1 0.000000
7 2 2 0.650434
7 2 3 0.636861
7 2 4 0.602509
7 2 5 0.541488
7 3 1 0.656168
7 3 2 0.000000
7 3 3 0.668733
7 3 4 0.634381
7 3 5 0.573360
7 4 1 0.641919
7 4 2 0.668057
7 4 3 0.000000
7 4 4 0.620132
7 4 5 0.559111
7 5 1 0.615384
7 5 2 0.641522
7 5 3 0.627949
7 5 4 0.593596
7 5 5 0.532576
8 1 1 0.669253
8 1 2 0.695392
8 1 3 0.000000
8 1 4 0.000000
8 1 5 0.586445
8 2 1 0.000000
8 2 2 0.650434
8 2 3 0.636861
8 2 4 0.602509
8 2 5 0.541488
8 3 1 0.656168
8 3 2 0.000000
8 3 3 0.668733
8 3 4 0.634381
8 3 5 0.573360
8 4 1 0.641919
8 4 2 0.668057
8 4 3 0.000000
8 4 4 0.620132
8 4 5 0.559111
8 5 1 0.615384
8 5 2 0.641522
8 5 3 0.627949
8 5 4 0.593596
8 5 5 0.532576
9 1 1 0.669253
9 1 2 0.695392
9 1 3 0.000000
9 1 4 0.000000
9 1 5 0.586445
9 2 1 0.000000
9 2 2 0.650434
9 2 3 0.636861
9 2 4 0.602509
9 2 5 0.541488
9 3 1 0.656168
9 3 2 0.000000
9 3 3 0.668733
9 3 4 0.634381
9 3 5 0.573360
9 4 1 0.641919
9 4 2 0.668057
9 4 3 0.000000
9 4 4 0.620132
9 4 5 0.559111
9 5 1 0.615384
9 5 2 0.641522
9 5 3 0.627949
9 5 4 0.593596
9 5 5 0.532576
10 1 1 0.669253
10 1 2 0.695392
10 1 3 0.000000
10 1 4 0.000000
10 1 5 0.586445
10 2 1 0.000000
10 2 2 0.650434
10 2 3 0.636861
10 2 4 0.602509
10 2 5 0.541488
10 3 1 0.656168
10 3 2 0.000000
10 3 3 0.668733
10 3 4 0.634381
10 3 5 0.573360
10 4 1 0.641919
10 4 2 0.668057
10 4 3 0.000000
10 4 4 0.620132
10 4 5 0.559111
10 5 1 0.615384
10 5 2 0.641522
10 5 3 0.627949
10 5 4 0.593596
10 5 5 0.532576
11 1 1 0.669253
11 1 2 0.695392
11 1 3 0.000000
11 1 4 0.000000
11 1 5 0.586445
11 2 1 0.000000
11 2 2 0.650434
11 2 3 0.636861
11 2 4 0.602509
11 2 5 0.541488
11 3 1 0.656168
11 3 2 0.000000
11 3 3 0.668733
11 3 4 0.634381
11 3 5 0.573360
11 4 1 0.641919
11 4 2 0.668057
11 4 3 0.000000
11 4 4 0.620132
11 4 5 0.559111
11 5 1 0.615384
11 5 2 0.641522
11 5 3 0.627949
11 5 4 0.593596
11 5 5 0.532576
12 1 1 0.669253
12 1 2 0.695392
12 1 3 0.000000
12 1 4 0.000000
12 1 5 0.586445
12 2 1 0.000000
12 2 2 0.650434
12 2 3 0.636861
12 2 4 0.602509
12 2 5 0.541488
12 3 1 0.656168
12 3 2 0.000000
12 3 3 0.668733
12 3 4 0.634381
12 3 5 0.573360
12 4 1 0.641919
12 4 2 0.668057
12 4 3 0.000000
12 4 4 0.620132
12 4 5 0.559111
12 5 1 0.615384
12 5 2 0.641522
12 5 3 0.627949
12 5 4 0.593596
12 5 5 0.532576
13 1 1 0.669253
13 1 2 0.695392
13 1 3 0.000000
13 1 4 0.000000
13 1 5 0.586445
13 2 1 0.000000
13 2 2 0.650434
13 2 3 0.636861
13 2 4 0.602509
13 2 5 0.541488
13 3 1 0.656168
13 3 2 0.000000
13 3 3 0.668733
13 3 4 0.634381
13 3 5 0.573360
13 4 1 0.641919
13 4 2 0.668057
13 4 3 0.000000
13 4 4 0.620132
13 4 5 0.559111
13 5 1 0.615384
13 5 2 0.641522
13 5 3 0.627949
13 5 4 0.593596
13 5 5 0.532576
14 1 1 0.669253
14 1 2 0.695392
14 1 3 0.000000
14 1 4 0.000000
14 1 5 0.586445
14 2 1 0.000000
14 2 2 0.650434
14 2 3 0.636861
14 2 4 0.602509
14 2 5 0.541488
14 3 1 0.656168
14 3 2 0.000000
14 3 3 0.668733
14 3 4 0.634381
14 3 5 0.573360
14 4 1 0.641919
14 4 2 0.668057
14 4 3 0.000000
14 4 4 0.620132
14 4 5 0.559111
14 5 1 0.615384
14 5 2 0.641522
14 5 3 0.627949
14 5 4 0.593596
14 5 5 0.532576
15 1 1 0.669253
15 1 2 0.695392
15 1 3 0.000000
15 1 4 0.000000
15 1 5 0.586445
15 2 1 0.000000
15 2 2 0.650434
15 2 3 0.636861
15 2 4 0.602509
15 2 5 0.541488
15 3 1 0.656168
15 3 2 0.000000
15 3 3 0.668733
15 3 4 0.634381
15 3 5 0.573360
15 4 1 0.641919
15 4 2 0.668057
15 4 3 0.000000
15 4 4 0.620132
15 4 5 0.559111
15 5 1 0.615384
15 5 2 0.641522
15 5 3 0.627949
15 5 4 0.593596
15 5 5 0.532576
16 1 1 0.669253
16 1 2 0.695392
16 1 3 0.000000
16 1 4 0.000000
16 1 5 0.586445
16 2 1 0.000000
16 2 2 0.650434
16 2 3 0.636861
16 2 4 0.602509
16 2 5 0.541488
16 3 1 0.656168
16 3 2 0.000000
16 3 3 0.668733
16 3 4 0.634381
16 3 5 0.573360
16 4 1 0.641919
16 4 2 0.668057
16 4 3 0.000000
16 4 4 0.620132
16 4 5 0.559111
16 5 1 0.615384
16 5 2 0.641522
16 5 3 0.627949
16 5 4 0.593596
16 5 5 0.532576
17 1 1 0.669253
17 1 2 0.695392
17 1 3 0.000000
17 1 4 0.000000
17 1 5 0.586445
17 2 1 0.000000
17 2 2 0.650434
17 2 3 0.636861
17 2 4 0.602509
17 2 5 0.541488
17 3 1 0.656168
17 3 2 0.000000
17 3 3 0.668733
17 3 4 0.634381
17 3 5 0.573360
17 4 1 0.641919
17 4 2 0.668057
17 4 3 0.000000
17 4 4 0.620132
17 4 5 0.559111
17 5 1 0.615384
17 5 2 0.641522
17 5 3 0.627949
17 5 4 0.593596
17 5 5 0.532576
18 1 1 0.669253
18 1 2 0.695392
18 1 3 0.000000
18 1 4 0.000000
18 1 5 0.586445
18 2 1 0.000000
18 2 2 0.650434
18 2 3 0.636861
18 2 4 0.602509
18 2 5 0.541488
18 3 1 0.656168
18 3 2 0.000000
18 3 3 0.668733
18 3 4 0.634381
18 3 5 0.573360
18 4 1 0.641919
18 4 2 0.668057
18 4 3 0.000000
18 4 4 0.620132
18 4 5 0.559111
18 5 1 0.615384
18 5 2 0.641522
18 5 3 0.627949
18 5 4 0.593596
18 5 5 0.532576
19 1 1 0.669253
19 1 2 0.695392
19 1 3 0.000000
19 1 4 0.000000
19 1 5 0.586445
19 2 1 0.000000
19 2 2 0.650434
19 2 3 0.636861
19 2 4 0.602509
19 2 5 0.541488
19 3 1 0.656168
19 3 2 0.000000
19 3 3 0.668733
19 3 4 0.634381
19 3 5 0.573360
19 4 1 0.641919
19 4 2 0.668057
19 4 3 0.000000
19 4 4 0.620132
19 4 5 0.559111
19 5 1 0.615384
19 5 2 0.641522
19 5 3 0.627949
19 5 4 0.593596
19 5 5 0.532576
20 1 1 0.669253
20 1 2 0.695392
20 1 3 0.000000
20 1 4 0.000000
20 1 5 0.586445
20 2 1 0.000000
20 2 2 0.650434
20 2 3 0.636861
20 2 4 0.602509
20 2 5 0.541488
20 3 1 0.656168
20 3 2 0.000000
20 3 3 0.668733
20 3 4 0.634381
20 3 5 0.573360
20 4 1 0.641919
20 4 2 0.668057
20 4 3 0.000000
20 4 4 0.620132
20 4 5 0.559111
20 5 1 0.615384
20 5 2 0.641522
20 5 3 0.627949
20 5 4 0.593596
20 5 5 0.532576
21 1 1 0.669253
21 1 2 0.695392
21 1 3 0.000000
21 1 4 0.000000
21 1 5 0.586445
21 2 1 0.000000
21 2 2 0.650434
21 2 3 0.636861
21 2 4 0.602509
21 2 5 0.541488
21 3 1 0.656168
21 3 2 0.000000
21 3 3 0.668733
21 3 4 0.634381
21 3 5 0.573360
21 4 1 0.641919
21 4 2 0.668057
21 4 3 0.000000
21 4 4 0.620132
21 4 5 0.559111
21 5 1 0.615384
21 5 2 0.641522
21 5 3 0.627949
21 5 4 0.593596
21 5 5 0.532576
22 1 1 0.669253
22 1 2 0.695392
22 1 3 0.000000
22 1 4 0.000000
22 1 5 0.586445
22 2 1 0.000000
22 2 2 0.650434
22 2 3 0.636861
22 2 4 0.602509
22 2 5 0.541488
22 3 1 0.656168
22 3 2 0.000000
22 3 3 0.668733
22 3 4 0.634381
22 3 5 0.573360
22 4 1 0.641919
22 4 2 0.668057
22 4 3 0.000000
22 4 4 0.620132
22 4 5 0.559111
22 5 1 0.615384
22 5 2 0.641522
22 5 3 0.627949
22 5 4 0.593596
22 5 5 0.532576
23 1 1 0.669253
23 1 2 0.695392
23 1 3 0.000000
23 1 4 0.000000
23 1 5 0.586445
23 2 1 0.000000
23 2 2 0.650434
23 2 3 0.636861
23 2 4 0.602509
23 2 5 0.541488
23 3 1 0.656168
23 3 2 0.000000
23 3 3 0.668733
23 3 4 0.634381
23 3 5 0.573360
23 4 1 0.641919
23 4 2 0.668057
23 4 3 0.000000
23 4 4 0.620132
23 4 5 0.559111
23 5 1 0.615384
23 5 2 0.641522
23 5 3 0.627949
23 5 4 0.593596
23 5 5 0.532576
24 1 1 0.669253
24 1 2 0.695392
24 1 3 0.000000
24 1 4 0.000000
24 1 5 0.586445
24 2 1 0.000000
24 2 2 0.650434
24 2 3 0.636861
24 2 4 0.602509
24 2 5 0.541488
24 3 1 0.656168
24 3 2 0.000000
24 3 3 0.668733
24 3 4 0.634381
24 3 5 0.573360
24 4 1 0.641919
24 4 2 0.668057
24 4 3 0.000000
24 4 4 0.620132
24 4 5 0.559111
24 5 1 0.615384
24 5 2 0.641522
24 5 3 0.627949
24 5 4 0.593596
24 5 5 0.532576
25 1 1 0.669253
25 1 2 0.695392
25 1 3 0.000000
25 1 4 0.000000
25 1 5 0.586445
25 2 1 0.000000
25 2 2 0.650434
25 2 3 0.636861
25 2 4 0.602509
25 2 5 0.541488
25 3 1 0.656168
25 3 2 0.000000
25 3 3 0.668733
25 3 4 0.634381
25 3 5 0.573360
25 4 1 0.641919
25 4 2 0.668057
25 4 3 0.000000
25 4 4 0.620132
25 4 5 0.559111
25 5 1 0.615384
25 5 2 0.641522
25 5 3 0.627949
25 5 4 0.593596
25 5 5 0.532576
26 1 1 0.669253
26 1 2 0.695392
26 1 3 0.000000
26 1 4 0.000000
26 1 5 0.586445
26 2 1 0.000000
26 2 2 0.650434
26 2 3 0.636861
26 2 4 0.602509
26 2 5 0.541488
26 3 1 0.656168
26 3 2 0.000000
26 3 3 0.668733
26 3 4 0.634381
26 3 5 0.573360
26 4 1 0.641919
26 4 2 0.668057
26 4 3 0.000000
26 4 4 0.620132
26 4 5 0.559111
26 5 1 0.615384
26 5 2 0.641522
26 5 3 0.627949
26 5 4 0.593596
26 5 5 0.532576
27 1 1 0.669253
27 1 2 0.695392
27 1 3 0.000000
27 1 4 0.000000
27 1 5 0.586445
27 2 1 0.000000
27 2 2 0.650434
27 2 3 0.636861
27 2 4 0.602509
27 2 5 0.541488
27 3 1 0.656168
27 3 2 0.000000
27 3 3 0.668733
27 3 4 0.634381
27 3 5 0.573360
27 4 1 0.641919
27 4 2 0.668057
27 4 3 0.000000
27 4 4 0.620132
27 4 5 0.559111
27 5 1 0.615384
27 5 2 0.641522
27 5 3 0.627949
27 5 4 0.593596
27 5 5 0.532576
28 1 1 0.669253
28 1 2 0.695392
28 1 3 0.000000
28 1 4 0.000000
28 1 5 0.586445
28 2 1 0.000000
28 2 2 0.650434
28 2 3 0.636861
28 2 4 0.602509
28 2 5 0.541488
28 3 1 0.656168
28 3 2 0.000000
28 3 3 0.668733
28 3 4 0.634381
28 3 5 0.573360
28 4 1 0.641919
28 4 2 0.668057
28 4 3 0.000000
28 4 4 0.620132
28 4 5 0.559111
28 5 1 0.615384
28 5 2 0.641522
28 5 3 0.627949
28 5 4 0.593596
28 5 5 0.532576
29 1 1 0.669253
29 1 2 0.695392
29 1 3 0.000000
29 1 4 0.000000
29 1 5 0.586445
29 2 1 0.000000
29 2 2 0.650434
29 2 3 0.636861
29 2 4 0.602509
29 2 5 0.541488
29 3 1 0.656168
29 3 2 0.000000
29 3 3 0.668733
29 3 4 0.634381
29 3 5 0.573360
29 4 1 0.641919
29 4 2 0.668057
29 4 3 0.000000
29 4 4 0.620132
29 4 5 0.559111
29 5 1 0.615384
29 5 2 0.641522
29 5 3 0.627949
29 5 4 0.593596
29 5 5 0.532576
30 1 1 0.669253
30 1 2 0.695392
30 1 3 0.000000
30 1 4 0.000000
30 1 5 0.586445
30 2 1 0.000000
30 2 2 0.650434
30 2 3 0.636861
30 2 4 0.602509
30 2 5 0.541488
30 3 1 0.656168
30 3 2 0.000000
30 3 3 0.668733
30 3 4 0.634381
30 3 5 0.573360
30 4 1 0.641919
30 4 2 0.668057
30 4 3 0.000000
30 4 4 0.620132
30 4 5 0.559111
30 5 1 0.615384
30 5 2 0.641522
30 5 3 0.627949
30 5 4 0.593596
30 5 5 0.532576
31 1 1 0.669253
31 1 2 0.695392
31 1 3 0.000000
31 1 4 0.000000
31 1 5 0.586445
31 2 1 0.000000
31 2 2 0.650434
31 2 3 0.636861
31 2 4 0.602509
31 2 5 0.541488
31 3 1 0.656168
31 3 2 0.000000
31 3 3 0.668733
31 3 4 0.634381
31 3 5 0.573360
31 4 1 0.641919
31 4 2 0.668057
31 4 3 0.000000
31 4 4 0.620132
31 4 5 0.559111
31 5 1 0.615384
31 5 2 0.641522
31 5 3 0.627949
31 5 4 0.593596
31 5 5 0.532576
32 1 1 0.669253
32 1 2 0.695392
32 1 3 0.000000
32 1 4 0.000000
32 1 5 0.586445
32 2 1 0.000000
32 2 2 0.650434
32 2 3 0.636861
32 2 4 0.602509
32 2 5 0.541488
32 3 1 0.656168
32 3 2 0.000000
32 3 3 0.668733
32 3 4 0.634381
32 3 5 0.573360
32 4 1 0.641919
32 4 2 0.668057
32 4 3 0.000000
32 4 4 0.620132
32 4 5 0.559111
32 5 1 0.615384
32 5 2 0.641522
32 5 3 0.627949
32 5 4 0.593596
32 5 5 0.532576
33 1 1 0.669253
33 1 2 0.695392
33 1 3 0.000000
33 1 4 0.000000
33 1 5 0.586445
33 2 1 0.000000
33 2 2 0.650434
33 2 3 0.636861
33 2 4 0.602509
33 2 5 0.541488
33 3 1 0.656168
33 3 2 0.000000
33 3 3 0.668733
33 3 4 0.634381
33 3 5 0.573360
33 4 1 0.641919
33 4 2 0.668057
33 4 3 0.000000
33 4 4 0.620132
33 4 5 0.559111
33 5 1 0.615384
33 5 2 0.641522
33 5 3 0.627949
33 5 4 0.593596
33 5 5 0.532576
34 1 1 0.669253
34 1 2 0.695392
34 1 3 0.000000
34 1 4 0.000000
34 1 5 0.586445
34 2 1 0.000000
34 2 2 0.650434
34 2 3 0.636861
34 2 4 0.602509
34 2 5 0.541488
34 3 1 0.656168
34 3 2 0.000000
34 3 3 0.668733
34 3 4 0.634381
34 3 5 0.573360
34 4 1 0.641919
34 4 2 0.668057
34 4 3 0.000000
34 4 4 0.620132
34 4 5 0.559111
34 5 1 0.615384
34 5 2 0.641522
34 5 3 0.627949
34 5 4 0.593596
34 5 5 0.532576
35 1 1 0.669253
35 1 2 0.695392
35 1 3 0.000000
35 1 4 0.000000
35 1 5 0.586445
35 2 1 0.000000
35 2 2 0.650434
35 2 3 0.636861
35 2 4 0.602509
35 2 5 0.541488
35 3 1 0.656168
35 3 2 0.000000
35 3 3 0.668733
35 3 4 0.634381
35 3 5 0.573360
35 4 1 0.641919
35 4 2 0.668057
35 4 3 0.000000
35 4 4 0.620132
35 4 5 0.559111
35 5 1 0.615384
35 5 2 0.641522
35 5 3 0.627949
35 5 4 0.593596
35 5 5 0.532576
36 1 1 0.669253
36 1 2 0.695392
36 1 3 0.000000
36 1 4 0.000000
36 1 5 0.586445
36 2 1 0.000000
36 2 2 0.650434
36 2 3 0.636861
36 2 4 0.602509
36 2 5 0.541488
36 3 1 0.656168
36 3 2 0.000000
36 3 3 0.668733
36 3 4 0.634381
36 3 5 0.573360
36 4 1 0.641919
36 4 2 0.668057
36 4 3 0.000000
36 4 4 0.620132
36 4 5 0.559111
36 5 1 0.615384
36 5 2 0.641522
36 5 3 0.627949
36 5 4 0.593596
36 5 5 0.532576
37 1 1 0.669253
37 1 2 0.695392
37 1 3 0.000000
37 1 4 0.000000
37 1 5 0.586445
37 2 1 0.000000
37 2 2 0.650434
37 2 3 0.636861
37 2 4 0.602509
37 2 5 0.541488
37 3 1 0.656168
37 3 2 0.000000
37 3 3 0.668733
37 3 4 0.634381
37 3 5 0.573360
37 4 1 0.641919
37 4 2 0.668057
37 4 3 0.000000
37 4 4 0.620132
37 4 5 0.559111
37 5 1 0.615384
37 5 2 0.641522
37 5 3 0.627949
37 5 4 0.593596
37 5 5 0.532576
38 1 1 0.669253
38 1 2 0.695392
38 1 3 0.000000
38 1 4 0.000000
38 1 5 0.586445
38 2 1 0.000000
38 2 2 0.650434
38 2 3 0.636861
38 2 4 0.602509
38 2 5 0.541488
38 3 1 0.656168
38 3 2 0.000000
38 3 3 0.668733
38 3 4 0.634381
38 3 5 0.573360
38 4 1 0.641919
38 4 2 0.668057
38 4 3 0.000000
38 4 4 0.620132
38 4 5 0.559111
38 5 1 0.615384
38 5 2 0.641522
38 5 3 0.627949
38 5 4 0.593596
38 5 5 0.532576
39 1 1 0.669253
39 1 2 0.695392
39 1 3 0.000000
39 1 4 0.000000
39 1 5 0.586445
39 2 1 0.000000
39 2 2 0.650434
39 2 3 0.636861
39 2 4 0.602509
39 2 5 0.541488
39 3 1 0.656168
39 3 2 0.000000
39 3 3 0.668733
39 3 4 0.634381
39 3 5 0.573360
39 4 1 0.641919
39 4 2 0.668057
39 4 3 0.000000
39 4 4 0.620132
39 4 5 0.559111
39 5 1 0.615384
39 5 2 0.641522
39 5 3 0.627949
39 5 4 0.593596
39 5 5 0.532576
40 1 1 0.669253
40 1 2 0.695392
40 1 3 0.000000
40 1 4 0.000000
40 1 5 0.586445
40 2 1 0.000000
40 2 2 0.650434
40 2 3 0.636861
40 2 4 0.602509
40 2 5 0.541488
40 3 1 0.656168
40 3 2 0.000000
40 3 3 0.668733
40 3 4 0.634381
40 3 5 0.573360
40 4 1 0.641919
40 4 2 0.668057
40 4 3 0.000000
40 4 4 0.620132
40 4 5 0.559111
40 5 1 0.615384
40 5 2 0.641522
40 5 3 0.627949
40 5 4 0.593596
40 5 5 0.532576
41 1 1 0.669253
41 1 2 0.695392
41 1 3 0.000000
41 1 4 0.000000
41 1 5 0.586445
41 2 1 0.000000
41 2 2 0.650434
41 2 3 0.636861
41 2 4 0.602509
41 2 5 0.541488
41 3 1 0.656168
41 3 2 0.000000
41 3 3 0.668733
41 3 4 0.634381
41 3 5 0.573360
41 4 1 0.641919
41 4 2 0.668057
41 4 3 0.000000
41 4 4 0.620132
41 4 5 0.559111
41 5 1 0.615384
41 5 2 0.641522
41 5 3 0.627949
41 5 4 0.593596
41 5 5 0.532576
42 1 1 0.669253
42 1 2 0.695392
42 1 3 0.000000
42 1 4 0.000000
42 1 5 0.586445
42 2 1 0.000000
42 2 2 0.650434
42 2 3 0.636861
42 2 4 0.602509
42 2 5 0.541488
42 3 1 0.656168
42 3 2 0.000000
42 3 3 0.668733
42 3 4 0.634381
42 3 5 0.573360
42 4 1 0.641919
42 4 2 0.668057
42 4 3 0.000000
42 4 4 0.620132
42 4 5 0.559111
42 5 1 0.615384
42 5 2 0.641522
42 5 3 0.627949
42 5 4 0.593596
42 5 5 0.532576
43 1 1 0.669253
43 1 2 0.695392
43 1 3 0.000000
43 1 4 0.000000
43 1 5 0.586445
43 2 1 0.000000
43 2 2 0.650434
43 2 3 0.636861
43 2 4 0.602509
43 2 5 0.541488
43 3 1 0.656168
43 3 2 0.000000
43 3 3 0.668733
43 3 4 0.634381
43 3 5 0.573360
43 4 1 0.641919
43 4 2 0.668057
43 4 3 0.000000
43 4 4 0.620132
43 4 5 0.559111
43 5 1 0.615384
43 5 2 0.641522
43 5 3 0.627949
43 5 4 0.593596
43 5 5 0.532576
44 1 1 0.669253
44 1 2 0.695392
44 1 3 0.000000
44 1 4 0.000000
44 1 5 0.586445
44 2 1 0.000000
44 2 2 0.650434
44 2 3 0.636861
44 2 4 0.602509
44 2 5 0.541488
44 3 1 0.656168
44 3 2 0.000000
44 3 3 0.668733
44 3 4 0.634381
44 3 5 0.573360
44 4 1 0.641919
44 4 2 0.668057
44 4 3 0.000000
44 4 4 0.620132
44 4 5 0.559111
44 5 1 0.615384
44 5 2 0.641522
44 5 3 0.627949
44 5 4 0.593596
44 5 5 0.532576
45 1 1 0.669253
45 1 2 0.695392
45 1 3 0.000000
45 1 4 0.000000
45 1 5 0.586445
45 2 1 0.000000
45 2 2 0.650434
45 2 3 0.636861
45 2 4 0.602509
45 2 5 0.541488
45 3 1 0.656168
45 3 2 0.000000
45 3 3 0.668733
45 3 4 0.634381
45 3 5 0.573360
45 4 1 0.641919
45 4 2 0.668057
45 4 3 0.000000
45 4 4 0.620132
45 4 5 0.559111
45 5 1 0.615384
45 5 2 0.641522
45 5 3 0.627949
45 5 4 0.593596
45 5 5 0.532576
46 1 1 0.669253
46 1 2 0.695392
46 1 3 0.000000
46 1 4 0.000000
46 1 5 0.586445
46 2 1 0.000000
46 2 2 0.650434
46 2 3 0.636861
46 2 4 0.602509
46 2 5 0.541488
46 3 1 0.656168
46 3 2 0.000000
46 3 3 0.668733
46 3 4 0.634381
46 3 5 0.573360
46 4 1 0.641919
46 4 2 0.668057
46 4 3 0.000000
46 4 4 0.620132
46 4 5 0.559111
46 5 1 0.615384
46 5 2 0.641522
46 5 3 0.627949
46 5 4 0.593596
46 5 5 0.532576
47 1 1 0.669253
47 1 2 0.695392
47 1 3 0.000000
47 1 4 0.000000
47 1 5 0.586445
47 2 1 0.000000
47 2 2 0.650434
47 2 3 0.636861
47 2 4 0.602509
47 2 5 0.541488
47 3 1 0.656168
47 3 2 0.000000
47 3 3 0.668733
47 3 4 0.634381
47 3 5 0.573360
47 4 1 0.641919
47 4 2 0.668057
47 4 3 0.000000
47 4 4 0.620132
47 4 5 0.559111
47 5 1 0.615384
47 5 2 0.641522
47 5 3 0.627949
47 5 4 0.593596
47 5 5 0.532576
48 1 1 0.669253
48 1 2 0.695392
48 1 3 0.000000
48 1 4 0.000000
48 1 5 0.586445
48 2 1 0.000000
48 2 2 0.650434
48 2 3 0.636861
48 2 4 0.602509
48 2 5 0.541488
48 3 1 0.656168
48 3 2 0.000000
48 3 3 0.668733
48 3 4 0.634381
48 3 5 0.573360
48 4 1 0.641919
48 4 2 0.668057
48 4 3 0.000000
48 4 4 0.620132
48 4 5 0.559111
48 5 1 0.615384
48 5 2 0.641522
48 5 3 0.627949
48 5 4 0.593596
48 5 5 0.532576
49 1 1 0.669253
49 1 2 0.695392
49 1 3 0.000000
49 1 4 0.000000
49 1 5 0.586445
49 2 1 0.000000
49 2 2 0.650434
49 2 3 0.636861
49 2 4 0.602509
49 2 5 0.541488
49 3 1 0.656168
49 3 2 0.000000
49 3 3 0.668733
49 3 4 0.634381
49 3 5 0.573360
49 4 1 0.641919
49 4 2 0.668057
49 4 3 0.000000
49 4 4 0.620132
49 4 5 0.559111
49 5 1 0.615384
49 5 2 0.641522
49 5 3 0.627949
49 5 4 0.593596
49 5 5 0.532576
50 1 1 0.669253
50 1 2 0.695392
50 1 3 0.000000
50 1 4 0.000000
50 1 5 0.586445
50 2 1 0.000000
50 2 2 0.650434
50 2 3 0.636861
50 2 4 0.602509
50 2 5 0.541488
50 3 1 0.656168
50 3 2 0.000000
50 3 3 0.668733
50 3 4 0.634381
50 3 5 0.573360
50 4 1 0.641919
50 4 2 0.668057
50 4 3 0.000000
50 4 4 0.620132
50 4 5 0.559111
50 5 1 0.615384
50 5 2 0.641522
50 5 3 0.627949
50 5 4 0.593596
50 5 5 0.532576
51 1 1 0.669253
51 1 2 0.695392
51 1 3 0.000000
51 1 4 0.000000
51 1 5 0.586445
51 2 1 0.000000
51 2 2 0.650434
51 2 3 0.636861
51 2 4 0.602509
51 2 5 0.541488
51 3 1 0.656168
51 3 2 0.000000
51 3 3 0.668733
51 3 4 0.634381
51 3 5 0.573360
51 4 1 0.641919
51 4 2 0.668057
51 4 3 0.000000
51 4 4 0.620132
51 4 5 0.559111
51 5 1 0.615384
51 5 2 0.641522
51 5 3 0.627949
51 5 4 0.593596
51 5 5 0.532576
52 1 1 0.669253
52 1 2 0.695392
52 1 3 0.000000
52 1 4 0.000000
52 1 5 0.586445
52 2 1 0.000000
52 2 2 0.650434
52 2 3 0.636861
52 2 4 0.602509
52 2 5 0.541488
52 3 1 0.656168
52 3 2 0.000000
52 3 3 0.668733
52 3 4 0.634381
52 3 5 0.573360
52 4 1 0.641919
52 4 2 0.668057
52 4 3 0.000000
52 4 4 0.620132
52 4 5 0.559111
52 5 1 0.615384
52 5 2 0.641522
52 5 3 0.627949
52 5 4 0.593596
52 5 5 0.532576
53 1 1 0.669253
53 1 2 0.695392
53 1 3 0.000000
53 1 4 0.000000
53 1 5 0.586445
53 2 1 0.000000
53 2 2 0.650434
53 2 3 0.636861
53 2 4 0.602509
53 2 5 0.541488
53 3 1 0.656168
53 3 2 0.000000
53 3 3 0.668733
53 3 4 0.634381
53 3 5 0.573360
53 4 1 0.641919
53 4 2 0.668057
53 4 3 0.000000
53 4 4 0.620132
53 4 5 0.559111
53 5 1 0.615384
53 5 2 0.641522
53 5 3 0.627949
53 5 4 0.593596
53 5 5 0.532576
54 1 1 0.669253
54 1 2 0.695392
54 1 3 0.000000
54 1 4 0.000000
54 1 5 0.586445
54 2 1 0.000000
54 2 2 0.650434
54 2 3 0.636861
54 2 4 0.602509
54 2 5 0.541488
54 3 1 0.656168
54 3 2 0.000000
54 3 3 0.668733
54 3 4 0.634381
54 3 5 0.573360
54 4 1 0.641919
54 4 2 0.668057
54 4 3 0.000000
54 4 4 0.620132
54 4 5 0.559111
54 5 1 0.615384
54 5 2 0.641522
54 5 3 0.627949
54 5 4 0.593596
54 5 5 0.532576
55 1 1 0.669253
55 1 2 0.695392
55 1 3 0.000000
55 1 4 0.000000
55 1 5 0.586445
55 2 1 0.000000
55 2 2 0.650434
55 2 3 0.636861
55 2 4 0.602509
55 2 5 0.541488
55 3 1 0.656168
55 3 2 0.000000
55 3 3 0.668733
55 3 4 0.634381
55 3 5 0.573360
55 4 1 0.641919
55 4 2 0.668057
55 4 3 0.000000
55 4 4 0.620132
55 4 5 0.559111
55 5 1 0.615384
55 5 2 0.641522
55 5 3 0.627949
55 5 4 0.593596
55 5 5 0.532576
56 1 1 0.669253
56 1 2 0.695392
56 1 3 0.000000
56 1 4 0.000000
56 1 5 0.586445
56 2 1 0.000000
56 2 2 0.650434
56 2 3 0.636861
56 2 4 0.602509
56 2 5 0.541488
56 3 1 0.656168
56 3 2 0.000000
56 3 3 0.668733
56 3 4 0.634381
56 3 5 0.573360
56 4 1 0.641919
56 4 2 0.668057
56 4 3 0.000000
56 4 4 0.620132
56 4 5 0.559111
56 5 1 0.615384
56 5 2 0.641522
56 5 3 0.627949
56 5 4 0.593596
56 5 5 0.532576
57 1 1 0.669253
57 1 2 0.695392
57 1 3 0.000000
57 1 4 0.000000
57 1 5 0.586445
57 2 1 0.000000
57 2 2 0.650434
57 2 3 0.636861
57 2 4 0.602509
57 2 5 0.541488
57 3 1 0.656168
57 3 2 0.000000
57 3 3 0.668733
57 3 4 0.634381
57 3 5 0.573360
57 4 1 0.641919
57 4 2 0.668057
57 4 3 0.000000
57 4 4 0.620132
57 4 5 0.559111
57 5 1 0.615384
57 5 2 0.641522
57 5 3 0.627949
57 5 4 0.593596
57 5 5 0.532576
58 1 1 0.669253
58 1 2 0.695392
58 1 3 0.000000
58 1 4 0.000000
58 1 5 0.586445
58 2 1 0.000000
58 2 2 0.650434
58 2 3 0.636861
58 2 4 0.602509
58 2 5 0.541488
58 3 1 0.656168
58 3 2 0.000000
58 3 3 0.668733
58 3 4 0.634381
58 3 5 0.573360
58 4 1 0.641919
58 4 2 0.668057
58 4 3 0.000000
58 4 4 0.620132
58 4 5 0.559111
58 5 1 0.615384
58 5 2 0.641522
58 5 3 0.627949
58 5 4 0.593596
58 5 5 0.532576
59 1 1 0.669253
59 1 2 0.695392
59 1 3 0.000000
59 1 4 0.000000
59 1 5 0.586445
59 2 1 0.000000
59 2 2 0.650434
59 2 3 0.636861
59 2 4 0.602509
59 2 5 0.541488
59 3 1 0.656168
59 3 2 0.000000
59 3 3 0.668733
59 3 4 0.634381
59 3 5 0.573360
59 4 1 0.641919
59 4 2 0.668057
59 4 3 0.000000
59 4 4 0.620132
59 4 5 0.559111
59 5 1 0.615384
59 5 2 0.641522
59 5 3 0.627949
59 5 4 0.593596
59 5 5 0.532576
60 1 1 0.669253
60 1 2 0.695392
60 1 3 0.000000
60 1 4 0.000000
60 1 5 0.586445
60 2 1 0.000000
60 2 2 0.650434
60 2 3 0.636861
60 2 4 0.602509
60 2 5 0.541488
60 3 1 0.656168
60 3 2 0.000000
60 3 3 0.668733
60 3 4 0.634381
60 3 5 0.573360
60 4 1 0.641919
60 4 2 0.668057
60 4 3 0.000000
60 4 4 0.620132
60 4 5 0.559111
60 5 1 0.615384
60 5 2 0.641522
60 5 3 0.627949
60 5 4 0.593596
60 5 5 0.532576
61 1 1 0.669253
61 1 2 0.695392
61 1 3 0.000000
61 1 4 0.000000
61 1 5 0.586445
61 2 1 0.000000
61 2 2 0.650434
61 2 3 0.636861
61 2 4 0.602509
61 2 5 0.541488
61 3 1 0.656168
61 3 2 0.000000
61 3 3 0.668733
61 3 4 0.634381
61 3 5 0.573360
61 4 1 0.641919
61 4 2 0.668057
61 4 3 0.000000
61 4 4 0.620132
61 4 5 0.559111
61 5 1 0.615384
61 5 2 0.641522
61 5 3 0.627949
61 5 4 0.593596
61 5 5 0.532576
62 1 1 0.669253
62 1 2 0.695392
62 1 3 0.000000
62 1 4 0.000000
62 1 5 0.586445
62 2 1 0.000000
62 2 2 0.650434
62 2 3 0.636861
62 2 4 0.602509
62 2 5 0.541488
62 3 1 0.656168
62 3 2 0.000000
62 3 3 0.668733
62 3 4 0.634381
62 3 5 0.573360
62 4 1 0.641919
62 4 2 0.668057
62 4 3 0.000000
62 4 4 0.620132
62 4 5 0.559111
62 5 1 0.615384
62 5 2 0.641522
62 5 3 0.627949
62 5 4 0.593596
62 5 5 0.532576
63 1 1 0.669253
63 1 2 0.695392
63 1 3 0.000000
63 1 4 0.000000
63 1 5 0.586445
63 2 1 0.000000
63 2 2 0.650434
63 2 3 0.636861
63 2 4 0.602509
63 2 5 0.541488
63 3 1 0.656168
63 3 2 0.000000
63 3 3 0.668733
63 3 4 0.634381
63 3 5 0.573360
63 4 1 0.641919
63 4 2 0.668057
63 4 3 0.000000
63 4 4 0.620132
63 4 5 0.559111
63 5 1 0.615384
63 5 2 0.641522
63 5 3 0.627949
63 5 4 0.593596
63 5 5 0.532576
64 1 1 0.669253
64 1 2 0.695392
64 1 3 0.000000
64 1 4 0.000000
64 1 5 0.586445
64 2 1 0.000000
64 2 2 0.650434
64 2 3 0.636861
64 2 4 0.602509
64 2 5 0.541488
64 3 1 0.656168
64 3 2 0.000000
64 3 3 0.668733
64 3 4 0.634381
64 3 5 0.573360
64 4 1 0.641919
64 4 2 0.668057
64 4 3 0.000000
64 4 4 0.620132
64 4 5 0.559111
64 5 1 0.615384
64 5 2 0.641522
64 5 3 0.627949
64 5 4 0.593596
64 5 5 0.532576
65 1 1 0.669253
65 1 2 0.695392
65 1 3 0.000000
65 1 4 0.000000
65 1 5 0.586445
65 2 1 0.000000
65 2 2 0.650434
65 2 3 0.636861
65 2 4 0.602509
65 2 5 0.541488
65 3 1 0.656168
65 3 2 0.000000
65 3 3 0.668733
65 3 4 0.634381
65 3 5 0.573360
65 4 1 0.641919
65 4 2 0.668057
65 4 3 0.000000
65 4 4 0.620132
65 4 5 0.559111
65 5 1 0.615384
65 5 2 0.641522
65 5 3 0.627949
65 5 4 0.593596
65 5 5 0.532576
66 1 1 0.669253
66 1 2 0.695392
66 1 3 0.000000
66 1 4 0.000000
66 1 5 0.586445
66 2 1 0.000000
66 2 2 0.650434
66 2 3 0.636861
66 2 4 0.602509
66 2 5 0.541488
66 3 1 0.656168
66 3 2 0.000000
66 3 3 0.668733
66 3 4 0.634381
66 3 5 0.573360
66 4 1 0.641919
66 4 2 0.668057
66 4 3 0.000000
66 4 4 0.620132
66 4 5 0.559111
66 5 1 0.615384
66 5 2 0.641522
66 5 3 0.627949
66 5 4 0.593596
66 5 5 0.532576
67 1 1 0.669253
67 1 2 0.695392
67 1 3 0.000000
67 1 4 0.000000
67 1 5 0.586445
67 2 1 0.000000
67 2 2 0.650434
67 2 3 0.636861
67 2 4 0.602509
67 2 5 0.541488
67 3 1 0.656168
67 3 2 0.000000
67 3 3 0.668733
67 3 4 0.634381
67 3 5 0.573360
67 4 1 0.641919
67 4 2 0.668057
67 4 3 0.000000
67 4 4 0.620132
67 4 5 0.559111
67 5 1 0.615384
67 5 2 0.641522
67 5 3 0.627949
67 5 4 0.593596
67 5 5 0.532576
68 1 1 0.669253
68 1 2 0.695392
68 1 3 0.000000
68 1 4 0.000000
68 1 5 0.586445
68 2 1 0.000000
68 2 2 0.650434
68 2 3 0.636861
68 2 4 0.602509
68 2 5 0.541488
68 3 1 0.656168
68 3 2 0.000000
68 3 3 0.668733
68 3 4 0.634381
68 3 5 0.573360
68 4 1 0.641919
68 4 2 0.668057
68 4 3 0.000000
68 4 4 0.620132
68 4 5 0.559111
68 5 1 0.615384
68 5 2 0.641522
68 5 3 0.627949
68 5 4 0.593596
68 5 5 0.532576
69 1 1 0.669253
69 1 2 0.695392
69 1 3 0.000000
69 1 4 0.000000
69 1 5 0.586445
69 2 1 0.000000
69 2 2 0.650434
69 2 3 0.636861
69 2 4 0.602509
69 2 5 0.541488
69 3 1 0.656168
69 3 2 0.000000
69 3 3 0.668733
69 3 4 0.634381
69 3 5 0.573360
69 4 1 0.641919
69 4 2 0.668057
69 4 3 0.000000
69 4 4 0.620132
69 4 5 0.559111
69 5 1 0.615384
69 5 2 0.641522
69 5 3 0.627949
69 5 4 0.593596
69 5 5 0.532576
70 1 1 0.669253
70 1 2 0.695392
70 1 3 0.000000
70 1 4 0.000000
70 1 5 0.586445
70 2 1 0.000000
70 2 2 0.650434
70 2 3 0.636861
70 2 4 0.602509
70 2 5 0.541488
70 3 1 0.656168
70 3 2 0.000000
70 3 3 0.668733
70 3 4 0.634381
70 3 5 0.573360
70 4 1 0.641919
70 4 2 0.668057
70 4 3 0.000000
70 4 4 0.620132
70 4 5 0.559111
70 5 1 0.615384
70 5 2 0.641522
70 5 3 0.627949
70 5 4 0.593596
70 5 5 0.532576
