1 1 1 0.000000
1 1 2 0.709615
1 1 3 0.713705
1 1 4 0.679024
1 1 5 0.000000
1 2 1 0.669082
1 2 2 0.718975
1 2 3 0.723065
1 2 4 0.688384
1 2 5 0.610898
1 3 1 0.615365
1 3 2 0.000000
1 3 3 0.000000
1 3 4 0.634667
1 3 5 0.557182
1 4 1 0.622198
1 4 2 0.672091
1 4 3 0.676181
1 4 4 0.641500
1 4 5 0.564014
2 1 1 0.000000
2 1 2 0.709615
2 1 3 0.713705
2 1 4 0.679024
2 1 5 0.000000
2 2 1 0.669082
2 2 2 0.718975
2 2 3 0.723065
2 2 4 0.688384
2 2 5 0.610898
2 3 1 0.615365
2 3 2 0.000000
2 3 3 0.000000
2 3 4 0.634667
2 3 5 0.557182
2 4 1 0.622198
2 4 2 0.672091
2 4 3 0.676181
2 4 4 0.641500
2 4 5 0.564014
3 1 1 0.000000
3 1 2 0.709615
3 1 3 0.713705
3 1 4 0.679024
3 1 5 0.000000
3 2 1 0.669082
3 2 2 0.718975
3 2 3 0.723065
3 2 4 0.688384
3 2 5 0.610898
3 3 1 0.615365
3 3 2 0.000000
3 3 3 0.000000
3 3 4 0.634667
3 3 5 0.557182
3 4 1 0.622198
3 4 2 0.672091
3 4 3 0.676181
3 4 4 0.641500
3 4 5 0.564014
4 1 1 0.000000
4 1 2 0.709615
4 1 3 0.713705
4 1 4 0.679024
4 1 5 0.000000
4 2 1 0.669082
4 2 2 0.718975
4 2 3 0.723065
4 2 4 0.688384
4 2 5 0.610898
4 3 1 0.615365
4 3 2 0.000000
4 3 3 0.000000
4 3 4 0.634667
4 3 5 0.557182
4 4 1 0.622198
4 4 2 0.672091
4 4 3 0.676181
4 4 4 0.641500
4 4 5 0.564014
5 1 1 0.000000
5 1 2 0.709615
5 1 3 0.713705
5 1 4 0.679024
5 1 5 0.000000
5 2 1 0.669082
5 2 2 0.718975
5 2 3 0.723065
5 2 4 0.688384
5 2 5 0.610898
5 3 1 0.615365
5 3 2 0.000000
5 3 3 0.000000
5 3 4 0.634667
5 3 5 0.557182
5 4 1 0.622198
5 4 2 0.672091
5 4 3 0.676181
5 4 4 0.641500
5 4 5 0.564014
6 1 1 0.000000
6 1 2 0.709615
6 1 3 0.713705
6 1 4 0.679024
6 1 5 0.000000
6 2 1 0.669082
6 2 2 0.718975
6 2 3 0.723065
6 2 4 0.688384
6 2 5 0.610898
6 3 1 0.615365
6 3 2 0.000000
6 3 3 0.000000
6 3 4 0.634667
6 3 5 0.557182
6 4 1 0.622198
6 4 2 0.672091
6 4 3 0.676181
6 4 4 0.641500
6 4 5 0.564014
7 1 1 0.000000
7 1 2 0.709615
7 1 3 0.713705
7 1 4 0.679024
7 1 5 0.000000
7 2 1 0.669082
7 2 2 0.718975
7 2 3 0.723065
7 2 4 0.688384
7 2 5 0.610898
7 3 1 0.615365
7 3 2 0.000000
7 3 3 0.000000
7 3 4 0.634667
7 3 5 0.557182
7 4 1 0.622198
7 4 2 0.672091
7 4 3 0.676181
7 4 4 0.641500
7 4 5 0.564014
8 1 1 0.000000
8 1 2 0.709615
8 1 3 0.713705
8 1 4 0.679024
8 1 5 0.000000
8 2 1 0.669082
8 2 2 0.718975
8 2 3 0.723065
8 2 4 0.688384
8 2 5 0.610898
8 3 1 0.615365
8 3 2 0.000000
8 3 3 0.000000
8 3 4 0.634667
8 3 5 0.557182
8 4 1 0.622198
8 4 2 0.672091
8 4 3 0.676181
8 4 4 0.641500
8 4 5 0.564014
9 1 1 0.000000
9 1 2 0.709615
9 1 3 0.713705
9 1 4 0.679024
9 1 5 0.000000
9 2 1 0.669082
9 2 2 0.718975
9 2 3 0.723065
9 2 4 0.688384
9 2 5 0.610898
9 3 1 0.615365
9 3 2 0.000000
9 3 3 0.000000
9 3 4 0.634667
9 3 5 0.557182
9 4 1 0.622198
9 4 2 0.672091
9 4 3 0.676181
9 4 4 0.641500
9 4 5 0.564014
10 1 1 0.000000
10 1 2 0.709615
10 1 3 0.713705
10 1 4 0.679024
10 1 5 0.000000
10 2 1 0.669082
10 2 2 0.718975
10 2 3 0.723065
10 2 4 0.688384
10 2 5 0.610898
10 3 1 0.615365
10 3 2 0.000000
10 3 3 0.000000
10 3 4 0.634667
10 3 5 0.557182
10 4 1 0.622198
10 4 2 0.672091
10 4 3 0.676181
10 4 4 0.641500
10 4 5 0.564014
11 1 1 0.000000
11 1 2 0.709615
11 1 3 0.713705
11 1 4 0.679024
11 1 5 0.000000
11 2 1 0.669082
11 2 2 0.718975
11 2 3 0.723065
11 2 4 0.688384
11 2 5 0.610898
11 3 1 0.615365
11 3 2 0.000000
11 3 3 0.000000
11 3 4 0.634667
11 3 5 0.557182
11 4 1 0.622198
11 4 2 0.672091
11 4 3 0.676181
11 4 4 0.641500
11 4 5 0.564014
12 1 1 0.000000
12 1 2 0.709615
12 1 3 0.713705
12 1 4 0.679024
12 1 5 0.000000
12 2 1 0.669082
12 2 2 0.718975
12 2 3 0.723065
12 2 4 0.688384
12 2 5 0.610898
12 3 1 0.615365
12 3 2 0.000000
12 3 3 0.000000
12 3 4 0.634667
12 3 5 0.557182
12 4 1 0.622198
12 4 2 0.672091
12 4 3 0.676181
12 4 4 0.641500
12 4 5 0.564014
13 1 1 0.000000
13 1 2 0.709615
13 1 3 0.713705
13 1 4 0.679024
13 1 5 0.000000
13 2 1 0.669082
13 2 2 0.718975
13 2 3 0.723065
13 2 4 0.688384
13 2 5 0.610898
13 3 1 0.615365
13 3 2 0.000000
13 3 3 0.000000
13 3 4 0.634667
13 3 5 0.557182
13 4 1 0.622198
13 4 2 0.672091
13 4 3 0.676181
13 4 4 0.641500
13 4 5 0.564014
14 1 1 0.000000
14 1 2 0.709615
14 1 3 0.713705
14 1 4 0.679024
14 1 5 0.000000
14 2 1 0.669082
14 2 2 0.718975
14 2 3 0.723065
14 2 4 0.688384
14 2 5 0.610898
14 3 1 0.615365
14 3 2 0.000000
14 3 3 0.000000
14 3 4 0.634667
14 3 5 0.557182
14 4 1 0.622198
14 4 2 0.672091
14 4 3 0.676181
14 4 4 0.641500
14 4 5 0.564014
15 1 1 0.000000
15 1 2 0.709615
15 1 3 0.713705
15 1 4 0.679024
15 1 5 0.000000
15 2 1 0.669082
15 2 2 0.718975
15 2 3 0.723065
15 2 4 0.688384
15 2 5 0.610898
15 3 1 0.615365
15 3 2 0.000000
15 3 3 0.000000
15 3 4 0.634667
15 3 5 0.557182
15 4 1 0.622198
15 4 2 0.672091
15 4 3 0.676181
15 4 4 0.641500
15 4 5 0.564014
16 1 1 0.000000
16 1 2 0.709615
16 1 3 0.713705
16 1 4 0.679024
16 1 5 0.000000
16 2 1 0.669082
16 2 2 0.718975
16 2 3 0.723065
16 2 4 0.688384
16 2 5 0.610898
16 3 1 0.615365
16 3 2 0.000000
16 3 3 0.000000
16 3 4 0.634667
16 3 5 0.557182
16 4 1 0.622198
16 4 2 0.672091
16 4 3 0.676181
16 4 4 0.641500
16 4 5 0.564014
17 1 1 0.000000
17 1 2 0.709615
17 1 3 0.713705
17 1 4 0.679024
17 1 5 0.000000
17 2 1 0.669082
17 2 2 0.718975
17 2 3 0.723065
17 2 4 0.688384
17 2 5 0.610898
17 3 1 0.615365
17 3 2 0.000000
17 3 3 0.000000
17 3 4 0.634667
17 3 5 0.557182
17 4 1 0.622198
17 4 2 0.672091
17 4 3 0.676181
17 4 4 0.641500
17 4 5 0.564014
18 1 1 0.000000
18 1 2 0.709615
18 1 3 0.713705
18 1 4 0.679024
18 1 5 0.000000
18 2 1 0.669082
18 2 2 0.718975
18 2 3 0.723065
18 2 4 0.688384
18 2 5 0.610898
18 3 1 0.615365
18 3 2 0.000000
18 3 3 0.000000
18 3 4 0.634667
18 3 5 0.557182
18 4 1 0.622198
18 4 2 0.672091
18 4 3 0.676181
18 4 4 0.641500
18 4 5 0.564014
19 1 1 0.000000
19 1 2 0.709615
19 1 3 0.713705
19 1 4 0.679024
19 1 5 0.000000
19 2 1 0.669082
19 2 2 0.718975
19 2 3 0.723065
19 2 4 0.688384
19 2 5 0.610898
19 3 1 0.615365
19 3 2 0.000000
19 3 3 0.000000
19 3 4 0.634667
19 3 5 0.557182
19 4 1 0.622198
19 4 2 0.672091
19 4 3 0.676181
19 4 4 0.641500
19 4 5 0.564014
20 1 1 0.000000
20 1 2 0.709615
20 1 3 0.713705
20 1 4 0.679024
20 1 5 0.000000
20 2 1 0.669082
20 2 2 0.718975
20 2 3 0.723065
20 2 4 0.688384
20 2 5 0.610898
20 3 1 0.615365
20 3 2 0.000000
20 3 3 0.000000
20 3 4 0.634667
20 3 5 0.557182
20 4 1 0.622198
20 4 2 0.672091
20 4 3 0.676181
20 4 4 0.641500
20 4 5 0.564014
21 1 1 0.000000
21 1 2 0.709615
21 1 3 0.713705
21 1 4 0.679024
21 1 5 0.000000
21 2 1 0.669082
21 2 2 0.718975
21 2 3 0.723065
21 2 4 0.688384
21 2 5 0.610898
21 3 1 0.615365
21 3 2 0.000000
21 3 3 0.000000
21 3 4 0.634667
21 3 5 0.557182
21 4 1 0.622198
21 4 2 0.672091
21 4 3 0.676181
21 4 4 0.641500
21 4 5 0.564014
22 1 1 0.000000
22 1 2 0.709615
22 1 3 0.713705
22 1 4 0.679024
22 1 5 0.000000
22 2 1 0.669082
22 2 2 0.718975
22 2 3 0.723065
22 2 4 0.688384
22 2 5 0.610898
22 3 1 0.615365
22 3 2 0.000000
22 3 3 0.000000
22 3 4 0.634667
22 3 5 0.557182
22 4 1 0.622198
22 4 2 0.672091
22 4 3 0.676181
22 4 4 0.641500
22 4 5 0.564014
23 1 1 0.000000
23 1 2 0.709615
23 1 3 0.713705
23 1 4 0.679024
23 1 5 0.000000
23 2 1 0.669082
23 2 2 0.718975
23 2 3 0.723065
23 2 4 0.688384
23 2 5 0.610898
23 3 1 0.615365
23 3 2 0.000000
23 3 3 0.000000
23 3 4 0.634667
23 3 5 0.557182
23 4 1 0.622198
23 4 2 0.672091
23 4 3 0.676181
23 4 4 0.641500
23 4 5 0.564014
24 1 1 0.000000
24 1 2 0.709615
24 1 3 0.713705
24 1 4 0.679024
24 1 5 0.000000
24 2 1 0.669082
24 2 2 0.718975
24 2 3 0.723065
24 2 4 0.688384
24 2 5 0.610898
24 3 1 0.615365
24 3 2 0.000000
24 3 3 0.000000
24 3 4 0.634667
24 3 5 0.557182
24 4 1 0.622198
24 4 2 0.672091
24 4 3 0.676181
24 4 4 0.641500
24 4 5 0.564014
25 1 1 0.000000
25 1 2 0.709615
25 1 3 0.713705
25 1 4 0.679024
25 1 5 0.000000
25 2 1 0.669082
25 2 2 0.718975
25 2 3 0.723065
25 2 4 0.688384
25 2 5 0.610898
25 3 1 0.615365
25 3 2 0.000000
25 3 3 0.000000
25 3 4 0.634667
25 3 5 0.557182
25 4 1 0.622198
25 4 2 0.672091
25 4 3 0.676181
25 4 4 0.641500
25 4 5 0.564014
26 1 1 0.000000
26 1 2 0.709615
26 1 3 0.713705
26 1 4 0.679024
26 1 5 0.000000
26 2 1 0.669082
26 2 2 0.718975
26 2 3 0.723065
26 2 4 0.688384
26 2 5 0.610898
26 3 1 0.615365
26 3 2 0.000000
26 3 3 0.000000
26 3 4 0.634667
26 3 5 0.557182
26 4 1 0.622198
26 4 2 0.672091
26 4 3 0.676181
26 4 4 0.641500
26 4 5 0.564014
27 1 1 0.000000
27 1 2 0.709615
27 1 3 0.713705
27 1 4 0.679024
27 1 5 0.000000
27 2 1 0.669082
27 2 2 0.718975
27 2 3 0.723065
27 2 4 0.688384
27 2 5 0.610898
27 3 1 0.615365
27 3 2 0.000000
27 3 3 0.000000
27 3 4 0.634667
27 3 5 0.557182
27 4 1 0.622198
27 4 2 0.672091
27 4 3 0.676181
27 4 4 0.641500
27 4 5 0.564014
28 1 1 0.000000
28 1 2 0.709615
28 1 3 0.713705
28 1 4 0.679024
28 1 5 0.000000
28 2 1 0.669082
28 2 2 0.718975
28 2 3 0.723065
28 2 4 0.688384
28 2 5 0.610898
28 3 1 0.615365
28 3 2 0.000000
28 3 3 0.000000
28 3 4 0.634667
28 3 5 0.557182
28 4 1 0.622198
28 4 2 0.672091
28 4 3 0.676181
28 4 4 0.641500
28 4 5 0.564014
29 1 1 0.000000
29 1 2 0.709615
29 1 3 0.713705
29 1 4 0.679024
29 1 5 0.000000
29 2 1 0.669082
29 2 2 0.718975
29 2 3 0.723065
29 2 4 0.688384
29 2 5 0.610898
29 3 1 0.615365
29 3 2 0.000000
29 3 3 0.000000
29 3 4 0.634667
29 3 5 0.557182
29 4 1 0.622198
29 4 2 0.672091
29 4 3 0.676181
29 4 4 0.641500
29 4 5 0.564014
30 1 1 0.000000
30 1 2 0.709615
30 1 3 0.713705
30 1 4 0.679024
30 1 5 0.000000
30 2 1 0.669082
30 2 2 0.718975
30 2 3 0.723065
30 2 4 0.688384
30 2 5 0.610898
30 3 1 0.615365
30 3 2 0.000000
30 3 3 0.000000
30 3 4 0.634667
30 3 5 0.557182
30 4 1 0.622198
30 4 2 0.672091
30 4 3 0.676181
30 4 4 0.641500
30 4 5 0.564014
31 1 1 0.000000
31 1 2 0.709615
31 1 3 0.713705
31 1 4 0.679024
31 1 5 0.000000
31 2 1 0.669082
31 2 2 0.718975
31 2 3 0.723065
31 2 4 0.688384
31 2 5 0.610898
31 3 1 0.615365
31 3 2 0.000000
31 3 3 0.000000
31 3 4 0.634667
31 3 5 0.557182
31 4 1 0.622198
31 4 2 0.672091
31 4 3 0.676181
31 4 4 0.641500
31 4 5 0.564014
32 1 1 0.000000
32 1 2 0.709615
32 1 3 0.713705
32 1 4 0.679024
32 1 5 0.000000
32 2 1 0.669082
32 2 2 0.718975
32 2 3 0.723065
32 2 4 0.688384
32 2 5 0.610898
32 3 1 0.615365
32 3 2 0.000000
32 3 3 0.000000
32 3 4 0.634667
32 3 5 0.557182
32 4 1 0.622198
32 4 2 0.672091
32 4 3 0.676181
32 4 4 0.641500
32 4 5 0.564014
33 1 1 0.000000
33 1 2 0.709615
33 1 3 0.713705
33 1 4 0.679024
33 1 5 0.000000
33 2 1 0.669082
33 2 2 0.718975
33 2 3 0.723065
33 2 4 0.688384
33 2 5 0.610898
33 3 1 0.615365
33 3 2 0.000000
33 3 3 0.000000
33 3 4 0.634667
33 3 5 0.557182
33 4 1 0.622198
33 4 2 0.672091
33 4 3 0.676181
33 4 4 0.641500
33 4 5 0.564014
34 1 1 0.000000
34 1 2 0.709615
34 1 3 0.713705
34 1 4 0.679024
34 1 5 0.000000
34 2 1 0.669082
34 2 2 0.718975
34 2 3 0.723065
34 2 4 0.688384
34 2 5 0.610898
34 3 1 0.615365
34 3 2 0.000000
34 3 3 0.000000
34 3 4 0.634667
34 3 5 0.557182
34 4 1 0.622198
34 4 2 0.672091
34 4 3 0.676181
34 4 4 0.641500
34 4 5 0.564014
35 1 1 0.000000
35 1 2 0.709615
35 1 3 0.713705
35 1 4 0.679024
35 1 5 0.000000
35 2 1 0.669082
35 2 2 0.718975
35 2 3 0.723065
35 2 4 0.688384
35 2 5 0.610898
35 3 1 0.615365
35 3 2 0.000000
35 3 3 0.000000
35 3 4 0.634667
35 3 5 0.557182
35 4 1 0.622198
35 4 2 0.672091
35 4 3 0.676181
35 4 4 0.641500
35 4 5 0.564014
36 1 1 0.000000
36 1 2 0.709615
36 1 3 0.713705
36 1 4 0.679024
36 1 5 0.000000
36 2 1 0.669082
36 2 2 0.718975
36 2 3 0.723065
36 2 4 0.688384
36 2 5 0.610898
36 3 1 0.615365
36 3 2 0.000000
36 3 3 0.000000
36 3 4 0.634667
36 3 5 0.557182
36 4 1 0.622198
36 4 2 0.672091
36 4 3 0.676181
36 4 4 0.641500
36 4 5 0.564014
37 1 1 0.000000
37 1 2 0.709615
37 1 3 0.713705
37 1 4 0.679024
37 1 5 0.000000
37 2 1 0.669082
37 2 2 0.718975
37 2 3 0.723065
37 2 4 0.688384
37 2 5 0.610898
37 3 1 0.615365
37 3 2 0.000000
37 3 3 0.000000
37 3 4 0.634667
37 3 5 0.557182
37 4 1 0.622198
37 4 2 0.672091
37 4 3 0.676181
37 4 4 0.641500
37 4 5 0.564014
38 1 1 0.000000
38 1 2 0.709615
38 1 3 0.713705
38 1 4 0.679024
38 1 5 0.000000
38 2 1 0.669082
38 2 2 0.718975
38 2 3 0.723065
38 2 4 0.688384
38 2 5 0.610898
38 3 1 0.615365
38 3 2 0.000000
38 3 3 0.000000
38 3 4 0.634667
38 3 5 0.557182
38 4 1 0.622198
38 4 2 0.672091
38 4 3 0.676181
38 4 4 0.641500
38 4 5 0.564014
39 1 1 0.000000
39 1 2 0.709615
39 1 3 0.713705
39 1 4 0.679024
39 1 5 0.000000
39 2 1 0.669082
39 2 2 0.718975
39 2 3 0.723065
39 2 4 0.688384
39 2 5 0.610898
39 3 1 0.615365
39 3 2 0.000000
39 3 3 0.000000
39 3 4 0.634667
39 3 5 0.557182
39 4 1 0.622198
39 4 2 0.672091
39 4 3 0.676181
39 4 4 0.641500
39 4 5 0.564014
40 1 1 0.000000
40 1 2 0.709615
40 1 3 0.713705
40 1 4 0.679024
40 1 5 0.000000
40 2 1 0.669082
40 2 2 0.718975
40 2 3 0.723065
40 2 4 0.688384
40 2 5 0.610898
40 3 1 0.615365
40 3 2 0.000000
40 3 3 0.000000
40 3 4 0.634667
40 3 5 0.557182
40 4 1 0.622198
40 4 2 0.672091
40 4 3 0.676181
40 4 4 0.641500
40 4 5 0.564014
41 1 1 0.000000
41 1 2 0.709615
41 1 3 0.713705
41 1 4 0.679024
41 1 5 0.000000
41 2 1 0.669082
41 2 2 0.718975
41 2 3 0.723065
41 2 4 0.688384
41 2 5 0.610898
41 3 1 0.615365
41 3 2 0.000000
41 3 3 0.000000
41 3 4 0.634667
41 3 5 0.557182
41 4 1 0.622198
41 4 2 0.672091
41 4 3 0.676181
41 4 4 0.641500
41 4 5 0.564014
42 1 1 0.000000
42 1 2 0.709615
42 1 3 0.713705
42 1 4 0.679024
42 1 5 0.000000
42 2 1 0.669082
42 2 2 0.718975
42 2 3 0.723065
42 2 4 0.688384
42 2 5 0.610898
42 3 1 0.615365
42 3 2 0.000000
42 3 3 0.000000
42 3 4 0.634667
42 3 5 0.557182
42 4 1 0.622198
42 4 2 0.672091
42 4 3 0.676181
42 4 4 0.641500
42 4 5 0.564014
43 1 1 0.000000
43 1 2 0.709615
43 1 3 0.713705
43 1 4 0.679024
43 1 5 0.000000
43 2 1 0.669082
43 2 2 0.718975
43 2 3 0.723065
43 2 4 0.688384
43 2 5 0.610898
43 3 1 0.615365
43 3 2 0.000000
43 3 3 0.000000
43 3 4 0.634667
43 3 5 0.557182
43 4 1 0.622198
43 4 2 0.672091
43 4 3 0.676181
43 4 4 0.641500
43 4 5 0.564014
44 1 1 0.000000
44 1 2 0.709615
44 1 3 0.713705
44 1 4 0.679024
44 1 5 0.000000
44 2 1 0.669082
44 2 2 0.718975
44 2 3 0.723065
44 2 4 0.688384
44 2 5 0.610898
44 3 1 0.615365
44 3 2 0.000000
44 3 3 0.000000
44 3 4 0.634667
44 3 5 0.557182
44 4 1 0.622198
44 4 2 0.672091
44 4 3 0.676181
44 4 4 0.641500
44 4 5 0.564014
45 1 1 0.000000
45 1 2 0.709615
45 1 3 0.713705
45 1 4 0.679024
45 1 5 0.000000
45 2 1 0.669082
45 2 2 0.718975
45 2 3 0.723065
45 2 4 0.688384
45 2 5 0.610898
45 3 1 0.615365
45 3 2 0.000000
45 3 3 0.000000
45 3 4 0.634667
45 3 5 0.557182
45 4 1 0.622198
45 4 2 0.672091
45 4 3 0.676181
45 4 4 0.641500
45 4 5 0.564014
46 1 1 0.000000
46 1 2 0.709615
46 1 3 0.713705
46 1 4 0.679024
46 1 5 0.000000
46 2 1 0.669082
46 2 2 0.718975
46 2 3 0.723065
46 2 4 0.688384
46 2 5 0.610898
46 3 1 0.615365
46 3 2 0.000000
46 3 3 0.000000
46 3 4 0.634667
46 3 5 0.557182
46 4 1 0.622198
46 4 2 0.672091
46 4 3 0.676181
46 4 4 0.641500
46 4 5 0.564014
47 1 1 0.000000
47 1 2 0.709615
47 1 3 0.713705
47 1 4 0.679024
47 1 5 0.000000
47 2 1 0.669082
47 2 2 0.718975
47 2 3 0.723065
47 2 4 0.688384
47 2 5 0.610898
47 3 1 0.615365
47 3 2 0.000000
47 3 3 0.000000
47 3 4 0.634667
47 3 5 0.557182
47 4 1 0.622198
47 4 2 0.672091
47 4 3 0.676181
47 4 4 0.641500
47 4 5 0.564014
48 1 1 0.000000
48 1 2 0.709615
48 1 3 0.713705
48 1 4 0.679024
48 1 5 0.000000
48 2 1 0.669082
48 2 2 0.718975
48 2 3 0.723065
48 2 4 0.688384
48 2 5 0.610898
48 3 1 0.615365
48 3 2 0.000000
48 3 3 0.000000
48 3 4 0.634667
48 3 5 0.557182
48 4 1 0.622198
48 4 2 0.672091
48 4 3 0.676181
48 4 4 0.641500
48 4 5 0.564014
49 1 1 0.000000
49 1 2 0.709615
49 1 3 0.713705
49 1 4 0.679024
49 1 5 0.000000
49 2 1 0.669082
49 2 2 0.718975
49 2 3 0.723065
49 2 4 0.688384
49 2 5 0.610898
49 3 1 0.615365
49 3 2 0.000000
49 3 3 0.000000
49 3 4 0.634667
49 3 5 0.557182
49 4 1 0.622198
49 4 2 0.672091
49 4 3 0.676181
49 4 4 0.641500
49 4 5 0.564014
50 1 1 0.000000
50 1 2 0.709615
50 1 3 0.713705
50 1 4 0.679024
50 1 5 0.000000
50 2 1 0.669082
50 2 2 0.718975
50 2 3 0.723065
50 2 4 0.688384
50 2 5 0.610898
50 3 1 0.615365
50 3 2 0.000000
50 3 3 0.000000
50 3 4 0.634667
50 3 5 0.557182
50 4 1 0.622198
50 4 2 0.672091
50 4 3 0.676181
50 4 4 0.641500
50 4 5 0.564014
51 1 1 0.000000
51 1 2 0.709615
51 1 3 0.713705
51 1 4 0.679024
51 1 5 0.000000
51 2 1 0.669082
51 2 2 0.718975
51 2 3 0.723065
51 2 4 0.688384
51 2 5 0.610898
51 3 1 0.615365
51 3 2 0.000000
51 3 3 0.000000
51 3 4 0.634667
51 3 5 0.557182
51 4 1 0.622198
51 4 2 0.672091
51 4 3 0.676181
51 4 4 0.641500
51 4 5 0.564014
52 1 1 0.000000
52 1 2 0.709615
52 1 3 0.713705
52 1 4 0.679024
52 1 5 0.000000
52 2 1 0.669082
52 2 2 0.718975
52 2 3 0.723065
52 2 4 0.688384
52 2 5 0.610898
52 3 1 0.615365
52 3 2 0.000000
52 3 3 0.000000
52 3 4 0.634667
52 3 5 0.557182
52 4 1 0.622198
52 4 2 0.672091
52 4 3 0.676181
52 4 4 0.641500
52 4 5 0.564014
53 1 1 0.000000
53 1 2 0.709615
53 1 3 0.713705
53 1 4 0.679024
53 1 5 0.000000
53 2 1 0.669082
53 2 2 0.718975
53 2 3 0.723065
53 2 4 0.688384
53 2 5 0.610898
53 3 1 0.615365
53 3 2 0.000000
53 3 3 0.000000
53 3 4 0.634667
53 3 5 0.557182
53 4 1 0.622198
53 4 2 0.672091
53 4 3 0.676181
53 4 4 0.641500
53 4 5 0.564014
54 1 1 0.000000
54 1 2 0.709615
54 1 3 0.713705
54 1 4 0.679024
54 1 5 0.000000
54 2 1 0.669082
54 2 2 0.718975
54 2 3 0.723065
54 2 4 0.688384
54 2 5 0.610898
54 3 1 0.615365
54 3 2 0.000000
54 3 3 0.000000
54 3 4 0.634667
54 3 5 0.557182
54 4 1 0.622198
54 4 2 0.672091
54 4 3 0.676181
54 4 4 0.641500
54 4 5 0.564014
55 1 1 0.000000
55 1 2 0.709615
55 1 3 0.713705
55 1 4 0.679024
55 1 5 0.000000
55 2 1 0.669082
55 2 2 0.718975
55 2 3 0.723065
55 2 4 0.688384
55 2 5 0.610898
55 3 1 0.615365
55 3 2 0.000000
55 3 3 0.000000
55 3 4 0.634667
55 3 5 0.557182
55 4 1 0.622198
55 4 2 0.672091
55 4 3 0.676181
55 4 4 0.641500
55 4 5 0.564014
56 1 1 0.000000
56 1 2 0.709615
56 1 3 0.713705
56 1 4 0.679024
56 1 5 0.000000
56 2 1 0.669082
56 2 2 0.718975
56 2 3 0.723065
56 2 4 0.688384
56 2 5 0.610898
56 3 1 0.615365
56 3 2 0.000000
56 3 3 0.000000
56 3 4 0.634667
56 3 5 0.557182
56 4 1 0.622198
56 4 2 0.672091
56 4 3 0.676181
56 4 4 0.641500
56 4 5 0.564014
57 1 1 0.000000
57 1 2 0.709615
57 1 3 0.713705
57 1 4 0.679024
57 1 5 0.000000
57 2 1 0.669082
57 2 2 0.718975
57 2 3 0.723065
57 2 4 0.688384
57 2 5 0.610898
57 3 1 0.615365
57 3 2 0.000000
57 3 3 0.000000
57 3 4 0.634667
57 3 5 0.557182
57 4 1 0.622198
57 4 2 0.672091
57 4 3 0.676181
57 4 4 0.641500
57 4 5 0.564014
58 1 1 0.000000
58 1 2 0.709615
58 1 3 0.713705
58 1 4 0.679024
58 1 5 0.000000
58 2 1 0.669082
58 2 2 0.718975
58 2 3 0.723065
58 2 4 0.688384
58 2 5 0.610898
58 3 1 0.615365
58 3 2 0.000000
58 3 3 0.000000
58 3 4 0.634667
58 3 5 0.557182
58 4 1 0.622198
58 4 2 0.672091
58 4 3 0.676181
58 4 4 0.641500
58 4 5 0.564014
59 1 1 0.000000
59 1 2 0.709615
59 1 3 0.713705
59 1 4 0.679024
59 1 5 0.000000
59 2 1 0.669082
59 2 2 0.718975
59 2 3 0.723065
59 2 4 0.688384
59 2 5 0.610898
59 3 1 0.615365
59 3 2 0.000000
59 3 3 0.000000
59 3 4 0.634667
59 3 5 0.557182
59 4 1 0.622198
59 4 2 0.672091
59 4 3 0.676181
59 4 4 0.641500
59 4 5 0.564014
60 1 1 0.000000
60 1 2 0.709615
60 1 3 0.713705
60 1 4 0.679024
60 1 5 0.000000
60 2 1 0.669082
60 2 2 0.718975
60 2 3 0.723065
60 2 4 0.688384
60 2 5 0.610898
60 3 1 0.615365
60 3 2 0.000000
60 3 3 0.000000
60 3 4 0.634667
60 3 5 0.557182
60 4 1 0.622198
60 4 2 0.672091
60 4 3 0.676181
60 4 4 0.641500
60 4 5 0.564014
61 1 1 0.000000
61 1 2 0.709615
61 1 3 0.713705
61 1 4 0.679024
61 1 5 0.000000
61 2 1 0.669082
61 2 2 0.718975
61 2 3 0.723065
61 2 4 0.688384
61 2 5 0.610898
61 3 1 0.615365
61 3 2 0.000000
61 3 3 0.000000
61 3 4 0.634667
61 3 5 0.557182
61 4 1 0.622198
61 4 2 0.672091
61 4 3 0.676181
61 4 4 0.641500
61 4 5 0.564014
62 1 1 0.000000
62 1 2 0.709615
62 1 3 0.713705
62 1 4 0.679024
62 1 5 0.000000
62 2 1 0.669082
62 2 2 0.718975
62 2 3 0.723065
62 2 4 0.688384
62 2 5 0.610898
62 3 1 0.615365
62 3 2 0.000000
62 3 3 0.000000
62 3 4 0.634667
62 3 5 0.557182
62 4 1 0.622198
62 4 2 0.672091
62 4 3 0.676181
62 4 4 0.641500
62 4 5 0.564014
63 1 1 0.000000
63 1 2 0.709615
63 1 3 0.713705
63 1 4 0.679024
63 1 5 0.000000
63 2 1 0.669082
63 2 2 0.718975
63 2 3 0.723065
63 2 4 0.688384
63 2 5 0.610898
63 3 1 0.615365
63 3 2 0.000000
63 3 3 0.000000
63 3 4 0.634667
63 3 5 0.557182
63 4 1 0.622198
63 4 2 0.672091
63 4 3 0.676181
63 4 4 0.641500
63 4 5 0.564014
64 1 1 0.000000
64 1 2 0.709615
64 1 3 0.713705
64 1 4 0.679024
64 1 5 0.000000
64 2 1 0.669082
64 2 2 0.718975
64 2 3 0.723065
64 2 4 0.688384
64 2 5 0.610898
64 3 1 0.615365
64 3 2 0.000000
64 3 3 0.000000
64 3 4 0.634667
64 3 5 0.557182
64 4 1 0.622198
64 4 2 0.672091
64 4 3 0.676181
64 4 4 0.641500
64 4 5 0.564014
65 1 1 0.000000
65 1 2 0.709615
65 1 3 0.713705
65 1 4 0.679024
65 1 5 0.000000
65 2 1 0.669082
65 2 2 0.718975
65 2 3 0.723065
65 2 4 0.688384
65 2 5 0.610898
65 3 1 0.615365
65 3 2 0.000000
65 3 3 0.000000
65 3 4 0.634667
65 3 5 0.557182
65 4 1 0.622198
65 4 2 0.672091
65 4 3 0.676181
65 4 4 0.641500
65 4 5 0.564014
66 1 1 0.000000
66 1 2 0.709615
66 1 3 0.713705
66 1 4 0.679024
66 1 5 0.000000
66 2 1 0.669082
66 2 2 0.718975
66 2 3 0.723065
66 2 4 0.688384
66 2 5 0.610898
66 3 1 0.615365
66 3 2 0.000000
66 3 3 0.000000
66 3 4 0.634667
66 3 5 0.557182
66 4 1 0.622198
66 4 2 0.672091
66 4 3 0.676181
66 4 4 0.641500
66 4 5 0.564014
67 1 1 0.000000
67 1 2 0.709615
67 1 3 0.713705
67 1 4 0.679024
67 1 5 0.000000
67 2 1 0.669082
67 2 2 0.718975
67 2 3 0.723065
67 2 4 0.688384
67 2 5 0.610898
67 3 1 0.615365
67 3 2 0.000000
67 3 3 0.000000
67 3 4 0.634667
67 3 5 0.557182
67 4 1 0.622198
67 4 2 0.672091
67 4 3 0.676181
67 4 4 0.641500
67 4 5 0.564014
68 1 1 0.000000
68 1 2 0.709615
68 1 3 0.713705
68 1 4 0.679024
68 1 5 0.000000
68 2 1 0.669082
68 2 2 0.718975
68 2 3 0.723065
68 2 4 0.688384
68 2 5 0.610898
68 3 1 0.615365
68 3 2 0.000000
68 3 3 0.000000
68 3 4 0.634667
68 3 5 0.557182
68 4 1 0.622198
68 4 2 0.672091
68 4 3 0.676181
68 4 4 0.641500
68 4 5 0.564014
69 1 1 0.000000
69 1 2 0.709615
69 1 3 0.713705
69 1 4 0.679024
69 1 5 0.000000
69 2 1 0.669082
69 2 2 0.718975
69 2 3 0.723065
69 2 4 0.688384
69 2 5 0.610898
69 3 1 0.615365
69 3 2 0.000000
69 3 3 0.000000
69 3 4 0.634667
69 3 5 0.557182
69 4 1 0.622198
69 4 2 0.672091
69 4 3 0.676181
69 4 4 0.641500
69 4 5 0.564014
70 1 1 0.000000
70 1 2 0.709615
70 1 3 0.713705
70 1 4 0.679024
70 1 5 0.000000
70 2 1 0.669082
70 2 2 0.718975
70 2 3 0.723065
70 2 4 0.688384
70 2 5 0.610898
70 3 1 0.615365
70 3 2 0.000000
70 3 3 0.000000
70 3 4 0.634667
70 3 5 0.557182
70 4 1 0.622198
70 4 2 0.672091
70 4 3 0.676181
70 4 4 0.641500
70 4 5 0.564014
