1 1 1 0.682892
1 1 2 0.000000
1 1 3 0.699150
1 1 4 0.650828
1 1 5 0.000000
1 2 1 0.641926
1 2 2 0.661740
1 2 3 0.658184
1 2 4 0.609862
1 2 5 0.000000
1 3 1 0.662633
1 3 2 0.000000
1 3 3 0.678892
1 3 4 0.630570
1 3 5 0.548103
1 4 1 0.655135
1 4 2 0.674950
1 4 3 0.671394
1 4 4 0.000000
1 4 5 0.540605
1 5 1 0.000000
1 5 2 0.641023
1 5 3 0.637466
1 5 4 0.589145
1 5 5 0.000000
1 6 1 0.629796
1 6 2 0.649610
1 6 3 0.646054
1 6 4 0.597732
1 6 5 0.515266
2 1 1 0.682892
2 1 2 0.000000
2 1 3 0.699150
2 1 4 0.650828
2 1 5 0.000000
2 2 1 0.641926
2 2 2 0.661740
2 2 3 0.658184
2 2 4 0.609862
2 2 5 0.000000
2 3 1 0.662633
2 3 2 0.000000
2 3 3 0.678892
2 3 4 0.630570
2 3 5 0.548103
2 4 1 0.655135
2 4 2 0.674950
2 4 3 0.671394
2 4 4 0.000000
2 4 5 0.540605
2 5 1 0.000000
2 5 2 0.641023
2 5 3 0.637466
2 5 4 0.589145
2 5 5 0.000000
2 6 1 0.629796
2 6 2 0.649610
2 6 3 0.646054
2 6 4 0.597732
2 6 5 0.515266
3 1 1 0.682892
3 1 2 0.000000
3 1 3 0.699150
3 1 4 0.650828
3 1 5 0.000000
3 2 1 0.641926
3 2 2 0.661740
3 2 3 0.658184
3 2 4 0.609862
3 2 5 0.000000
3 3 1 0.662633
3 3 2 0.000000
3 3 3 0.678892
3 3 4 0.630570
3 3 5 0.548103
3 4 1 0.655135
3 4 2 0.674950
3 4 3 0.671394
3 4 4 0.000000
3 4 5 0.540605
3 5 1 0.000000
3 5 2 0.641023
3 5 3 0.637466
3 5 4 0.589145
3 5 5 0.000000
3 6 1 0.629796
3 6 2 0.649610
3 6 3 0.646054
3 6 4 0.597732
3 6 5 0.515266
4 1 1 0.682892
4 1 2 0.000000
4 1 3 0.699150
4 1 4 0.650828
4 1 5 0.000000
4 2 1 0.641926
4 2 2 0.661740
4 2 3 0.658184
4 2 4 0.609862
4 2 5 0.000000
4 3 1 0.662633
4 3 2 0.000000
4 3 3 0.678892
4 3 4 0.630570
4 3 5 0.548103
4 4 1 0.655135
4 4 2 0.674950
4 4 3 0.671394
4 4 4 0.000000
4 4 5 0.540605
4 5 1 0.000000
4 5 2 0.641023
4 5 3 0.637466
4 5 4 0.589145
4 5 5 0.000000
4 6 1 0.629796
4 6 2 0.649610
4 6 3 0.646054
4 6 4 0.597732
4 6 5 0.515266
5 1 1 0.682892
5 1 2 0.000000
5 1 3 0.699150
5 1 4 0.650828
5 1 5 0.000000
5 2 1 0.641926
5 2 2 0.661740
5 2 3 0.658184
5 2 4 0.609862
5 2 5 0.000000
5 3 1 0.662633
5 3 2 0.000000
5 3 3 0.678892
5 3 4 0.630570
5 3 5 0.548103
5 4 1 0.655135
5 4 2 0.674950
5 4 3 0.671394
5 4 4 0.000000
5 4 5 0.540605
5 5 1 0.000000
5 5 2 0.641023
5 5 3 0.637466
5 5 4 0.589145
5 5 5 0.000000
5 6 1 0.629796
5 6 2 0.649610
5 6 3 0.646054
5 6 4 0.597732
5 6 5 0.515266
6 1 1 0.682892
6 1 2 0.000000
6 1 3 0.699150
6 1 4 0.650828
6 1 5 0.000000
6 2 1 0.641926
6 2 2 0.661740
6 2 3 0.658184
6 2 4 0.609862
6 2 5 0.000000
6 3 1 0.662633
6 3 2 0.000000
6 3 3 0.678892
6 3 4 0.630570
6 3 5 0.548103
6 4 1 0.655135
6 4 2 0.674950
6 4 3 0.671394
6 4 4 0.000000
6 4 5 0.540605
6 5 1 0.000000
6 5 2 0.641023
6 5 3 0.637466
6 5 4 0.589145
6 5 5 0.000000
6 6 1 0.629796
6 6 2 0.649610
6 6 3 0.646054
6 6 4 0.597732
6 6 5 0.515266
7 1 1 0.682892
7 1 2 0.000000
7 1 3 0.699150
7 1 4 0.650828
7 1 5 0.000000
7 2 1 0.641926
7 2 2 0.661740
7 2 3 0.658184
7 2 4 0.609862
7 2 5 0.000000
7 3 1 0.662633
7 3 2 0.000000
7 3 3 0.678892
7 3 4 0.630570
7 3 5 0.548103
7 4 1 0.655135
7 4 2 0.674950
7 4 3 0.671394
7 4 4 0.000000
7 4 5 0.540605
7 5 1 0.000000
7 5 2 0.641023
7 5 3 0.637466
7 5 4 0.589145
7 5 5 0.000000
7 6 1 0.629796
7 6 2 0.649610
7 6 3 0.646054
7 6 4 0.597732
7 6 5 0.515266
8 1 1 0.682892
8 1 2 0.000000
8 1 3 0.699150
8 1 4 0.650828
8 1 5 0.000000
8 2 1 0.641926
8 2 2 0.661740
8 2 3 0.658184
8 2 4 0.609862
8 2 5 0.000000
8 3 1 0.662633
8 3 2 0.000000
8 3 3 0.678892
8 3 4 0.630570
8 3 5 0.548103
8 4 1 0.655135
8 4 2 0.674950
8 4 3 0.671394
8 4 4 0.000000
8 4 5 0.540605
8 5 1 0.000000
8 5 2 0.641023
8 5 3 0.637466
8 5 4 0.589145
8 5 5 0.000000
8 6 1 0.629796
8 6 2 0.649610
8 6 3 0.646054
8 6 4 0.597732
8 6 5 0.515266
9 1 1 0.682892
9 1 2 0.000000
9 1 3 0.699150
9 1 4 0.650828
9 1 5 0.000000
9 2 1 0.641926
9 2 2 0.661740
9 2 3 0.658184
9 2 4 0.609862
9 2 5 0.000000
9 3 1 0.662633
9 3 2 0.000000
9 3 3 0.678892
9 3 4 0.630570
9 3 5 0.548103
9 4 1 0.655135
9 4 2 0.674950
9 4 3 0.671394
9 4 4 0.000000
9 4 5 0.540605
9 5 1 0.000000
9 5 2 0.641023
9 5 3 0.637466
9 5 4 0.589145
9 5 5 0.000000
9 6 1 0.629796
9 6 2 0.649610
9 6 3 0.646054
9 6 4 0.597732
9 6 5 0.515266
10 1 1 0.682892
10 1 2 0.000000
10 1 3 0.699150
10 1 4 0.650828
10 1 5 0.000000
10 2 1 0.641926
10 2 2 0.661740
10 2 3 0.658184
10 2 4 0.609862
10 2 5 0.000000
10 3 1 0.662633
10 3 2 0.000000
10 3 3 0.678892
10 3 4 0.630570
10 3 5 0.548103
10 4 1 0.655135
10 4 2 0.674950
10 4 3 0.671394
10 4 4 0.000000
10 4 5 0.540605
10 5 1 0.000000
10 5 2 0.641023
10 5 3 0.637466
10 5 4 0.589145
10 5 5 0.000000
10 6 1 0.629796
10 6 2 0.649610
10 6 3 0.646054
10 6 4 0.597732
10 6 5 0.515266
11 1 1 0.682892
11 1 2 0.000000
11 1 3 0.699150
11 1 4 0.650828
11 1 5 0.000000
11 2 1 0.641926
11 2 2 0.661740
11 2 3 0.658184
11 2 4 0.609862
11 2 5 0.000000
11 3 1 0.662633
11 3 2 0.000000
11 3 3 0.678892
11 3 4 0.630570
11 3 5 0.548103
11 4 1 0.655135
11 4 2 0.674950
11 4 3 0.671394
11 4 4 0.000000
11 4 5 0.540605
11 5 1 0.000000
11 5 2 0.641023
11 5 3 0.637466
11 5 4 0.589145
11 5 5 0.000000
11 6 1 0.629796
11 6 2 0.649610
11 6 3 0.646054
11 6 4 0.597732
11 6 5 0.515266
12 1 1 0.682892
12 1 2 0.000000
12 1 3 0.699150
12 1 4 0.650828
12 1 5 0.000000
12 2 1 0.641926
12 2 2 0.661740
12 2 3 0.658184
12 2 4 0.609862
12 2 5 0.000000
12 3 1 0.662633
12 3 2 0.000000
12 3 3 0.678892
12 3 4 0.630570
12 3 5 0.548103
12 4 1 0.655135
12 4 2 0.674950
12 4 3 0.671394
12 4 4 0.000000
12 4 5 0.540605
12 5 1 0.000000
12 5 2 0.641023
12 5 3 0.637466
12 5 4 0.589145
12 5 5 0.000000
12 6 1 0.629796
12 6 2 0.649610
12 6 3 0.646054
12 6 4 0.597732
12 6 5 0.515266
13 1 1 0.682892
13 1 2 0.000000
13 1 3 0.699150
13 1 4 0.650828
13 1 5 0.000000
13 2 1 0.641926
13 2 2 0.661740
13 2 3 0.658184
13 2 4 0.609862
13 2 5 0.000000
13 3 1 0.662633
13 3 2 0.000000
13 3 3 0.678892
13 3 4 0.630570
13 3 5 0.548103
13 4 1 0.655135
13 4 2 0.674950
13 4 3 0.671394
13 4 4 0.000000
13 4 5 0.540605
13 5 1 0.000000
13 5 2 0.641023
13 5 3 0.637466
13 5 4 0.589145
13 5 5 0.000000
13 6 1 0.629796
13 6 2 0.649610
13 6 3 0.646054
13 6 4 0.597732
13 6 5 0.515266
14 1 1 0.682892
14 1 2 0.000000
14 1 3 0.699150
14 1 4 0.650828
14 1 5 0.000000
14 2 1 0.641926
14 2 2 0.661740
14 2 3 0.658184
14 2 4 0.609862
14 2 5 0.000000
14 3 1 0.662633
14 3 2 0.000000
14 3 3 0.678892
14 3 4 0.630570
14 3 5 0.548103
14 4 1 0.655135
14 4 2 0.674950
14 4 3 0.671394
14 4 4 0.000000
14 4 5 0.540605
14 5 1 0.000000
14 5 2 0.641023
14 5 3 0.637466
14 5 4 0.589145
14 5 5 0.000000
14 6 1 0.629796
14 6 2 0.649610
14 6 3 0.646054
14 6 4 0.597732
14 6 5 0.515266
15 1 1 0.682892
15 1 2 0.000000
15 1 3 0.699150
15 1 4 0.650828
15 1 5 0.000000
15 2 1 0.641926
15 2 2 0.661740
15 2 3 0.658184
15 2 4 0.609862
15 2 5 0.000000
15 3 1 0.662633
15 3 2 0.000000
15 3 3 0.678892
15 3 4 0.630570
15 3 5 0.548103
15 4 1 0.655135
15 4 2 0.674950
15 4 3 0.671394
15 4 4 0.000000
15 4 5 0.540605
15 5 1 0.000000
15 5 2 0.641023
15 5 3 0.637466
15 5 4 0.589145
15 5 5 0.000000
15 6 1 0.629796
15 6 2 0.649610
15 6 3 0.646054
15 6 4 0.597732
15 6 5 0.515266
16 1 1 0.682892
16 1 2 0.000000
16 1 3 0.699150
16 1 4 0.650828
16 1 5 0.000000
16 2 1 0.641926
16 2 2 0.661740
16 2 3 0.658184
16 2 4 0.609862
16 2 5 0.000000
16 3 1 0.662633
16 3 2 0.000000
16 3 3 0.678892
16 3 4 0.630570
16 3 5 0.548103
16 4 1 0.655135
16 4 2 0.674950
16 4 3 0.671394
16 4 4 0.000000
16 4 5 0.540605
16 5 1 0.000000
16 5 2 0.641023
16 5 3 0.637466
16 5 4 0.589145
16 5 5 0.000000
16 6 1 0.629796
16 6 2 0.649610
16 6 3 0.646054
16 6 4 0.597732
16 6 5 0.515266
17 1 1 0.682892
17 1 2 0.000000
17 1 3 0.699150
17 1 4 0.650828
17 1 5 0.000000
17 2 1 0.641926
17 2 2 0.661740
17 2 3 0.658184
17 2 4 0.609862
17 2 5 0.000000
17 3 1 0.662633
17 3 2 0.000000
17 3 3 0.678892
17 3 4 0.630570
17 3 5 0.548103
17 4 1 0.655135
17 4 2 0.674950
17 4 3 0.671394
17 4 4 0.000000
17 4 5 0.540605
17 5 1 0.000000
17 5 2 0.641023
17 5 3 0.637466
17 5 4 0.589145
17 5 5 0.000000
17 6 1 0.629796
17 6 2 0.649610
17 6 3 0.646054
17 6 4 0.597732
17 6 5 0.515266
18 1 1 0.682892
18 1 2 0.000000
18 1 3 0.699150
18 1 4 0.650828
18 1 5 0.000000
18 2 1 0.641926
18 2 2 0.661740
18 2 3 0.658184
18 2 4 0.609862
18 2 5 0.000000
18 3 1 0.662633
18 3 2 0.000000
18 3 3 0.678892
18 3 4 0.630570
18 3 5 0.548103
18 4 1 0.655135
18 4 2 0.674950
18 4 3 0.671394
18 4 4 0.000000
18 4 5 0.540605
18 5 1 0.000000
18 5 2 0.641023
18 5 3 0.637466
18 5 4 0.589145
18 5 5 0.000000
18 6 1 0.629796
18 6 2 0.649610
18 6 3 0.646054
18 6 4 0.597732
18 6 5 0.515266
19 1 1 0.682892
19 1 2 0.000000
19 1 3 0.699150
19 1 4 0.650828
19 1 5 0.000000
19 2 1 0.641926
19 2 2 0.661740
19 2 3 0.658184
19 2 4 0.609862
19 2 5 0.000000
19 3 1 0.662633
19 3 2 0.000000
19 3 3 0.678892
19 3 4 0.630570
19 3 5 0.548103
19 4 1 0.655135
19 4 2 0.674950
19 4 3 0.671394
19 4 4 0.000000
19 4 5 0.540605
19 5 1 0.000000
19 5 2 0.641023
19 5 3 0.637466
19 5 4 0.589145
19 5 5 0.000000
19 6 1 0.629796
19 6 2 0.649610
19 6 3 0.646054
19 6 4 0.597732
19 6 5 0.515266
20 1 1 0.682892
20 1 2 0.000000
20 1 3 0.699150
20 1 4 0.650828
20 1 5 0.000000
20 2 1 0.641926
20 2 2 0.661740
20 2 3 0.658184
20 2 4 0.609862
20 2 5 0.000000
20 3 1 0.662633
20 3 2 0.000000
20 3 3 0.678892
20 3 4 0.630570
20 3 5 0.548103
20 4 1 0.655135
20 4 2 0.674950
20 4 3 0.671394
20 4 4 0.000000
20 4 5 0.540605
20 5 1 0.000000
20 5 2 0.641023
20 5 3 0.637466
20 5 4 0.589145
20 5 5 0.000000
20 6 1 0.629796
20 6 2 0.649610
20 6 3 0.646054
20 6 4 0.597732
20 6 5 0.515266
21 1 1 0.682892
21 1 2 0.000000
21 1 3 0.699150
21 1 4 0.650828
21 1 5 0.000000
21 2 1 0.641926
21 2 2 0.661740
21 2 3 0.658184
21 2 4 0.609862
21 2 5 0.000000
21 3 1 0.662633
21 3 2 0.000000
21 3 3 0.678892
21 3 4 0.630570
21 3 5 0.548103
21 4 1 0.655135
21 4 2 0.674950
21 4 3 0.671394
21 4 4 0.000000
21 4 5 0.540605
21 5 1 0.000000
21 5 2 0.641023
21 5 3 0.637466
21 5 4 0.589145
21 5 5 0.000000
21 6 1 0.629796
21 6 2 0.649610
21 6 3 0.646054
21 6 4 0.597732
21 6 5 0.515266
22 1 1 0.682892
22 1 2 0.000000
22 1 3 0.699150
22 1 4 0.650828
22 1 5 0.000000
22 2 1 0.641926
22 2 2 0.661740
22 2 3 0.658184
22 2 4 0.609862
22 2 5 0.000000
22 3 1 0.662633
22 3 2 0.000000
22 3 3 0.678892
22 3 4 0.630570
22 3 5 0.548103
22 4 1 0.655135
22 4 2 0.674950
22 4 3 0.671394
22 4 4 0.000000
22 4 5 0.540605
22 5 1 0.000000
22 5 2 0.641023
22 5 3 0.637466
22 5 4 0.589145
22 5 5 0.000000
22 6 1 0.629796
22 6 2 0.649610
22 6 3 0.646054
22 6 4 0.597732
22 6 5 0.515266
23 1 1 0.682892
23 1 2 0.000000
23 1 3 0.699150
23 1 4 0.650828
23 1 5 0.000000
23 2 1 0.641926
23 2 2 0.661740
23 2 3 0.658184
23 2 4 0.609862
23 2 5 0.000000
23 3 1 0.662633
23 3 2 0.000000
23 3 3 0.678892
23 3 4 0.630570
23 3 5 0.548103
23 4 1 0.655135
23 4 2 0.674950
23 4 3 0.671394
23 4 4 0.000000
23 4 5 0.540605
23 5 1 0.000000
23 5 2 0.641023
23 5 3 0.637466
23 5 4 0.589145
23 5 5 0.000000
23 6 1 0.629796
23 6 2 0.649610
23 6 3 0.646054
23 6 4 0.597732
23 6 5 0.515266
24 1 1 0.682892
24 1 2 0.000000
24 1 3 0.699150
24 1 4 0.650828
24 1 5 0.000000
24 2 1 0.641926
24 2 2 0.661740
24 2 3 0.658184
24 2 4 0.609862
24 2 5 0.000000
24 3 1 0.662633
24 3 2 0.000000
24 3 3 0.678892
24 3 4 0.630570
24 3 5 0.548103
24 4 1 0.655135
24 4 2 0.674950
24 4 3 0.671394
24 4 4 0.000000
24 4 5 0.540605
24 5 1 0.000000
24 5 2 0.641023
24 5 3 0.637466
24 5 4 0.589145
24 5 5 0.000000
24 6 1 0.629796
24 6 2 0.649610
24 6 3 0.646054
24 6 4 0.597732
24 6 5 0.515266
25 1 1 0.682892
25 1 2 0.000000
25 1 3 0.699150
25 1 4 0.650828
25 1 5 0.000000
25 2 1 0.641926
25 2 2 0.661740
25 2 3 0.658184
25 2 4 0.609862
25 2 5 0.000000
25 3 1 0.662633
25 3 2 0.000000
25 3 3 0.678892
25 3 4 0.630570
25 3 5 0.548103
25 4 1 0.655135
25 4 2 0.674950
25 4 3 0.671394
25 4 4 0.000000
25 4 5 0.540605
25 5 1 0.000000
25 5 2 0.641023
25 5 3 0.637466
25 5 4 0.589145
25 5 5 0.000000
25 6 1 0.629796
25 6 2 0.649610
25 6 3 0.646054
25 6 4 0.597732
25 6 5 0.515266
26 1 1 0.682892
26 1 2 0.000000
26 1 3 0.699150
26 1 4 0.650828
26 1 5 0.000000
26 2 1 0.641926
26 2 2 0.661740
26 2 3 0.658184
26 2 4 0.609862
26 2 5 0.000000
26 3 1 0.662633
26 3 2 0.000000
26 3 3 0.678892
26 3 4 0.630570
26 3 5 0.548103
26 4 1 0.655135
26 4 2 0.674950
26 4 3 0.671394
26 4 4 0.000000
26 4 5 0.540605
26 5 1 0.000000
26 5 2 0.641023
26 5 3 0.637466
26 5 4 0.589145
26 5 5 0.000000
26 6 1 0.629796
26 6 2 0.649610
26 6 3 0.646054
26 6 4 0.597732
26 6 5 0.515266
27 1 1 0.682892
27 1 2 0.000000
27 1 3 0.699150
27 1 4 0.650828
27 1 5 0.000000
27 2 1 0.641926
27 2 2 0.661740
27 2 3 0.658184
27 2 4 0.609862
27 2 5 0.000000
27 3 1 0.662633
27 3 2 0.000000
27 3 3 0.678892
27 3 4 0.630570
27 3 5 0.548103
27 4 1 0.655135
27 4 2 0.674950
27 4 3 0.671394
27 4 4 0.000000
27 4 5 0.540605
27 5 1 0.000000
27 5 2 0.641023
27 5 3 0.637466
27 5 4 0.589145
27 5 5 0.000000
27 6 1 0.629796
27 6 2 0.649610
27 6 3 0.646054
27 6 4 0.597732
27 6 5 0.515266
28 1 1 0.682892
28 1 2 0.000000
28 1 3 0.699150
28 1 4 0.650828
28 1 5 0.000000
28 2 1 0.641926
28 2 2 0.661740
28 2 3 0.658184
28 2 4 0.609862
28 2 5 0.000000
28 3 1 0.662633
28 3 2 0.000000
28 3 3 0.678892
28 3 4 0.630570
28 3 5 0.548103
28 4 1 0.655135
28 4 2 0.674950
28 4 3 0.671394
28 4 4 0.000000
28 4 5 0.540605
28 5 1 0.000000
28 5 2 0.641023
28 5 3 0.637466
28 5 4 0.589145
28 5 5 0.000000
28 6 1 0.629796
28 6 2 0.649610
28 6 3 0.646054
28 6 4 0.597732
28 6 5 0.515266
29 1 1 0.682892
29 1 2 0.000000
29 1 3 0.699150
29 1 4 0.650828
29 1 5 0.000000
29 2 1 0.641926
29 2 2 0.661740
29 2 3 0.658184
29 2 4 0.609862
29 2 5 0.000000
29 3 1 0.662633
29 3 2 0.000000
29 3 3 0.678892
29 3 4 0.630570
29 3 5 0.548103
29 4 1 0.655135
29 4 2 0.674950
29 4 3 0.671394
29 4 4 0.000000
29 4 5 0.540605
29 5 1 0.000000
29 5 2 0.641023
29 5 3 0.637466
29 5 4 0.589145
29 5 5 0.000000
29 6 1 0.629796
29 6 2 0.649610
29 6 3 0.646054
29 6 4 0.597732
29 6 5 0.515266
30 1 1 0.682892
30 1 2 0.000000
30 1 3 0.699150
30 1 4 0.650828
30 1 5 0.000000
30 2 1 0.641926
30 2 2 0.661740
30 2 3 0.658184
30 2 4 0.609862
30 2 5 0.000000
30 3 1 0.662633
30 3 2 0.000000
30 3 3 0.678892
30 3 4 0.630570
30 3 5 0.548103
30 4 1 0.655135
30 4 2 0.674950
30 4 3 0.671394
30 4 4 0.000000
30 4 5 0.540605
30 5 1 0.000000
30 5 2 0.641023
30 5 3 0.637466
30 5 4 0.589145
30 5 5 0.000000
30 6 1 0.629796
30 6 2 0.649610
30 6 3 0.646054
30 6 4 0.597732
30 6 5 0.515266
31 1 1 0.682892
31 1 2 0.000000
31 1 3 0.699150
31 1 4 0.650828
31 1 5 0.000000
31 2 1 0.641926
31 2 2 0.661740
31 2 3 0.658184
31 2 4 0.609862
31 2 5 0.000000
31 3 1 0.662633
31 3 2 0.000000
31 3 3 0.678892
31 3 4 0.630570
31 3 5 0.548103
31 4 1 0.655135
31 4 2 0.674950
31 4 3 0.671394
31 4 4 0.000000
31 4 5 0.540605
31 5 1 0.000000
31 5 2 0.641023
31 5 3 0.637466
31 5 4 0.589145
31 5 5 0.000000
31 6 1 0.629796
31 6 2 0.649610
31 6 3 0.646054
31 6 4 0.597732
31 6 5 0.515266
32 1 1 0.682892
32 1 2 0.000000
32 1 3 0.699150
32 1 4 0.650828
32 1 5 0.000000
32 2 1 0.641926
32 2 2 0.661740
32 2 3 0.658184
32 2 4 0.609862
32 2 5 0.000000
32 3 1 0.662633
32 3 2 0.000000
32 3 3 0.678892
32 3 4 0.630570
32 3 5 0.548103
32 4 1 0.655135
32 4 2 0.674950
32 4 3 0.671394
32 4 4 0.000000
32 4 5 0.540605
32 5 1 0.000000
32 5 2 0.641023
32 5 3 0.637466
32 5 4 0.589145
32 5 5 0.000000
32 6 1 0.629796
32 6 2 0.649610
32 6 3 0.646054
32 6 4 0.597732
32 6 5 0.515266
33 1 1 0.682892
33 1 2 0.000000
33 1 3 0.699150
33 1 4 0.650828
33 1 5 0.000000
33 2 1 0.641926
33 2 2 0.661740
33 2 3 0.658184
33 2 4 0.609862
33 2 5 0.000000
33 3 1 0.662633
33 3 2 0.000000
33 3 3 0.678892
33 3 4 0.630570
33 3 5 0.548103
33 4 1 0.655135
33 4 2 0.674950
33 4 3 0.671394
33 4 4 0.000000
33 4 5 0.540605
33 5 1 0.000000
33 5 2 0.641023
33 5 3 0.637466
33 5 4 0.589145
33 5 5 0.000000
33 6 1 0.629796
33 6 2 0.649610
33 6 3 0.646054
33 6 4 0.597732
33 6 5 0.515266
34 1 1 0.682892
34 1 2 0.000000
34 1 3 0.699150
34 1 4 0.650828
34 1 5 0.000000
34 2 1 0.641926
34 2 2 0.661740
34 2 3 0.658184
34 2 4 0.609862
34 2 5 0.000000
34 3 1 0.662633
34 3 2 0.000000
34 3 3 0.678892
34 3 4 0.630570
34 3 5 0.548103
34 4 1 0.655135
34 4 2 0.674950
34 4 3 0.671394
34 4 4 0.000000
34 4 5 0.540605
34 5 1 0.000000
34 5 2 0.641023
34 5 3 0.637466
34 5 4 0.589145
34 5 5 0.000000
34 6 1 0.629796
34 6 2 0.649610
34 6 3 0.646054
34 6 4 0.597732
34 6 5 0.515266
35 1 1 0.682892
35 1 2 0.000000
35 1 3 0.699150
35 1 4 0.650828
35 1 5 0.000000
35 2 1 0.641926
35 2 2 0.661740
35 2 3 0.658184
35 2 4 0.609862
35 2 5 0.000000
35 3 1 0.662633
35 3 2 0.000000
35 3 3 0.678892
35 3 4 0.630570
35 3 5 0.548103
35 4 1 0.655135
35 4 2 0.674950
35 4 3 0.671394
35 4 4 0.000000
35 4 5 0.540605
35 5 1 0.000000
35 5 2 0.641023
35 5 3 0.637466
35 5 4 0.589145
35 5 5 0.000000
35 6 1 0.629796
35 6 2 0.649610
35 6 3 0.646054
35 6 4 0.597732
35 6 5 0.515266
36 1 1 0.682892
36 1 2 0.000000
36 1 3 0.699150
36 1 4 0.650828
36 1 5 0.000000
36 2 1 0.641926
36 2 2 0.661740
36 2 3 0.658184
36 2 4 0.609862
36 2 5 0.000000
36 3 1 0.662633
36 3 2 0.000000
36 3 3 0.678892
36 3 4 0.630570
36 3 5 0.548103
36 4 1 0.655135
36 4 2 0.674950
36 4 3 0.671394
36 4 4 0.000000
36 4 5 0.540605
36 5 1 0.000000
36 5 2 0.641023
36 5 3 0.637466
36 5 4 0.589145
36 5 5 0.000000
36 6 1 0.629796
36 6 2 0.649610
36 6 3 0.646054
36 6 4 0.597732
36 6 5 0.515266
37 1 1 0.682892
37 1 2 0.000000
37 1 3 0.699150
37 1 4 0.650828
37 1 5 0.000000
37 2 1 0.641926
37 2 2 0.661740
37 2 3 0.658184
37 2 4 0.609862
37 2 5 0.000000
37 3 1 0.662633
37 3 2 0.000000
37 3 3 0.678892
37 3 4 0.630570
37 3 5 0.548103
37 4 1 0.655135
37 4 2 0.674950
37 4 3 0.671394
37 4 4 0.000000
37 4 5 0.540605
37 5 1 0.000000
37 5 2 0.641023
37 5 3 0.637466
37 5 4 0.589145
37 5 5 0.000000
37 6 1 0.629796
37 6 2 0.649610
37 6 3 0.646054
37 6 4 0.597732
37 6 5 0.515266
38 1 1 0.682892
38 1 2 0.000000
38 1 3 0.699150
38 1 4 0.650828
38 1 5 0.000000
38 2 1 0.641926
38 2 2 0.661740
38 2 3 0.658184
38 2 4 0.609862
38 2 5 0.000000
38 3 1 0.662633
38 3 2 0.000000
38 3 3 0.678892
38 3 4 0.630570
38 3 5 0.548103
38 4 1 0.655135
38 4 2 0.674950
38 4 3 0.671394
38 4 4 0.000000
38 4 5 0.540605
38 5 1 0.000000
38 5 2 0.641023
38 5 3 0.637466
38 5 4 0.589145
38 5 5 0.000000
38 6 1 0.629796
38 6 2 0.649610
38 6 3 0.646054
38 6 4 0.597732
38 6 5 0.515266
39 1 1 0.682892
39 1 2 0.000000
39 1 3 0.699150
39 1 4 0.650828
39 1 5 0.000000
39 2 1 0.641926
39 2 2 0.661740
39 2 3 0.658184
39 2 4 0.609862
39 2 5 0.000000
39 3 1 0.662633
39 3 2 0.000000
39 3 3 0.678892
39 3 4 0.630570
39 3 5 0.548103
39 4 1 0.655135
39 4 2 0.674950
39 4 3 0.671394
39 4 4 0.000000
39 4 5 0.540605
39 5 1 0.000000
39 5 2 0.641023
39 5 3 0.637466
39 5 4 0.589145
39 5 5 0.000000
39 6 1 0.629796
39 6 2 0.649610
39 6 3 0.646054
39 6 4 0.597732
39 6 5 0.515266
40 1 1 0.682892
40 1 2 0.000000
40 1 3 0.699150
40 1 4 0.650828
40 1 5 0.000000
40 2 1 0.641926
40 2 2 0.661740
40 2 3 0.658184
40 2 4 0.609862
40 2 5 0.000000
40 3 1 0.662633
40 3 2 0.000000
40 3 3 0.678892
40 3 4 0.630570
40 3 5 0.548103
40 4 1 0.655135
40 4 2 0.674950
40 4 3 0.671394
40 4 4 0.000000
40 4 5 0.540605
40 5 1 0.000000
40 5 2 0.641023
40 5 3 0.637466
40 5 4 0.589145
40 5 5 0.000000
40 6 1 0.629796
40 6 2 0.649610
40 6 3 0.646054
40 6 4 0.597732
40 6 5 0.515266
41 1 1 0.682892
41 1 2 0.000000
41 1 3 0.699150
41 1 4 0.650828
41 1 5 0.000000
41 2 1 0.641926
41 2 2 0.661740
41 2 3 0.658184
41 2 4 0.609862
41 2 5 0.000000
41 3 1 0.662633
41 3 2 0.000000
41 3 3 0.678892
41 3 4 0.630570
41 3 5 0.548103
41 4 1 0.655135
41 4 2 0.674950
41 4 3 0.671394
41 4 4 0.000000
41 4 5 0.540605
41 5 1 0.000000
41 5 2 0.641023
41 5 3 0.637466
41 5 4 0.589145
41 5 5 0.000000
41 6 1 0.629796
41 6 2 0.649610
41 6 3 0.646054
41 6 4 0.597732
41 6 5 0.515266
42 1 1 0.682892
42 1 2 0.000000
42 1 3 0.699150
42 1 4 0.650828
42 1 5 0.000000
42 2 1 0.641926
42 2 2 0.661740
42 2 3 0.658184
42 2 4 0.609862
42 2 5 0.000000
42 3 1 0.662633
42 3 2 0.000000
42 3 3 0.678892
42 3 4 0.630570
42 3 5 0.548103
42 4 1 0.655135
42 4 2 0.674950
42 4 3 0.671394
42 4 4 0.000000
42 4 5 0.540605
42 5 1 0.000000
42 5 2 0.641023
42 5 3 0.637466
42 5 4 0.589145
42 5 5 0.000000
42 6 1 0.629796
42 6 2 0.649610
42 6 3 0.646054
42 6 4 0.597732
42 6 5 0.515266
43 1 1 0.682892
43 1 2 0.000000
43 1 3 0.699150
43 1 4 0.650828
43 1 5 0.000000
43 2 1 0.641926
43 2 2 0.661740
43 2 3 0.658184
43 2 4 0.609862
43 2 5 0.000000
43 3 1 0.662633
43 3 2 0.000000
43 3 3 0.678892
43 3 4 0.630570
43 3 5 0.548103
43 4 1 0.655135
43 4 2 0.674950
43 4 3 0.671394
43 4 4 0.000000
43 4 5 0.540605
43 5 1 0.000000
43 5 2 0.641023
43 5 3 0.637466
43 5 4 0.589145
43 5 5 0.000000
43 6 1 0.629796
43 6 2 0.649610
43 6 3 0.646054
43 6 4 0.597732
43 6 5 0.515266
44 1 1 0.682892
44 1 2 0.000000
44 1 3 0.699150
44 1 4 0.650828
44 1 5 0.000000
44 2 1 0.641926
44 2 2 0.661740
44 2 3 0.658184
44 2 4 0.609862
44 2 5 0.000000
44 3 1 0.662633
44 3 2 0.000000
44 3 3 0.678892
44 3 4 0.630570
44 3 5 0.548103
44 4 1 0.655135
44 4 2 0.674950
44 4 3 0.671394
44 4 4 0.000000
44 4 5 0.540605
44 5 1 0.000000
44 5 2 0.641023
44 5 3 0.637466
44 5 4 0.589145
44 5 5 0.000000
44 6 1 0.629796
44 6 2 0.649610
44 6 3 0.646054
44 6 4 0.597732
44 6 5 0.515266
45 1 1 0.682892
45 1 2 0.000000
45 1 3 0.699150
45 1 4 0.650828
45 1 5 0.000000
45 2 1 0.641926
45 2 2 0.661740
45 2 3 0.658184
45 2 4 0.609862
45 2 5 0.000000
45 3 1 0.662633
45 3 2 0.000000
45 3 3 0.678892
45 3 4 0.630570
45 3 5 0.548103
45 4 1 0.655135
45 4 2 0.674950
45 4 3 0.671394
45 4 4 0.000000
45 4 5 0.540605
45 5 1 0.000000
45 5 2 0.641023
45 5 3 0.637466
45 5 4 0.589145
45 5 5 0.000000
45 6 1 0.629796
45 6 2 0.649610
45 6 3 0.646054
45 6 4 0.597732
45 6 5 0.515266
46 1 1 0.682892
46 1 2 0.000000
46 1 3 0.699150
46 1 4 0.650828
46 1 5 0.000000
46 2 1 0.641926
46 2 2 0.661740
46 2 3 0.658184
46 2 4 0.609862
46 2 5 0.000000
46 3 1 0.662633
46 3 2 0.000000
46 3 3 0.678892
46 3 4 0.630570
46 3 5 0.548103
46 4 1 0.655135
46 4 2 0.674950
46 4 3 0.671394
46 4 4 0.000000
46 4 5 0.540605
46 5 1 0.000000
46 5 2 0.641023
46 5 3 0.637466
46 5 4 0.589145
46 5 5 0.000000
46 6 1 0.629796
46 6 2 0.649610
46 6 3 0.646054
46 6 4 0.597732
46 6 5 0.515266
47 1 1 0.682892
47 1 2 0.000000
47 1 3 0.699150
47 1 4 0.650828
47 1 5 0.000000
47 2 1 0.641926
47 2 2 0.661740
47 2 3 0.658184
47 2 4 0.609862
47 2 5 0.000000
47 3 1 0.662633
47 3 2 0.000000
47 3 3 0.678892
47 3 4 0.630570
47 3 5 0.548103
47 4 1 0.655135
47 4 2 0.674950
47 4 3 0.671394
47 4 4 0.000000
47 4 5 0.540605
47 5 1 0.000000
47 5 2 0.641023
47 5 3 0.637466
47 5 4 0.589145
47 5 5 0.000000
47 6 1 0.629796
47 6 2 0.649610
47 6 3 0.646054
47 6 4 0.597732
47 6 5 0.515266
48 1 1 0.682892
48 1 2 0.000000
48 1 3 0.699150
48 1 4 0.650828
48 1 5 0.000000
48 2 1 0.641926
48 2 2 0.661740
48 2 3 0.658184
48 2 4 0.609862
48 2 5 0.000000
48 3 1 0.662633
48 3 2 0.000000
48 3 3 0.678892
48 3 4 0.630570
48 3 5 0.548103
48 4 1 0.655135
48 4 2 0.674950
48 4 3 0.671394
48 4 4 0.000000
48 4 5 0.540605
48 5 1 0.000000
48 5 2 0.641023
48 5 3 0.637466
48 5 4 0.589145
48 5 5 0.000000
48 6 1 0.629796
48 6 2 0.649610
48 6 3 0.646054
48 6 4 0.597732
48 6 5 0.515266
49 1 1 0.682892
49 1 2 0.000000
49 1 3 0.699150
49 1 4 0.650828
49 1 5 0.000000
49 2 1 0.641926
49 2 2 0.661740
49 2 3 0.658184
49 2 4 0.609862
49 2 5 0.000000
49 3 1 0.662633
49 3 2 0.000000
49 3 3 0.678892
49 3 4 0.630570
49 3 5 0.548103
49 4 1 0.655135
49 4 2 0.674950
49 4 3 0.671394
49 4 4 0.000000
49 4 5 0.540605
49 5 1 0.000000
49 5 2 0.641023
49 5 3 0.637466
49 5 4 0.589145
49 5 5 0.000000
49 6 1 0.629796
49 6 2 0.649610
49 6 3 0.646054
49 6 4 0.597732
49 6 5 0.515266
50 1 1 0.682892
50 1 2 0.000000
50 1 3 0.699150
50 1 4 0.650828
50 1 5 0.000000
50 2 1 0.641926
50 2 2 0.661740
50 2 3 0.658184
50 2 4 0.609862
50 2 5 0.000000
50 3 1 0.662633
50 3 2 0.000000
50 3 3 0.678892
50 3 4 0.630570
50 3 5 0.548103
50 4 1 0.655135
50 4 2 0.674950
50 4 3 0.671394
50 4 4 0.000000
50 4 5 0.540605
50 5 1 0.000000
50 5 2 0.641023
50 5 3 0.637466
50 5 4 0.589145
50 5 5 0.000000
50 6 1 0.629796
50 6 2 0.649610
50 6 3 0.646054
50 6 4 0.597732
50 6 5 0.515266
51 1 1 0.682892
51 1 2 0.000000
51 1 3 0.699150
51 1 4 0.650828
51 1 5 0.000000
51 2 1 0.641926
51 2 2 0.661740
51 2 3 0.658184
51 2 4 0.609862
51 2 5 0.000000
51 3 1 0.662633
51 3 2 0.000000
51 3 3 0.678892
51 3 4 0.630570
51 3 5 0.548103
51 4 1 0.655135
51 4 2 0.674950
51 4 3 0.671394
51 4 4 0.000000
51 4 5 0.540605
51 5 1 0.000000
51 5 2 0.641023
51 5 3 0.637466
51 5 4 0.589145
51 5 5 0.000000
51 6 1 0.629796
51 6 2 0.649610
51 6 3 0.646054
51 6 4 0.597732
51 6 5 0.515266
52 1 1 0.682892
52 1 2 0.000000
52 1 3 0.699150
52 1 4 0.650828
52 1 5 0.000000
52 2 1 0.641926
52 2 2 0.661740
52 2 3 0.658184
52 2 4 0.609862
52 2 5 0.000000
52 3 1 0.662633
52 3 2 0.000000
52 3 3 0.678892
52 3 4 0.630570
52 3 5 0.548103
52 4 1 0.655135
52 4 2 0.674950
52 4 3 0.671394
52 4 4 0.000000
52 4 5 0.540605
52 5 1 0.000000
52 5 2 0.641023
52 5 3 0.637466
52 5 4 0.589145
52 5 5 0.000000
52 6 1 0.629796
52 6 2 0.649610
52 6 3 0.646054
52 6 4 0.597732
52 6 5 0.515266
53 1 1 0.682892
53 1 2 0.000000
53 1 3 0.699150
53 1 4 0.650828
53 1 5 0.000000
53 2 1 0.641926
53 2 2 0.661740
53 2 3 0.658184
53 2 4 0.609862
53 2 5 0.000000
53 3 1 0.662633
53 3 2 0.000000
53 3 3 0.678892
53 3 4 0.630570
53 3 5 0.548103
53 4 1 0.655135
53 4 2 0.674950
53 4 3 0.671394
53 4 4 0.000000
53 4 5 0.540605
53 5 1 0.000000
53 5 2 0.641023
53 5 3 0.637466
53 5 4 0.589145
53 5 5 0.000000
53 6 1 0.629796
53 6 2 0.649610
53 6 3 0.646054
53 6 4 0.597732
53 6 5 0.515266
54 1 1 0.682892
54 1 2 0.000000
54 1 3 0.699150
54 1 4 0.650828
54 1 5 0.000000
54 2 1 0.641926
54 2 2 0.661740
54 2 3 0.658184
54 2 4 0.609862
54 2 5 0.000000
54 3 1 0.662633
54 3 2 0.000000
54 3 3 0.678892
54 3 4 0.630570
54 3 5 0.548103
54 4 1 0.655135
54 4 2 0.674950
54 4 3 0.671394
54 4 4 0.000000
54 4 5 0.540605
54 5 1 0.000000
54 5 2 0.641023
54 5 3 0.637466
54 5 4 0.589145
54 5 5 0.000000
54 6 1 0.629796
54 6 2 0.649610
54 6 3 0.646054
54 6 4 0.597732
54 6 5 0.515266
55 1 1 0.682892
55 1 2 0.000000
55 1 3 0.699150
55 1 4 0.650828
55 1 5 0.000000
55 2 1 0.641926
55 2 2 0.661740
55 2 3 0.658184
55 2 4 0.609862
55 2 5 0.000000
55 3 1 0.662633
55 3 2 0.000000
55 3 3 0.678892
55 3 4 0.630570
55 3 5 0.548103
55 4 1 0.655135
55 4 2 0.674950
55 4 3 0.671394
55 4 4 0.000000
55 4 5 0.540605
55 5 1 0.000000
55 5 2 0.641023
55 5 3 0.637466
55 5 4 0.589145
55 5 5 0.000000
55 6 1 0.629796
55 6 2 0.649610
55 6 3 0.646054
55 6 4 0.597732
55 6 5 0.515266
56 1 1 0.682892
56 1 2 0.000000
56 1 3 0.699150
56 1 4 0.650828
56 1 5 0.000000
56 2 1 0.641926
56 2 2 0.661740
56 2 3 0.658184
56 2 4 0.609862
56 2 5 0.000000
56 3 1 0.662633
56 3 2 0.000000
56 3 3 0.678892
56 3 4 0.630570
56 3 5 0.548103
56 4 1 0.655135
56 4 2 0.674950
56 4 3 0.671394
56 4 4 0.000000
56 4 5 0.540605
56 5 1 0.000000
56 5 2 0.641023
56 5 3 0.637466
56 5 4 0.589145
56 5 5 0.000000
56 6 1 0.629796
56 6 2 0.649610
56 6 3 0.646054
56 6 4 0.597732
56 6 5 0.515266
57 1 1 0.682892
57 1 2 0.000000
57 1 3 0.699150
57 1 4 0.650828
57 1 5 0.000000
57 2 1 0.641926
57 2 2 0.661740
57 2 3 0.658184
57 2 4 0.609862
57 2 5 0.000000
57 3 1 0.662633
57 3 2 0.000000
57 3 3 0.678892
57 3 4 0.630570
57 3 5 0.548103
57 4 1 0.655135
57 4 2 0.674950
57 4 3 0.671394
57 4 4 0.000000
57 4 5 0.540605
57 5 1 0.000000
57 5 2 0.641023
57 5 3 0.637466
57 5 4 0.589145
57 5 5 0.000000
57 6 1 0.629796
57 6 2 0.649610
57 6 3 0.646054
57 6 4 0.597732
57 6 5 0.515266
58 1 1 0.682892
58 1 2 0.000000
58 1 3 0.699150
58 1 4 0.650828
58 1 5 0.000000
58 2 1 0.641926
58 2 2 0.661740
58 2 3 0.658184
58 2 4 0.609862
58 2 5 0.000000
58 3 1 0.662633
58 3 2 0.000000
58 3 3 0.678892
58 3 4 0.630570
58 3 5 0.548103
58 4 1 0.655135
58 4 2 0.674950
58 4 3 0.671394
58 4 4 0.000000
58 4 5 0.540605
58 5 1 0.000000
58 5 2 0.641023
58 5 3 0.637466
58 5 4 0.589145
58 5 5 0.000000
58 6 1 0.629796
58 6 2 0.649610
58 6 3 0.646054
58 6 4 0.597732
58 6 5 0.515266
59 1 1 0.682892
59 1 2 0.000000
59 1 3 0.699150
59 1 4 0.650828
59 1 5 0.000000
59 2 1 0.641926
59 2 2 0.661740
59 2 3 0.658184
59 2 4 0.609862
59 2 5 0.000000
59 3 1 0.662633
59 3 2 0.000000
59 3 3 0.678892
59 3 4 0.630570
59 3 5 0.548103
59 4 1 0.655135
59 4 2 0.674950
59 4 3 0.671394
59 4 4 0.000000
59 4 5 0.540605
59 5 1 0.000000
59 5 2 0.641023
59 5 3 0.637466
59 5 4 0.589145
59 5 5 0.000000
59 6 1 0.629796
59 6 2 0.649610
59 6 3 0.646054
59 6 4 0.597732
59 6 5 0.515266
60 1 1 0.682892
60 1 2 0.000000
60 1 3 0.699150
60 1 4 0.650828
60 1 5 0.000000
60 2 1 0.641926
60 2 2 0.661740
60 2 3 0.658184
60 2 4 0.609862
60 2 5 0.000000
60 3 1 0.662633
60 3 2 0.000000
60 3 3 0.678892
60 3 4 0.630570
60 3 5 0.548103
60 4 1 0.655135
60 4 2 0.674950
60 4 3 0.671394
60 4 4 0.000000
60 4 5 0.540605
60 5 1 0.000000
60 5 2 0.641023
60 5 3 0.637466
60 5 4 0.589145
60 5 5 0.000000
60 6 1 0.629796
60 6 2 0.649610
60 6 3 0.646054
60 6 4 0.597732
60 6 5 0.515266
61 1 1 0.682892
61 1 2 0.000000
61 1 3 0.699150
61 1 4 0.650828
61 1 5 0.000000
61 2 1 0.641926
61 2 2 0.661740
61 2 3 0.658184
61 2 4 0.609862
61 2 5 0.000000
61 3 1 0.662633
61 3 2 0.000000
61 3 3 0.678892
61 3 4 0.630570
61 3 5 0.548103
61 4 1 0.655135
61 4 2 0.674950
61 4 3 0.671394
61 4 4 0.000000
61 4 5 0.540605
61 5 1 0.000000
61 5 2 0.641023
61 5 3 0.637466
61 5 4 0.589145
61 5 5 0.000000
61 6 1 0.629796
61 6 2 0.649610
61 6 3 0.646054
61 6 4 0.597732
61 6 5 0.515266
62 1 1 0.682892
62 1 2 0.000000
62 1 3 0.699150
62 1 4 0.650828
62 1 5 0.000000
62 2 1 0.641926
62 2 2 0.661740
62 2 3 0.658184
62 2 4 0.609862
62 2 5 0.000000
62 3 1 0.662633
62 3 2 0.000000
62 3 3 0.678892
62 3 4 0.630570
62 3 5 0.548103
62 4 1 0.655135
62 4 2 0.674950
62 4 3 0.671394
62 4 4 0.000000
62 4 5 0.540605
62 5 1 0.000000
62 5 2 0.641023
62 5 3 0.637466
62 5 4 0.589145
62 5 5 0.000000
62 6 1 0.629796
62 6 2 0.649610
62 6 3 0.646054
62 6 4 0.597732
62 6 5 0.515266
63 1 1 0.682892
63 1 2 0.000000
63 1 3 0.699150
63 1 4 0.650828
63 1 5 0.000000
63 2 1 0.641926
63 2 2 0.661740
63 2 3 0.658184
63 2 4 0.609862
63 2 5 0.000000
63 3 1 0.662633
63 3 2 0.000000
63 3 3 0.678892
63 3 4 0.630570
63 3 5 0.548103
63 4 1 0.655135
63 4 2 0.674950
63 4 3 0.671394
63 4 4 0.000000
63 4 5 0.540605
63 5 1 0.000000
63 5 2 0.641023
63 5 3 0.637466
63 5 4 0.589145
63 5 5 0.000000
63 6 1 0.629796
63 6 2 0.649610
63 6 3 0.646054
63 6 4 0.597732
63 6 5 0.515266
64 1 1 0.682892
64 1 2 0.000000
64 1 3 0.699150
64 1 4 0.650828
64 1 5 0.000000
64 2 1 0.641926
64 2 2 0.661740
64 2 3 0.658184
64 2 4 0.609862
64 2 5 0.000000
64 3 1 0.662633
64 3 2 0.000000
64 3 3 0.678892
64 3 4 0.630570
64 3 5 0.548103
64 4 1 0.655135
64 4 2 0.674950
64 4 3 0.671394
64 4 4 0.000000
64 4 5 0.540605
64 5 1 0.000000
64 5 2 0.641023
64 5 3 0.637466
64 5 4 0.589145
64 5 5 0.000000
64 6 1 0.629796
64 6 2 0.649610
64 6 3 0.646054
64 6 4 0.597732
64 6 5 0.515266
65 1 1 0.682892
65 1 2 0.000000
65 1 3 0.699150
65 1 4 0.650828
65 1 5 0.000000
65 2 1 0.641926
65 2 2 0.661740
65 2 3 0.658184
65 2 4 0.609862
65 2 5 0.000000
65 3 1 0.662633
65 3 2 0.000000
65 3 3 0.678892
65 3 4 0.630570
65 3 5 0.548103
65 4 1 0.655135
65 4 2 0.674950
65 4 3 0.671394
65 4 4 0.000000
65 4 5 0.540605
65 5 1 0.000000
65 5 2 0.641023
65 5 3 0.637466
65 5 4 0.589145
65 5 5 0.000000
65 6 1 0.629796
65 6 2 0.649610
65 6 3 0.646054
65 6 4 0.597732
65 6 5 0.515266
66 1 1 0.682892
66 1 2 0.000000
66 1 3 0.699150
66 1 4 0.650828
66 1 5 0.000000
66 2 1 0.641926
66 2 2 0.661740
66 2 3 0.658184
66 2 4 0.609862
66 2 5 0.000000
66 3 1 0.662633
66 3 2 0.000000
66 3 3 0.678892
66 3 4 0.630570
66 3 5 0.548103
66 4 1 0.655135
66 4 2 0.674950
66 4 3 0.671394
66 4 4 0.000000
66 4 5 0.540605
66 5 1 0.000000
66 5 2 0.641023
66 5 3 0.637466
66 5 4 0.589145
66 5 5 0.000000
66 6 1 0.629796
66 6 2 0.649610
66 6 3 0.646054
66 6 4 0.597732
66 6 5 0.515266
67 1 1 0.682892
67 1 2 0.000000
67 1 3 0.699150
67 1 4 0.650828
67 1 5 0.000000
67 2 1 0.641926
67 2 2 0.661740
67 2 3 0.658184
67 2 4 0.609862
67 2 5 0.000000
67 3 1 0.662633
67 3 2 0.000000
67 3 3 0.678892
67 3 4 0.630570
67 3 5 0.548103
67 4 1 0.655135
67 4 2 0.674950
67 4 3 0.671394
67 4 4 0.000000
67 4 5 0.540605
67 5 1 0.000000
67 5 2 0.641023
67 5 3 0.637466
67 5 4 0.589145
67 5 5 0.000000
67 6 1 0.629796
67 6 2 0.649610
67 6 3 0.646054
67 6 4 0.597732
67 6 5 0.515266
68 1 1 0.682892
68 1 2 0.000000
68 1 3 0.699150
68 1 4 0.650828
68 1 5 0.000000
68 2 1 0.641926
68 2 2 0.661740
68 2 3 0.658184
68 2 4 0.609862
68 2 5 0.000000
68 3 1 0.662633
68 3 2 0.000000
68 3 3 0.678892
68 3 4 0.630570
68 3 5 0.548103
68 4 1 0.655135
68 4 2 0.674950
68 4 3 0.671394
68 4 4 0.000000
68 4 5 0.540605
68 5 1 0.000000
68 5 2 0.641023
68 5 3 0.637466
68 5 4 0.589145
68 5 5 0.000000
68 6 1 0.629796
68 6 2 0.649610
68 6 3 0.646054
68 6 4 0.597732
68 6 5 0.515266
69 1 1 0.682892
69 1 2 0.000000
69 1 3 0.699150
69 1 4 0.650828
69 1 5 0.000000
69 2 1 0.641926
69 2 2 0.661740
69 2 3 0.658184
69 2 4 0.609862
69 2 5 0.000000
69 3 1 0.662633
69 3 2 0.000000
69 3 3 0.678892
69 3 4 0.630570
69 3 5 0.548103
69 4 1 0.655135
69 4 2 0.674950
69 4 3 0.671394
69 4 4 0.000000
69 4 5 0.540605
69 5 1 0.000000
69 5 2 0.641023
69 5 3 0.637466
69 5 4 0.589145
69 5 5 0.000000
69 6 1 0.629796
69 6 2 0.649610
69 6 3 0.646054
69 6 4 0.597732
69 6 5 0.515266
70 1 1 0.682892
70 1 2 0.000000
70 1 3 0.699150
70 1 4 0.650828
70 1 5 0.000000
70 2 1 0.641926
70 2 2 0.661740
70 2 3 0.658184
70 2 4 0.609862
70 2 5 0.000000
70 3 1 0.662633
70 3 2 0.000000
70 3 3 0.678892
70 3 4 0.630570
70 3 5 0.548103
70 4 1 0.655135
70 4 2 0.674950
70 4 3 0.671394
70 4 4 0.000000
70 4 5 0.540605
70 5 1 0.000000
70 5 2 0.641023
70 5 3 0.637466
70 5 4 0.589145
70 5 5 0.000000
70 6 1 0.629796
70 6 2 0.649610
70 6 3 0.646054
70 6 4 0.597732
70 6 5 0.515266
71 1 1 0.682892
71 1 2 0.000000
71 1 3 0.699150
71 1 4 0.650828
71 1 5 0.000000
71 2 1 0.641926
71 2 2 0.661740
71 2 3 0.658184
71 2 4 0.609862
71 2 5 0.000000
71 3 1 0.662633
71 3 2 0.000000
71 3 3 0.678892
71 3 4 0.630570
71 3 5 0.548103
71 4 1 0.655135
71 4 2 0.674950
71 4 3 0.671394
71 4 4 0.000000
71 4 5 0.540605
71 5 1 0.000000
71 5 2 0.641023
71 5 3 0.637466
71 5 4 0.589145
71 5 5 0.000000
71 6 1 0.629796
71 6 2 0.649610
71 6 3 0.646054
71 6 4 0.597732
71 6 5 0.515266
72 1 1 0.682892
72 1 2 0.000000
72 1 3 0.699150
72 1 4 0.650828
72 1 5 0.000000
72 2 1 0.641926
72 2 2 0.661740
72 2 3 0.658184
72 2 4 0.609862
72 2 5 0.000000
72 3 1 0.662633
72 3 2 0.000000
72 3 3 0.678892
72 3 4 0.630570
72 3 5 0.548103
72 4 1 0.655135
72 4 2 0.674950
72 4 3 0.671394
72 4 4 0.000000
72 4 5 0.540605
72 5 1 0.000000
72 5 2 0.641023
72 5 3 0.637466
72 5 4 0.589145
72 5 5 0.000000
72 6 1 0.629796
72 6 2 0.649610
72 6 3 0.646054
72 6 4 0.597732
72 6 5 0.515266
73 1 1 0.682892
73 1 2 0.000000
73 1 3 0.699150
73 1 4 0.650828
73 1 5 0.000000
73 2 1 0.641926
73 2 2 0.661740
73 2 3 0.658184
73 2 4 0.609862
73 2 5 0.000000
73 3 1 0.662633
73 3 2 0.000000
73 3 3 0.678892
73 3 4 0.630570
73 3 5 0.548103
73 4 1 0.655135
73 4 2 0.674950
73 4 3 0.671394
73 4 4 0.000000
73 4 5 0.540605
73 5 1 0.000000
73 5 2 0.641023
73 5 3 0.637466
73 5 4 0.589145
73 5 5 0.000000
73 6 1 0.629796
73 6 2 0.649610
73 6 3 0.646054
73 6 4 0.597732
73 6 5 0.515266
74 1 1 0.682892
74 1 2 0.000000
74 1 3 0.699150
74 1 4 0.650828
74 1 5 0.000000
74 2 1 0.641926
74 2 2 0.661740
74 2 3 0.658184
74 2 4 0.609862
74 2 5 0.000000
74 3 1 0.662633
74 3 2 0.000000
74 3 3 0.678892
74 3 4 0.630570
74 3 5 0.548103
74 4 1 0.655135
74 4 2 0.674950
74 4 3 0.671394
74 4 4 0.000000
74 4 5 0.540605
74 5 1 0.000000
74 5 2 0.641023
74 5 3 0.637466
74 5 4 0.589145
74 5 5 0.000000
74 6 1 0.629796
74 6 2 0.649610
74 6 3 0.646054
74 6 4 0.597732
74 6 5 0.515266
75 1 1 0.682892
75 1 2 0.000000
75 1 3 0.699150
75 1 4 0.650828
75 1 5 0.000000
75 2 1 0.641926
75 2 2 0.661740
75 2 3 0.658184
75 2 4 0.609862
75 2 5 0.000000
75 3 1 0.662633
75 3 2 0.000000
75 3 3 0.678892
75 3 4 0.630570
75 3 5 0.548103
75 4 1 0.655135
75 4 2 0.674950
75 4 3 0.671394
75 4 4 0.000000
75 4 5 0.540605
75 5 1 0.000000
75 5 2 0.641023
75 5 3 0.637466
75 5 4 0.589145
75 5 5 0.000000
75 6 1 0.629796
75 6 2 0.649610
75 6 3 0.646054
75 6 4 0.597732
75 6 5 0.515266
76 1 1 0.682892
76 1 2 0.000000
76 1 3 0.699150
76 1 4 0.650828
76 1 5 0.000000
76 2 1 0.641926
76 2 2 0.661740
76 2 3 0.658184
76 2 4 0.609862
76 2 5 0.000000
76 3 1 0.662633
76 3 2 0.000000
76 3 3 0.678892
76 3 4 0.630570
76 3 5 0.548103
76 4 1 0.655135
76 4 2 0.674950
76 4 3 0.671394
76 4 4 0.000000
76 4 5 0.540605
76 5 1 0.000000
76 5 2 0.641023
76 5 3 0.637466
76 5 4 0.589145
76 5 5 0.000000
76 6 1 0.629796
76 6 2 0.649610
76 6 3 0.646054
76 6 4 0.597732
76 6 5 0.515266
77 1 1 0.682892
77 1 2 0.000000
77 1 3 0.699150
77 1 4 0.650828
77 1 5 0.000000
77 2 1 0.641926
77 2 2 0.661740
77 2 3 0.658184
77 2 4 0.609862
77 2 5 0.000000
77 3 1 0.662633
77 3 2 0.000000
77 3 3 0.678892
77 3 4 0.630570
77 3 5 0.548103
77 4 1 0.655135
77 4 2 0.674950
77 4 3 0.671394
77 4 4 0.000000
77 4 5 0.540605
77 5 1 0.000000
77 5 2 0.641023
77 5 3 0.637466
77 5 4 0.589145
77 5 5 0.000000
77 6 1 0.629796
77 6 2 0.649610
77 6 3 0.646054
77 6 4 0.597732
77 6 5 0.515266
78 1 1 0.682892
78 1 2 0.000000
78 1 3 0.699150
78 1 4 0.650828
78 1 5 0.000000
78 2 1 0.641926
78 2 2 0.661740
78 2 3 0.658184
78 2 4 0.609862
78 2 5 0.000000
78 3 1 0.662633
78 3 2 0.000000
78 3 3 0.678892
78 3 4 0.630570
78 3 5 0.548103
78 4 1 0.655135
78 4 2 0.674950
78 4 3 0.671394
78 4 4 0.000000
78 4 5 0.540605
78 5 1 0.000000
78 5 2 0.641023
78 5 3 0.637466
78 5 4 0.589145
78 5 5 0.000000
78 6 1 0.629796
78 6 2 0.649610
78 6 3 0.646054
78 6 4 0.597732
78 6 5 0.515266
79 1 1 0.682892
79 1 2 0.000000
79 1 3 0.699150
79 1 4 0.650828
79 1 5 0.000000
79 2 1 0.641926
79 2 2 0.661740
79 2 3 0.658184
79 2 4 0.609862
79 2 5 0.000000
79 3 1 0.662633
79 3 2 0.000000
79 3 3 0.678892
79 3 4 0.630570
79 3 5 0.548103
79 4 1 0.655135
79 4 2 0.674950
79 4 3 0.671394
79 4 4 0.000000
79 4 5 0.540605
79 5 1 0.000000
79 5 2 0.641023
79 5 3 0.637466
79 5 4 0.589145
79 5 5 0.000000
79 6 1 0.629796
79 6 2 0.649610
79 6 3 0.646054
79 6 4 0.597732
79 6 5 0.515266
80 1 1 0.682892
80 1 2 0.000000
80 1 3 0.699150
80 1 4 0.650828
80 1 5 0.000000
80 2 1 0.641926
80 2 2 0.661740
80 2 3 0.658184
80 2 4 0.609862
80 2 5 0.000000
80 3 1 0.662633
80 3 2 0.000000
80 3 3 0.678892
80 3 4 0.630570
80 3 5 0.548103
80 4 1 0.655135
80 4 2 0.674950
80 4 3 0.671394
80 4 4 0.000000
80 4 5 0.540605
80 5 1 0.000000
80 5 2 0.641023
80 5 3 0.637466
80 5 4 0.589145
80 5 5 0.000000
80 6 1 0.629796
80 6 2 0.649610
80 6 3 0.646054
80 6 4 0.597732
80 6 5 0.515266
81 1 1 0.682892
81 1 2 0.000000
81 1 3 0.699150
81 1 4 0.650828
81 1 5 0.000000
81 2 1 0.641926
81 2 2 0.661740
81 2 3 0.658184
81 2 4 0.609862
81 2 5 0.000000
81 3 1 0.662633
81 3 2 0.000000
81 3 3 0.678892
81 3 4 0.630570
81 3 5 0.548103
81 4 1 0.655135
81 4 2 0.674950
81 4 3 0.671394
81 4 4 0.000000
81 4 5 0.540605
81 5 1 0.000000
81 5 2 0.641023
81 5 3 0.637466
81 5 4 0.589145
81 5 5 0.000000
81 6 1 0.629796
81 6 2 0.649610
81 6 3 0.646054
81 6 4 0.597732
81 6 5 0.515266
82 1 1 0.682892
82 1 2 0.000000
82 1 3 0.699150
82 1 4 0.650828
82 1 5 0.000000
82 2 1 0.641926
82 2 2 0.661740
82 2 3 0.658184
82 2 4 0.609862
82 2 5 0.000000
82 3 1 0.662633
82 3 2 0.000000
82 3 3 0.678892
82 3 4 0.630570
82 3 5 0.548103
82 4 1 0.655135
82 4 2 0.674950
82 4 3 0.671394
82 4 4 0.000000
82 4 5 0.540605
82 5 1 0.000000
82 5 2 0.641023
82 5 3 0.637466
82 5 4 0.589145
82 5 5 0.000000
82 6 1 0.629796
82 6 2 0.649610
82 6 3 0.646054
82 6 4 0.597732
82 6 5 0.515266
83 1 1 0.682892
83 1 2 0.000000
83 1 3 0.699150
83 1 4 0.650828
83 1 5 0.000000
83 2 1 0.641926
83 2 2 0.661740
83 2 3 0.658184
83 2 4 0.609862
83 2 5 0.000000
83 3 1 0.662633
83 3 2 0.000000
83 3 3 0.678892
83 3 4 0.630570
83 3 5 0.548103
83 4 1 0.655135
83 4 2 0.674950
83 4 3 0.671394
83 4 4 0.000000
83 4 5 0.540605
83 5 1 0.000000
83 5 2 0.641023
83 5 3 0.637466
83 5 4 0.589145
83 5 5 0.000000
83 6 1 0.629796
83 6 2 0.649610
83 6 3 0.646054
83 6 4 0.597732
83 6 5 0.515266
84 1 1 0.682892
84 1 2 0.000000
84 1 3 0.699150
84 1 4 0.650828
84 1 5 0.000000
84 2 1 0.641926
84 2 2 0.661740
84 2 3 0.658184
84 2 4 0.609862
84 2 5 0.000000
84 3 1 0.662633
84 3 2 0.000000
84 3 3 0.678892
84 3 4 0.630570
84 3 5 0.548103
84 4 1 0.655135
84 4 2 0.674950
84 4 3 0.671394
84 4 4 0.000000
84 4 5 0.540605
84 5 1 0.000000
84 5 2 0.641023
84 5 3 0.637466
84 5 4 0.589145
84 5 5 0.000000
84 6 1 0.629796
84 6 2 0.649610
84 6 3 0.646054
84 6 4 0.597732
84 6 5 0.515266
85 1 1 0.682892
85 1 2 0.000000
85 1 3 0.699150
85 1 4 0.650828
85 1 5 0.000000
85 2 1 0.641926
85 2 2 0.661740
85 2 3 0.658184
85 2 4 0.609862
85 2 5 0.000000
85 3 1 0.662633
85 3 2 0.000000
85 3 3 0.678892
85 3 4 0.630570
85 3 5 0.548103
85 4 1 0.655135
85 4 2 0.674950
85 4 3 0.671394
85 4 4 0.000000
85 4 5 0.540605
85 5 1 0.000000
85 5 2 0.641023
85 5 3 0.637466
85 5 4 0.589145
85 5 5 0.000000
85 6 1 0.629796
85 6 2 0.649610
85 6 3 0.646054
85 6 4 0.597732
85 6 5 0.515266
86 1 1 0.682892
86 1 2 0.000000
86 1 3 0.699150
86 1 4 0.650828
86 1 5 0.000000
86 2 1 0.641926
86 2 2 0.661740
86 2 3 0.658184
86 2 4 0.609862
86 2 5 0.000000
86 3 1 0.662633
86 3 2 0.000000
86 3 3 0.678892
86 3 4 0.630570
86 3 5 0.548103
86 4 1 0.655135
86 4 2 0.674950
86 4 3 0.671394
86 4 4 0.000000
86 4 5 0.540605
86 5 1 0.000000
86 5 2 0.641023
86 5 3 0.637466
86 5 4 0.589145
86 5 5 0.000000
86 6 1 0.629796
86 6 2 0.649610
86 6 3 0.646054
86 6 4 0.597732
86 6 5 0.515266
87 1 1 0.682892
87 1 2 0.000000
87 1 3 0.699150
87 1 4 0.650828
87 1 5 0.000000
87 2 1 0.641926
87 2 2 0.661740
87 2 3 0.658184
87 2 4 0.609862
87 2 5 0.000000
87 3 1 0.662633
87 3 2 0.000000
87 3 3 0.678892
87 3 4 0.630570
87 3 5 0.548103
87 4 1 0.655135
87 4 2 0.674950
87 4 3 0.671394
87 4 4 0.000000
87 4 5 0.540605
87 5 1 0.000000
87 5 2 0.641023
87 5 3 0.637466
87 5 4 0.589145
87 5 5 0.000000
87 6 1 0.629796
87 6 2 0.649610
87 6 3 0.646054
87 6 4 0.597732
87 6 5 0.515266
88 1 1 0.682892
88 1 2 0.000000
88 1 3 0.699150
88 1 4 0.650828
88 1 5 0.000000
88 2 1 0.641926
88 2 2 0.661740
88 2 3 0.658184
88 2 4 0.609862
88 2 5 0.000000
88 3 1 0.662633
88 3 2 0.000000
88 3 3 0.678892
88 3 4 0.630570
88 3 5 0.548103
88 4 1 0.655135
88 4 2 0.674950
88 4 3 0.671394
88 4 4 0.000000
88 4 5 0.540605
88 5 1 0.000000
88 5 2 0.641023
88 5 3 0.637466
88 5 4 0.589145
88 5 5 0.000000
88 6 1 0.629796
88 6 2 0.649610
88 6 3 0.646054
88 6 4 0.597732
88 6 5 0.515266
89 1 1 0.682892
89 1 2 0.000000
89 1 3 0.699150
89 1 4 0.650828
89 1 5 0.000000
89 2 1 0.641926
89 2 2 0.661740
89 2 3 0.658184
89 2 4 0.609862
89 2 5 0.000000
89 3 1 0.662633
89 3 2 0.000000
89 3 3 0.678892
89 3 4 0.630570
89 3 5 0.548103
89 4 1 0.655135
89 4 2 0.674950
89 4 3 0.671394
89 4 4 0.000000
89 4 5 0.540605
89 5 1 0.000000
89 5 2 0.641023
89 5 3 0.637466
89 5 4 0.589145
89 5 5 0.000000
89 6 1 0.629796
89 6 2 0.649610
89 6 3 0.646054
89 6 4 0.597732
89 6 5 0.515266
90 1 1 0.682892
90 1 2 0.000000
90 1 3 0.699150
90 1 4 0.650828
90 1 5 0.000000
90 2 1 0.641926
90 2 2 0.661740
90 2 3 0.658184
90 2 4 0.609862
90 2 5 0.000000
90 3 1 0.662633
90 3 2 0.000000
90 3 3 0.678892
90 3 4 0.630570
90 3 5 0.548103
90 4 1 0.655135
90 4 2 0.674950
90 4 3 0.671394
90 4 4 0.000000
90 4 5 0.540605
90 5 1 0.000000
90 5 2 0.641023
90 5 3 0.637466
90 5 4 0.589145
90 5 5 0.000000
90 6 1 0.629796
90 6 2 0.649610
90 6 3 0.646054
90 6 4 0.597732
90 6 5 0.515266
