1 1 1 0.000000
1 1 2 0.689575
1 1 3 0.692416
1 1 4 0.662424
1 1 5 0.000000
1 2 1 0.653085
1 2 2 0.694716
1 2 3 0.697557
1 2 4 0.667565
1 2 5 0.593792
1 3 1 0.648660
1 3 2 0.000000
1 3 3 0.000000
1 3 4 0.663140
1 3 5 0.589367
1 4 1 0.618897
1 4 2 0.660528
1 4 3 0.663370
1 4 4 0.633377
1 4 5 0.559604
2 1 1 0.000000
2 1 2 0.689575
2 1 3 0.692416
2 1 4 0.662424
2 1 5 0.000000
2 2 1 0.653085
2 2 2 0.694716
2 2 3 0.697557
2 2 4 0.667565
2 2 5 0.593792
2 3 1 0.648660
2 3 2 0.000000
2 3 3 0.000000
2 3 4 0.663140
2 3 5 0.589367
2 4 1 0.618897
2 4 2 0.660528
2 4 3 0.663370
2 4 4 0.633377
2 4 5 0.559604
3 1 1 0.000000
3 1 2 0.689575
3 1 3 0.692416
3 1 4 0.662424
3 1 5 0.000000
3 2 1 0.653085
3 2 2 0.694716
3 2 3 0.697557
3 2 4 0.667565
3 2 5 0.593792
3 3 1 0.648660
3 3 2 0.000000
3 3 3 0.000000
3 3 4 0.663140
3 3 5 0.589367
3 4 1 0.618897
3 4 2 0.660528
3 4 3 0.663370
3 4 4 0.633377
3 4 5 0.559604
4 1 1 0.000000
4 1 2 0.689575
4 1 3 0.692416
4 1 4 0.662424
4 1 5 0.000000
4 2 1 0.653085
4 2 2 0.694716
4 2 3 0.697557
4 2 4 0.667565
4 2 5 0.593792
4 3 1 0.648660
4 3 2 0.000000
4 3 3 0.000000
4 3 4 0.663140
4 3 5 0.589367
4 4 1 0.618897
4 4 2 0.660528
4 4 3 0.663370
4 4 4 0.633377
4 4 5 0.559604
5 1 1 0.000000
5 1 2 0.689575
5 1 3 0.692416
5 1 4 0.662424
5 1 5 0.000000
5 2 1 0.653085
5 2 2 0.694716
5 2 3 0.697557
5 2 4 0.667565
5 2 5 0.593792
5 3 1 0.648660
5 3 2 0.000000
5 3 3 0.000000
5 3 4 0.663140
5 3 5 0.589367
5 4 1 0.618897
5 4 2 0.660528
5 4 3 0.663370
5 4 4 0.633377
5 4 5 0.559604
6 1 1 0.000000
6 1 2 0.689575
6 1 3 0.692416
6 1 4 0.662424
6 1 5 0.000000
6 2 1 0.653085
6 2 2 0.694716
6 2 3 0.697557
6 2 4 0.667565
6 2 5 0.593792
6 3 1 0.648660
6 3 2 0.000000
6 3 3 0.000000
6 3 4 0.663140
6 3 5 0.589367
6 4 1 0.618897
6 4 2 0.660528
6 4 3 0.663370
6 4 4 0.633377
6 4 5 0.559604
7 1 1 0.000000
7 1 2 0.689575
7 1 3 0.692416
7 1 4 0.662424
7 1 5 0.000000
7 2 1 0.653085
7 2 2 0.694716
7 2 3 0.697557
7 2 4 0.667565
7 2 5 0.593792
7 3 1 0.648660
7 3 2 0.000000
7 3 3 0.000000
7 3 4 0.663140
7 3 5 0.589367
7 4 1 0.618897
7 4 2 0.660528
7 4 3 0.663370
7 4 4 0.633377
7 4 5 0.559604
8 1 1 0.000000
8 1 2 0.689575
8 1 3 0.692416
8 1 4 0.662424
8 1 5 0.000000
8 2 1 0.653085
8 2 2 0.694716
8 2 3 0.697557
8 2 4 0.667565
8 2 5 0.593792
8 3 1 0.648660
8 3 2 0.000000
8 3 3 0.000000
8 3 4 0.663140
8 3 5 0.589367
8 4 1 0.618897
8 4 2 0.660528
8 4 3 0.663370
8 4 4 0.633377
8 4 5 0.559604
9 1 1 0.000000
9 1 2 0.689575
9 1 3 0.692416
9 1 4 0.662424
9 1 5 0.000000
9 2 1 0.653085
9 2 2 0.694716
9 2 3 0.697557
9 2 4 0.667565
9 2 5 0.593792
9 3 1 0.648660
9 3 2 0.000000
9 3 3 0.000000
9 3 4 0.663140
9 3 5 0.589367
9 4 1 0.618897
9 4 2 0.660528
9 4 3 0.663370
9 4 4 0.633377
9 4 5 0.559604
10 1 1 0.000000
10 1 2 0.689575
10 1 3 0.692416
10 1 4 0.662424
10 1 5 0.000000
10 2 1 0.653085
10 2 2 0.694716
10 2 3 0.697557
10 2 4 0.667565
10 2 5 0.593792
10 3 1 0.648660
10 3 2 0.000000
10 3 3 0.000000
10 3 4 0.663140
10 3 5 0.589367
10 4 1 0.618897
10 4 2 0.660528
10 4 3 0.663370
10 4 4 0.633377
10 4 5 0.559604
11 1 1 0.000000
11 1 2 0.689575
11 1 3 0.692416
11 1 4 0.662424
11 1 5 0.000000
11 2 1 0.653085
11 2 2 0.694716
11 2 3 0.697557
11 2 4 0.667565
11 2 5 0.593792
11 3 1 0.648660
11 3 2 0.000000
11 3 3 0.000000
11 3 4 0.663140
11 3 5 0.589367
11 4 1 0.618897
11 4 2 0.660528
11 4 3 0.663370
11 4 4 0.633377
11 4 5 0.559604
12 1 1 0.000000
12 1 2 0.689575
12 1 3 0.692416
12 1 4 0.662424
12 1 5 0.000000
12 2 1 0.653085
12 2 2 0.694716
12 2 3 0.697557
12 2 4 0.667565
12 2 5 0.593792
12 3 1 0.648660
12 3 2 0.000000
12 3 3 0.000000
12 3 4 0.663140
12 3 5 0.589367
12 4 1 0.618897
12 4 2 0.660528
12 4 3 0.663370
12 4 4 0.633377
12 4 5 0.559604
13 1 1 0.000000
13 1 2 0.689575
13 1 3 0.692416
13 1 4 0.662424
13 1 5 0.000000
13 2 1 0.653085
13 2 2 0.694716
13 2 3 0.697557
13 2 4 0.667565
13 2 5 0.593792
13 3 1 0.648660
13 3 2 0.000000
13 3 3 0.000000
13 3 4 0.663140
13 3 5 0.589367
13 4 1 0.618897
13 4 2 0.660528
13 4 3 0.663370
13 4 4 0.633377
13 4 5 0.559604
14 1 1 0.000000
14 1 2 0.689575
14 1 3 0.692416
14 1 4 0.662424
14 1 5 0.000000
14 2 1 0.653085
14 2 2 0.694716
14 2 3 0.697557
14 2 4 0.667565
14 2 5 0.593792
14 3 1 0.648660
14 3 2 0.000000
14 3 3 0.000000
14 3 4 0.663140
14 3 5 0.589367
14 4 1 0.618897
14 4 2 0.660528
14 4 3 0.663370
14 4 4 0.633377
14 4 5 0.559604
15 1 1 0.000000
15 1 2 0.689575
15 1 3 0.692416
15 1 4 0.662424
15 1 5 0.000000
15 2 1 0.653085
15 2 2 0.694716
15 2 3 0.697557
15 2 4 0.667565
15 2 5 0.593792
15 3 1 0.648660
15 3 2 0.000000
15 3 3 0.000000
15 3 4 0.663140
15 3 5 0.589367
15 4 1 0.618897
15 4 2 0.660528
15 4 3 0.663370
15 4 4 0.633377
15 4 5 0.559604
16 1 1 0.000000
16 1 2 0.689575
16 1 3 0.692416
16 1 4 0.662424
16 1 5 0.000000
16 2 1 0.653085
16 2 2 0.694716
16 2 3 0.697557
16 2 4 0.667565
16 2 5 0.593792
16 3 1 0.648660
16 3 2 0.000000
16 3 3 0.000000
16 3 4 0.663140
16 3 5 0.589367
16 4 1 0.618897
16 4 2 0.660528
16 4 3 0.663370
16 4 4 0.633377
16 4 5 0.559604
17 1 1 0.000000
17 1 2 0.689575
17 1 3 0.692416
17 1 4 0.662424
17 1 5 0.000000
17 2 1 0.653085
17 2 2 0.694716
17 2 3 0.697557
17 2 4 0.667565
17 2 5 0.593792
17 3 1 0.648660
17 3 2 0.000000
17 3 3 0.000000
17 3 4 0.663140
17 3 5 0.589367
17 4 1 0.618897
17 4 2 0.660528
17 4 3 0.663370
17 4 4 0.633377
17 4 5 0.559604
18 1 1 0.000000
18 1 2 0.689575
18 1 3 0.692416
18 1 4 0.662424
18 1 5 0.000000
18 2 1 0.653085
18 2 2 0.694716
18 2 3 0.697557
18 2 4 0.667565
18 2 5 0.593792
18 3 1 0.648660
18 3 2 0.000000
18 3 3 0.000000
18 3 4 0.663140
18 3 5 0.589367
18 4 1 0.618897
18 4 2 0.660528
18 4 3 0.663370
18 4 4 0.633377
18 4 5 0.559604
19 1 1 0.000000
19 1 2 0.689575
19 1 3 0.692416
19 1 4 0.662424
19 1 5 0.000000
19 2 1 0.653085
19 2 2 0.694716
19 2 3 0.697557
19 2 4 0.667565
19 2 5 0.593792
19 3 1 0.648660
19 3 2 0.000000
19 3 3 0.000000
19 3 4 0.663140
19 3 5 0.589367
19 4 1 0.618897
19 4 2 0.660528
19 4 3 0.663370
19 4 4 0.633377
19 4 5 0.559604
20 1 1 0.000000
20 1 2 0.689575
20 1 3 0.692416
20 1 4 0.662424
20 1 5 0.000000
20 2 1 0.653085
20 2 2 0.694716
20 2 3 0.697557
20 2 4 0.667565
20 2 5 0.593792
20 3 1 0.648660
20 3 2 0.000000
20 3 3 0.000000
20 3 4 0.663140
20 3 5 0.589367
20 4 1 0.618897
20 4 2 0.660528
20 4 3 0.663370
20 4 4 0.633377
20 4 5 0.559604
21 1 1 0.000000
21 1 2 0.689575
21 1 3 0.692416
21 1 4 0.662424
21 1 5 0.000000
21 2 1 0.653085
21 2 2 0.694716
21 2 3 0.697557
21 2 4 0.667565
21 2 5 0.593792
21 3 1 0.648660
21 3 2 0.000000
21 3 3 0.000000
21 3 4 0.663140
21 3 5 0.589367
21 4 1 0.618897
21 4 2 0.660528
21 4 3 0.663370
21 4 4 0.633377
21 4 5 0.559604
22 1 1 0.000000
22 1 2 0.689575
22 1 3 0.692416
22 1 4 0.662424
22 1 5 0.000000
22 2 1 0.653085
22 2 2 0.694716
22 2 3 0.697557
22 2 4 0.667565
22 2 5 0.593792
22 3 1 0.648660
22 3 2 0.000000
22 3 3 0.000000
22 3 4 0.663140
22 3 5 0.589367
22 4 1 0.618897
22 4 2 0.660528
22 4 3 0.663370
22 4 4 0.633377
22 4 5 0.559604
23 1 1 0.000000
23 1 2 0.689575
23 1 3 0.692416
23 1 4 0.662424
23 1 5 0.000000
23 2 1 0.653085
23 2 2 0.694716
23 2 3 0.697557
23 2 4 0.667565
23 2 5 0.593792
23 3 1 0.648660
23 3 2 0.000000
23 3 3 0.000000
23 3 4 0.663140
23 3 5 0.589367
23 4 1 0.618897
23 4 2 0.660528
23 4 3 0.663370
23 4 4 0.633377
23 4 5 0.559604
24 1 1 0.000000
24 1 2 0.689575
24 1 3 0.692416
24 1 4 0.662424
24 1 5 0.000000
24 2 1 0.653085
24 2 2 0.694716
24 2 3 0.697557
24 2 4 0.667565
24 2 5 0.593792
24 3 1 0.648660
24 3 2 0.000000
24 3 3 0.000000
24 3 4 0.663140
24 3 5 0.589367
24 4 1 0.618897
24 4 2 0.660528
24 4 3 0.663370
24 4 4 0.633377
24 4 5 0.559604
25 1 1 0.000000
25 1 2 0.689575
25 1 3 0.692416
25 1 4 0.662424
25 1 5 0.000000
25 2 1 0.653085
25 2 2 0.694716
25 2 3 0.697557
25 2 4 0.667565
25 2 5 0.593792
25 3 1 0.648660
25 3 2 0.000000
25 3 3 0.000000
25 3 4 0.663140
25 3 5 0.589367
25 4 1 0.618897
25 4 2 0.660528
25 4 3 0.663370
25 4 4 0.633377
25 4 5 0.559604
26 1 1 0.000000
26 1 2 0.689575
26 1 3 0.692416
26 1 4 0.662424
26 1 5 0.000000
26 2 1 0.653085
26 2 2 0.694716
26 2 3 0.697557
26 2 4 0.667565
26 2 5 0.593792
26 3 1 0.648660
26 3 2 0.000000
26 3 3 0.000000
26 3 4 0.663140
26 3 5 0.589367
26 4 1 0.618897
26 4 2 0.660528
26 4 3 0.663370
26 4 4 0.633377
26 4 5 0.559604
27 1 1 0.000000
27 1 2 0.689575
27 1 3 0.692416
27 1 4 0.662424
27 1 5 0.000000
27 2 1 0.653085
27 2 2 0.694716
27 2 3 0.697557
27 2 4 0.667565
27 2 5 0.593792
27 3 1 0.648660
27 3 2 0.000000
27 3 3 0.000000
27 3 4 0.663140
27 3 5 0.589367
27 4 1 0.618897
27 4 2 0.660528
27 4 3 0.663370
27 4 4 0.633377
27 4 5 0.559604
28 1 1 0.000000
28 1 2 0.689575
28 1 3 0.692416
28 1 4 0.662424
28 1 5 0.000000
28 2 1 0.653085
28 2 2 0.694716
28 2 3 0.697557
28 2 4 0.667565
28 2 5 0.593792
28 3 1 0.648660
28 3 2 0.000000
28 3 3 0.000000
28 3 4 0.663140
28 3 5 0.589367
28 4 1 0.618897
28 4 2 0.660528
28 4 3 0.663370
28 4 4 0.633377
28 4 5 0.559604
29 1 1 0.000000
29 1 2 0.689575
29 1 3 0.692416
29 1 4 0.662424
29 1 5 0.000000
29 2 1 0.653085
29 2 2 0.694716
29 2 3 0.697557
29 2 4 0.667565
29 2 5 0.593792
29 3 1 0.648660
29 3 2 0.000000
29 3 3 0.000000
29 3 4 0.663140
29 3 5 0.589367
29 4 1 0.618897
29 4 2 0.660528
29 4 3 0.663370
29 4 4 0.633377
29 4 5 0.559604
30 1 1 0.000000
30 1 2 0.689575
30 1 3 0.692416
30 1 4 0.662424
30 1 5 0.000000
30 2 1 0.653085
30 2 2 0.694716
30 2 3 0.697557
30 2 4 0.667565
30 2 5 0.593792
30 3 1 0.648660
30 3 2 0.000000
30 3 3 0.000000
30 3 4 0.663140
30 3 5 0.589367
30 4 1 0.618897
30 4 2 0.660528
30 4 3 0.663370
30 4 4 0.633377
30 4 5 0.559604
31 1 1 0.000000
31 1 2 0.689575
31 1 3 0.692416
31 1 4 0.662424
31 1 5 0.000000
31 2 1 0.653085
31 2 2 0.694716
31 2 3 0.697557
31 2 4 0.667565
31 2 5 0.593792
31 3 1 0.648660
31 3 2 0.000000
31 3 3 0.000000
31 3 4 0.663140
31 3 5 0.589367
31 4 1 0.618897
31 4 2 0.660528
31 4 3 0.663370
31 4 4 0.633377
31 4 5 0.559604
32 1 1 0.000000
32 1 2 0.689575
32 1 3 0.692416
32 1 4 0.662424
32 1 5 0.000000
32 2 1 0.653085
32 2 2 0.694716
32 2 3 0.697557
32 2 4 0.667565
32 2 5 0.593792
32 3 1 0.648660
32 3 2 0.000000
32 3 3 0.000000
32 3 4 0.663140
32 3 5 0.589367
32 4 1 0.618897
32 4 2 0.660528
32 4 3 0.663370
32 4 4 0.633377
32 4 5 0.559604
33 1 1 0.000000
33 1 2 0.689575
33 1 3 0.692416
33 1 4 0.662424
33 1 5 0.000000
33 2 1 0.653085
33 2 2 0.694716
33 2 3 0.697557
33 2 4 0.667565
33 2 5 0.593792
33 3 1 0.648660
33 3 2 0.000000
33 3 3 0.000000
33 3 4 0.663140
33 3 5 0.589367
33 4 1 0.618897
33 4 2 0.660528
33 4 3 0.663370
33 4 4 0.633377
33 4 5 0.559604
34 1 1 0.000000
34 1 2 0.689575
34 1 3 0.692416
34 1 4 0.662424
34 1 5 0.000000
34 2 1 0.653085
34 2 2 0.694716
34 2 3 0.697557
34 2 4 0.667565
34 2 5 0.593792
34 3 1 0.648660
34 3 2 0.000000
34 3 3 0.000000
34 3 4 0.663140
34 3 5 0.589367
34 4 1 0.618897
34 4 2 0.660528
34 4 3 0.663370
34 4 4 0.633377
34 4 5 0.559604
35 1 1 0.000000
35 1 2 0.689575
35 1 3 0.692416
35 1 4 0.662424
35 1 5 0.000000
35 2 1 0.653085
35 2 2 0.694716
35 2 3 0.697557
35 2 4 0.667565
35 2 5 0.593792
35 3 1 0.648660
35 3 2 0.000000
35 3 3 0.000000
35 3 4 0.663140
35 3 5 0.589367
35 4 1 0.618897
35 4 2 0.660528
35 4 3 0.663370
35 4 4 0.633377
35 4 5 0.559604
36 1 1 0.000000
36 1 2 0.689575
36 1 3 0.692416
36 1 4 0.662424
36 1 5 0.000000
36 2 1 0.653085
36 2 2 0.694716
36 2 3 0.697557
36 2 4 0.667565
36 2 5 0.593792
36 3 1 0.648660
36 3 2 0.000000
36 3 3 0.000000
36 3 4 0.663140
36 3 5 0.589367
36 4 1 0.618897
36 4 2 0.660528
36 4 3 0.663370
36 4 4 0.633377
36 4 5 0.559604
37 1 1 0.000000
37 1 2 0.689575
37 1 3 0.692416
37 1 4 0.662424
37 1 5 0.000000
37 2 1 0.653085
37 2 2 0.694716
37 2 3 0.697557
37 2 4 0.667565
37 2 5 0.593792
37 3 1 0.648660
37 3 2 0.000000
37 3 3 0.000000
37 3 4 0.663140
37 3 5 0.589367
37 4 1 0.618897
37 4 2 0.660528
37 4 3 0.663370
37 4 4 0.633377
37 4 5 0.559604
38 1 1 0.000000
38 1 2 0.689575
38 1 3 0.692416
38 1 4 0.662424
38 1 5 0.000000
38 2 1 0.653085
38 2 2 0.694716
38 2 3 0.697557
38 2 4 0.667565
38 2 5 0.593792
38 3 1 0.648660
38 3 2 0.000000
38 3 3 0.000000
38 3 4 0.663140
38 3 5 0.589367
38 4 1 0.618897
38 4 2 0.660528
38 4 3 0.663370
38 4 4 0.633377
38 4 5 0.559604
39 1 1 0.000000
39 1 2 0.689575
39 1 3 0.692416
39 1 4 0.662424
39 1 5 0.000000
39 2 1 0.653085
39 2 2 0.694716
39 2 3 0.697557
39 2 4 0.667565
39 2 5 0.593792
39 3 1 0.648660
39 3 2 0.000000
39 3 3 0.000000
39 3 4 0.663140
39 3 5 0.589367
39 4 1 0.618897
39 4 2 0.660528
39 4 3 0.663370
39 4 4 0.633377
39 4 5 0.559604
40 1 1 0.000000
40 1 2 0.689575
40 1 3 0.692416
40 1 4 0.662424
40 1 5 0.000000
40 2 1 0.653085
40 2 2 0.694716
40 2 3 0.697557
40 2 4 0.667565
40 2 5 0.593792
40 3 1 0.648660
40 3 2 0.000000
40 3 3 0.000000
40 3 4 0.663140
40 3 5 0.589367
40 4 1 0.618897
40 4 2 0.660528
40 4 3 0.663370
40 4 4 0.633377
40 4 5 0.559604
41 1 1 0.000000
41 1 2 0.689575
41 1 3 0.692416
41 1 4 0.662424
41 1 5 0.000000
41 2 1 0.653085
41 2 2 0.694716
41 2 3 0.697557
41 2 4 0.667565
41 2 5 0.593792
41 3 1 0.648660
41 3 2 0.000000
41 3 3 0.000000
41 3 4 0.663140
41 3 5 0.589367
41 4 1 0.618897
41 4 2 0.660528
41 4 3 0.663370
41 4 4 0.633377
41 4 5 0.559604
42 1 1 0.000000
42 1 2 0.689575
42 1 3 0.692416
42 1 4 0.662424
42 1 5 0.000000
42 2 1 0.653085
42 2 2 0.694716
42 2 3 0.697557
42 2 4 0.667565
42 2 5 0.593792
42 3 1 0.648660
42 3 2 0.000000
42 3 3 0.000000
42 3 4 0.663140
42 3 5 0.589367
42 4 1 0.618897
42 4 2 0.660528
42 4 3 0.663370
42 4 4 0.633377
42 4 5 0.559604
43 1 1 0.000000
43 1 2 0.689575
43 1 3 0.692416
43 1 4 0.662424
43 1 5 0.000000
43 2 1 0.653085
43 2 2 0.694716
43 2 3 0.697557
43 2 4 0.667565
43 2 5 0.593792
43 3 1 0.648660
43 3 2 0.000000
43 3 3 0.000000
43 3 4 0.663140
43 3 5 0.589367
43 4 1 0.618897
43 4 2 0.660528
43 4 3 0.663370
43 4 4 0.633377
43 4 5 0.559604
44 1 1 0.000000
44 1 2 0.689575
44 1 3 0.692416
44 1 4 0.662424
44 1 5 0.000000
44 2 1 0.653085
44 2 2 0.694716
44 2 3 0.697557
44 2 4 0.667565
44 2 5 0.593792
44 3 1 0.648660
44 3 2 0.000000
44 3 3 0.000000
44 3 4 0.663140
44 3 5 0.589367
44 4 1 0.618897
44 4 2 0.660528
44 4 3 0.663370
44 4 4 0.633377
44 4 5 0.559604
45 1 1 0.000000
45 1 2 0.689575
45 1 3 0.692416
45 1 4 0.662424
45 1 5 0.000000
45 2 1 0.653085
45 2 2 0.694716
45 2 3 0.697557
45 2 4 0.667565
45 2 5 0.593792
45 3 1 0.648660
45 3 2 0.000000
45 3 3 0.000000
45 3 4 0.663140
45 3 5 0.589367
45 4 1 0.618897
45 4 2 0.660528
45 4 3 0.663370
45 4 4 0.633377
45 4 5 0.559604
46 1 1 0.000000
46 1 2 0.689575
46 1 3 0.692416
46 1 4 0.662424
46 1 5 0.000000
46 2 1 0.653085
46 2 2 0.694716
46 2 3 0.697557
46 2 4 0.667565
46 2 5 0.593792
46 3 1 0.648660
46 3 2 0.000000
46 3 3 0.000000
46 3 4 0.663140
46 3 5 0.589367
46 4 1 0.618897
46 4 2 0.660528
46 4 3 0.663370
46 4 4 0.633377
46 4 5 0.559604
47 1 1 0.000000
47 1 2 0.689575
47 1 3 0.692416
47 1 4 0.662424
47 1 5 0.000000
47 2 1 0.653085
47 2 2 0.694716
47 2 3 0.697557
47 2 4 0.667565
47 2 5 0.593792
47 3 1 0.648660
47 3 2 0.000000
47 3 3 0.000000
47 3 4 0.663140
47 3 5 0.589367
47 4 1 0.618897
47 4 2 0.660528
47 4 3 0.663370
47 4 4 0.633377
47 4 5 0.559604
48 1 1 0.000000
48 1 2 0.689575
48 1 3 0.692416
48 1 4 0.662424
48 1 5 0.000000
48 2 1 0.653085
48 2 2 0.694716
48 2 3 0.697557
48 2 4 0.667565
48 2 5 0.593792
48 3 1 0.648660
48 3 2 0.000000
48 3 3 0.000000
48 3 4 0.663140
48 3 5 0.589367
48 4 1 0.618897
48 4 2 0.660528
48 4 3 0.663370
48 4 4 0.633377
48 4 5 0.559604
49 1 1 0.000000
49 1 2 0.689575
49 1 3 0.692416
49 1 4 0.662424
49 1 5 0.000000
49 2 1 0.653085
49 2 2 0.694716
49 2 3 0.697557
49 2 4 0.667565
49 2 5 0.593792
49 3 1 0.648660
49 3 2 0.000000
49 3 3 0.000000
49 3 4 0.663140
49 3 5 0.589367
49 4 1 0.618897
49 4 2 0.660528
49 4 3 0.663370
49 4 4 0.633377
49 4 5 0.559604
50 1 1 0.000000
50 1 2 0.689575
50 1 3 0.692416
50 1 4 0.662424
50 1 5 0.000000
50 2 1 0.653085
50 2 2 0.694716
50 2 3 0.697557
50 2 4 0.667565
50 2 5 0.593792
50 3 1 0.648660
50 3 2 0.000000
50 3 3 0.000000
50 3 4 0.663140
50 3 5 0.589367
50 4 1 0.618897
50 4 2 0.660528
50 4 3 0.663370
50 4 4 0.633377
50 4 5 0.559604
51 1 1 0.000000
51 1 2 0.689575
51 1 3 0.692416
51 1 4 0.662424
51 1 5 0.000000
51 2 1 0.653085
51 2 2 0.694716
51 2 3 0.697557
51 2 4 0.667565
51 2 5 0.593792
51 3 1 0.648660
51 3 2 0.000000
51 3 3 0.000000
51 3 4 0.663140
51 3 5 0.589367
51 4 1 0.618897
51 4 2 0.660528
51 4 3 0.663370
51 4 4 0.633377
51 4 5 0.559604
52 1 1 0.000000
52 1 2 0.689575
52 1 3 0.692416
52 1 4 0.662424
52 1 5 0.000000
52 2 1 0.653085
52 2 2 0.694716
52 2 3 0.697557
52 2 4 0.667565
52 2 5 0.593792
52 3 1 0.648660
52 3 2 0.000000
52 3 3 0.000000
52 3 4 0.663140
52 3 5 0.589367
52 4 1 0.618897
52 4 2 0.660528
52 4 3 0.663370
52 4 4 0.633377
52 4 5 0.559604
53 1 1 0.000000
53 1 2 0.689575
53 1 3 0.692416
53 1 4 0.662424
53 1 5 0.000000
53 2 1 0.653085
53 2 2 0.694716
53 2 3 0.697557
53 2 4 0.667565
53 2 5 0.593792
53 3 1 0.648660
53 3 2 0.000000
53 3 3 0.000000
53 3 4 0.663140
53 3 5 0.589367
53 4 1 0.618897
53 4 2 0.660528
53 4 3 0.663370
53 4 4 0.633377
53 4 5 0.559604
54 1 1 0.000000
54 1 2 0.689575
54 1 3 0.692416
54 1 4 0.662424
54 1 5 0.000000
54 2 1 0.653085
54 2 2 0.694716
54 2 3 0.697557
54 2 4 0.667565
54 2 5 0.593792
54 3 1 0.648660
54 3 2 0.000000
54 3 3 0.000000
54 3 4 0.663140
54 3 5 0.589367
54 4 1 0.618897
54 4 2 0.660528
54 4 3 0.663370
54 4 4 0.633377
54 4 5 0.559604
55 1 1 0.000000
55 1 2 0.689575
55 1 3 0.692416
55 1 4 0.662424
55 1 5 0.000000
55 2 1 0.653085
55 2 2 0.694716
55 2 3 0.697557
55 2 4 0.667565
55 2 5 0.593792
55 3 1 0.648660
55 3 2 0.000000
55 3 3 0.000000
55 3 4 0.663140
55 3 5 0.589367
55 4 1 0.618897
55 4 2 0.660528
55 4 3 0.663370
55 4 4 0.633377
55 4 5 0.559604
56 1 1 0.000000
56 1 2 0.689575
56 1 3 0.692416
56 1 4 0.662424
56 1 5 0.000000
56 2 1 0.653085
56 2 2 0.694716
56 2 3 0.697557
56 2 4 0.667565
56 2 5 0.593792
56 3 1 0.648660
56 3 2 0.000000
56 3 3 0.000000
56 3 4 0.663140
56 3 5 0.589367
56 4 1 0.618897
56 4 2 0.660528
56 4 3 0.663370
56 4 4 0.633377
56 4 5 0.559604
57 1 1 0.000000
57 1 2 0.689575
57 1 3 0.692416
57 1 4 0.662424
57 1 5 0.000000
57 2 1 0.653085
57 2 2 0.694716
57 2 3 0.697557
57 2 4 0.667565
57 2 5 0.593792
57 3 1 0.648660
57 3 2 0.000000
57 3 3 0.000000
57 3 4 0.663140
57 3 5 0.589367
57 4 1 0.618897
57 4 2 0.660528
57 4 3 0.663370
57 4 4 0.633377
57 4 5 0.559604
58 1 1 0.000000
58 1 2 0.689575
58 1 3 0.692416
58 1 4 0.662424
58 1 5 0.000000
58 2 1 0.653085
58 2 2 0.694716
58 2 3 0.697557
58 2 4 0.667565
58 2 5 0.593792
58 3 1 0.648660
58 3 2 0.000000
58 3 3 0.000000
58 3 4 0.663140
58 3 5 0.589367
58 4 1 0.618897
58 4 2 0.660528
58 4 3 0.663370
58 4 4 0.633377
58 4 5 0.559604
59 1 1 0.000000
59 1 2 0.689575
59 1 3 0.692416
59 1 4 0.662424
59 1 5 0.000000
59 2 1 0.653085
59 2 2 0.694716
59 2 3 0.697557
59 2 4 0.667565
59 2 5 0.593792
59 3 1 0.648660
59 3 2 0.000000
59 3 3 0.000000
59 3 4 0.663140
59 3 5 0.589367
59 4 1 0.618897
59 4 2 0.660528
59 4 3 0.663370
59 4 4 0.633377
59 4 5 0.559604
60 1 1 0.000000
60 1 2 0.689575
60 1 3 0.692416
60 1 4 0.662424
60 1 5 0.000000
60 2 1 0.653085
60 2 2 0.694716
60 2 3 0.697557
60 2 4 0.667565
60 2 5 0.593792
60 3 1 0.648660
60 3 2 0.000000
60 3 3 0.000000
60 3 4 0.663140
60 3 5 0.589367
60 4 1 0.618897
60 4 2 0.660528
60 4 3 0.663370
60 4 4 0.633377
60 4 5 0.559604
61 1 1 0.000000
61 1 2 0.689575
61 1 3 0.692416
61 1 4 0.662424
61 1 5 0.000000
61 2 1 0.653085
61 2 2 0.694716
61 2 3 0.697557
61 2 4 0.667565
61 2 5 0.593792
61 3 1 0.648660
61 3 2 0.000000
61 3 3 0.000000
61 3 4 0.663140
61 3 5 0.589367
61 4 1 0.618897
61 4 2 0.660528
61 4 3 0.663370
61 4 4 0.633377
61 4 5 0.559604
62 1 1 0.000000
62 1 2 0.689575
62 1 3 0.692416
62 1 4 0.662424
62 1 5 0.000000
62 2 1 0.653085
62 2 2 0.694716
62 2 3 0.697557
62 2 4 0.667565
62 2 5 0.593792
62 3 1 0.648660
62 3 2 0.000000
62 3 3 0.000000
62 3 4 0.663140
62 3 5 0.589367
62 4 1 0.618897
62 4 2 0.660528
62 4 3 0.663370
62 4 4 0.633377
62 4 5 0.559604
63 1 1 0.000000
63 1 2 0.689575
63 1 3 0.692416
63 1 4 0.662424
63 1 5 0.000000
63 2 1 0.653085
63 2 2 0.694716
63 2 3 0.697557
63 2 4 0.667565
63 2 5 0.593792
63 3 1 0.648660
63 3 2 0.000000
63 3 3 0.000000
63 3 4 0.663140
63 3 5 0.589367
63 4 1 0.618897
63 4 2 0.660528
63 4 3 0.663370
63 4 4 0.633377
63 4 5 0.559604
64 1 1 0.000000
64 1 2 0.689575
64 1 3 0.692416
64 1 4 0.662424
64 1 5 0.000000
64 2 1 0.653085
64 2 2 0.694716
64 2 3 0.697557
64 2 4 0.667565
64 2 5 0.593792
64 3 1 0.648660
64 3 2 0.000000
64 3 3 0.000000
64 3 4 0.663140
64 3 5 0.589367
64 4 1 0.618897
64 4 2 0.660528
64 4 3 0.663370
64 4 4 0.633377
64 4 5 0.559604
65 1 1 0.000000
65 1 2 0.689575
65 1 3 0.692416
65 1 4 0.662424
65 1 5 0.000000
65 2 1 0.653085
65 2 2 0.694716
65 2 3 0.697557
65 2 4 0.667565
65 2 5 0.593792
65 3 1 0.648660
65 3 2 0.000000
65 3 3 0.000000
65 3 4 0.663140
65 3 5 0.589367
65 4 1 0.618897
65 4 2 0.660528
65 4 3 0.663370
65 4 4 0.633377
65 4 5 0.559604
66 1 1 0.000000
66 1 2 0.689575
66 1 3 0.692416
66 1 4 0.662424
66 1 5 0.000000
66 2 1 0.653085
66 2 2 0.694716
66 2 3 0.697557
66 2 4 0.667565
66 2 5 0.593792
66 3 1 0.648660
66 3 2 0.000000
66 3 3 0.000000
66 3 4 0.663140
66 3 5 0.589367
66 4 1 0.618897
66 4 2 0.660528
66 4 3 0.663370
66 4 4 0.633377
66 4 5 0.559604
67 1 1 0.000000
67 1 2 0.689575
67 1 3 0.692416
67 1 4 0.662424
67 1 5 0.000000
67 2 1 0.653085
67 2 2 0.694716
67 2 3 0.697557
67 2 4 0.667565
67 2 5 0.593792
67 3 1 0.648660
67 3 2 0.000000
67 3 3 0.000000
67 3 4 0.663140
67 3 5 0.589367
67 4 1 0.618897
67 4 2 0.660528
67 4 3 0.663370
67 4 4 0.633377
67 4 5 0.559604
68 1 1 0.000000
68 1 2 0.689575
68 1 3 0.692416
68 1 4 0.662424
68 1 5 0.000000
68 2 1 0.653085
68 2 2 0.694716
68 2 3 0.697557
68 2 4 0.667565
68 2 5 0.593792
68 3 1 0.648660
68 3 2 0.000000
68 3 3 0.000000
68 3 4 0.663140
68 3 5 0.589367
68 4 1 0.618897
68 4 2 0.660528
68 4 3 0.663370
68 4 4 0.633377
68 4 5 0.559604
69 1 1 0.000000
69 1 2 0.689575
69 1 3 0.692416
69 1 4 0.662424
69 1 5 0.000000
69 2 1 0.653085
69 2 2 0.694716
69 2 3 0.697557
69 2 4 0.667565
69 2 5 0.593792
69 3 1 0.648660
69 3 2 0.000000
69 3 3 0.000000
69 3 4 0.663140
69 3 5 0.589367
69 4 1 0.618897
69 4 2 0.660528
69 4 3 0.663370
69 4 4 0.633377
69 4 5 0.559604
70 1 1 0.000000
70 1 2 0.689575
70 1 3 0.692416
70 1 4 0.662424
70 1 5 0.000000
70 2 1 0.653085
70 2 2 0.694716
70 2 3 0.697557
70 2 4 0.667565
70 2 5 0.593792
70 3 1 0.648660
70 3 2 0.000000
70 3 3 0.000000
70 3 4 0.663140
70 3 5 0.589367
70 4 1 0.618897
70 4 2 0.660528
70 4 3 0.663370
70 4 4 0.633377
70 4 5 0.559604
71 1 1 0.000000
71 1 2 0.689575
71 1 3 0.692416
71 1 4 0.662424
71 1 5 0.000000
71 2 1 0.653085
71 2 2 0.694716
71 2 3 0.697557
71 2 4 0.667565
71 2 5 0.593792
71 3 1 0.648660
71 3 2 0.000000
71 3 3 0.000000
71 3 4 0.663140
71 3 5 0.589367
71 4 1 0.618897
71 4 2 0.660528
71 4 3 0.663370
71 4 4 0.633377
71 4 5 0.559604
72 1 1 0.000000
72 1 2 0.689575
72 1 3 0.692416
72 1 4 0.662424
72 1 5 0.000000
72 2 1 0.653085
72 2 2 0.694716
72 2 3 0.697557
72 2 4 0.667565
72 2 5 0.593792
72 3 1 0.648660
72 3 2 0.000000
72 3 3 0.000000
72 3 4 0.663140
72 3 5 0.589367
72 4 1 0.618897
72 4 2 0.660528
72 4 3 0.663370
72 4 4 0.633377
72 4 5 0.559604
73 1 1 0.000000
73 1 2 0.689575
73 1 3 0.692416
73 1 4 0.662424
73 1 5 0.000000
73 2 1 0.653085
73 2 2 0.694716
73 2 3 0.697557
73 2 4 0.667565
73 2 5 0.593792
73 3 1 0.648660
73 3 2 0.000000
73 3 3 0.000000
73 3 4 0.663140
73 3 5 0.589367
73 4 1 0.618897
73 4 2 0.660528
73 4 3 0.663370
73 4 4 0.633377
73 4 5 0.559604
74 1 1 0.000000
74 1 2 0.689575
74 1 3 0.692416
74 1 4 0.662424
74 1 5 0.000000
74 2 1 0.653085
74 2 2 0.694716
74 2 3 0.697557
74 2 4 0.667565
74 2 5 0.593792
74 3 1 0.648660
74 3 2 0.000000
74 3 3 0.000000
74 3 4 0.663140
74 3 5 0.589367
74 4 1 0.618897
74 4 2 0.660528
74 4 3 0.663370
74 4 4 0.633377
74 4 5 0.559604
75 1 1 0.000000
75 1 2 0.689575
75 1 3 0.692416
75 1 4 0.662424
75 1 5 0.000000
75 2 1 0.653085
75 2 2 0.694716
75 2 3 0.697557
75 2 4 0.667565
75 2 5 0.593792
75 3 1 0.648660
75 3 2 0.000000
75 3 3 0.000000
75 3 4 0.663140
75 3 5 0.589367
75 4 1 0.618897
75 4 2 0.660528
75 4 3 0.663370
75 4 4 0.633377
75 4 5 0.559604
76 1 1 0.000000
76 1 2 0.689575
76 1 3 0.692416
76 1 4 0.662424
76 1 5 0.000000
76 2 1 0.653085
76 2 2 0.694716
76 2 3 0.697557
76 2 4 0.667565
76 2 5 0.593792
76 3 1 0.648660
76 3 2 0.000000
76 3 3 0.000000
76 3 4 0.663140
76 3 5 0.589367
76 4 1 0.618897
76 4 2 0.660528
76 4 3 0.663370
76 4 4 0.633377
76 4 5 0.559604
77 1 1 0.000000
77 1 2 0.689575
77 1 3 0.692416
77 1 4 0.662424
77 1 5 0.000000
77 2 1 0.653085
77 2 2 0.694716
77 2 3 0.697557
77 2 4 0.667565
77 2 5 0.593792
77 3 1 0.648660
77 3 2 0.000000
77 3 3 0.000000
77 3 4 0.663140
77 3 5 0.589367
77 4 1 0.618897
77 4 2 0.660528
77 4 3 0.663370
77 4 4 0.633377
77 4 5 0.559604
78 1 1 0.000000
78 1 2 0.689575
78 1 3 0.692416
78 1 4 0.662424
78 1 5 0.000000
78 2 1 0.653085
78 2 2 0.694716
78 2 3 0.697557
78 2 4 0.667565
78 2 5 0.593792
78 3 1 0.648660
78 3 2 0.000000
78 3 3 0.000000
78 3 4 0.663140
78 3 5 0.589367
78 4 1 0.618897
78 4 2 0.660528
78 4 3 0.663370
78 4 4 0.633377
78 4 5 0.559604
79 1 1 0.000000
79 1 2 0.689575
79 1 3 0.692416
79 1 4 0.662424
79 1 5 0.000000
79 2 1 0.653085
79 2 2 0.694716
79 2 3 0.697557
79 2 4 0.667565
79 2 5 0.593792
79 3 1 0.648660
79 3 2 0.000000
79 3 3 0.000000
79 3 4 0.663140
79 3 5 0.589367
79 4 1 0.618897
79 4 2 0.660528
79 4 3 0.663370
79 4 4 0.633377
79 4 5 0.559604
80 1 1 0.000000
80 1 2 0.689575
80 1 3 0.692416
80 1 4 0.662424
80 1 5 0.000000
80 2 1 0.653085
80 2 2 0.694716
80 2 3 0.697557
80 2 4 0.667565
80 2 5 0.593792
80 3 1 0.648660
80 3 2 0.000000
80 3 3 0.000000
80 3 4 0.663140
80 3 5 0.589367
80 4 1 0.618897
80 4 2 0.660528
80 4 3 0.663370
80 4 4 0.633377
80 4 5 0.559604
81 1 1 0.000000
81 1 2 0.689575
81 1 3 0.692416
81 1 4 0.662424
81 1 5 0.000000
81 2 1 0.653085
81 2 2 0.694716
81 2 3 0.697557
81 2 4 0.667565
81 2 5 0.593792
81 3 1 0.648660
81 3 2 0.000000
81 3 3 0.000000
81 3 4 0.663140
81 3 5 0.589367
81 4 1 0.618897
81 4 2 0.660528
81 4 3 0.663370
81 4 4 0.633377
81 4 5 0.559604
82 1 1 0.000000
82 1 2 0.689575
82 1 3 0.692416
82 1 4 0.662424
82 1 5 0.000000
82 2 1 0.653085
82 2 2 0.694716
82 2 3 0.697557
82 2 4 0.667565
82 2 5 0.593792
82 3 1 0.648660
82 3 2 0.000000
82 3 3 0.000000
82 3 4 0.663140
82 3 5 0.589367
82 4 1 0.618897
82 4 2 0.660528
82 4 3 0.663370
82 4 4 0.633377
82 4 5 0.559604
83 1 1 0.000000
83 1 2 0.689575
83 1 3 0.692416
83 1 4 0.662424
83 1 5 0.000000
83 2 1 0.653085
83 2 2 0.694716
83 2 3 0.697557
83 2 4 0.667565
83 2 5 0.593792
83 3 1 0.648660
83 3 2 0.000000
83 3 3 0.000000
83 3 4 0.663140
83 3 5 0.589367
83 4 1 0.618897
83 4 2 0.660528
83 4 3 0.663370
83 4 4 0.633377
83 4 5 0.559604
84 1 1 0.000000
84 1 2 0.689575
84 1 3 0.692416
84 1 4 0.662424
84 1 5 0.000000
84 2 1 0.653085
84 2 2 0.694716
84 2 3 0.697557
84 2 4 0.667565
84 2 5 0.593792
84 3 1 0.648660
84 3 2 0.000000
84 3 3 0.000000
84 3 4 0.663140
84 3 5 0.589367
84 4 1 0.618897
84 4 2 0.660528
84 4 3 0.663370
84 4 4 0.633377
84 4 5 0.559604
85 1 1 0.000000
85 1 2 0.689575
85 1 3 0.692416
85 1 4 0.662424
85 1 5 0.000000
85 2 1 0.653085
85 2 2 0.694716
85 2 3 0.697557
85 2 4 0.667565
85 2 5 0.593792
85 3 1 0.648660
85 3 2 0.000000
85 3 3 0.000000
85 3 4 0.663140
85 3 5 0.589367
85 4 1 0.618897
85 4 2 0.660528
85 4 3 0.663370
85 4 4 0.633377
85 4 5 0.559604
86 1 1 0.000000
86 1 2 0.689575
86 1 3 0.692416
86 1 4 0.662424
86 1 5 0.000000
86 2 1 0.653085
86 2 2 0.694716
86 2 3 0.697557
86 2 4 0.667565
86 2 5 0.593792
86 3 1 0.648660
86 3 2 0.000000
86 3 3 0.000000
86 3 4 0.663140
86 3 5 0.589367
86 4 1 0.618897
86 4 2 0.660528
86 4 3 0.663370
86 4 4 0.633377
86 4 5 0.559604
87 1 1 0.000000
87 1 2 0.689575
87 1 3 0.692416
87 1 4 0.662424
87 1 5 0.000000
87 2 1 0.653085
87 2 2 0.694716
87 2 3 0.697557
87 2 4 0.667565
87 2 5 0.593792
87 3 1 0.648660
87 3 2 0.000000
87 3 3 0.000000
87 3 4 0.663140
87 3 5 0.589367
87 4 1 0.618897
87 4 2 0.660528
87 4 3 0.663370
87 4 4 0.633377
87 4 5 0.559604
88 1 1 0.000000
88 1 2 0.689575
88 1 3 0.692416
88 1 4 0.662424
88 1 5 0.000000
88 2 1 0.653085
88 2 2 0.694716
88 2 3 0.697557
88 2 4 0.667565
88 2 5 0.593792
88 3 1 0.648660
88 3 2 0.000000
88 3 3 0.000000
88 3 4 0.663140
88 3 5 0.589367
88 4 1 0.618897
88 4 2 0.660528
88 4 3 0.663370
88 4 4 0.633377
88 4 5 0.559604
89 1 1 0.000000
89 1 2 0.689575
89 1 3 0.692416
89 1 4 0.662424
89 1 5 0.000000
89 2 1 0.653085
89 2 2 0.694716
89 2 3 0.697557
89 2 4 0.667565
89 2 5 0.593792
89 3 1 0.648660
89 3 2 0.000000
89 3 3 0.000000
89 3 4 0.663140
89 3 5 0.589367
89 4 1 0.618897
89 4 2 0.660528
89 4 3 0.663370
89 4 4 0.633377
89 4 5 0.559604
90 1 1 0.000000
90 1 2 0.689575
90 1 3 0.692416
90 1 4 0.662424
90 1 5 0.000000
90 2 1 0.653085
90 2 2 0.694716
90 2 3 0.697557
90 2 4 0.667565
90 2 5 0.593792
90 3 1 0.648660
90 3 2 0.000000
90 3 3 0.000000
90 3 4 0.663140
90 3 5 0.589367
90 4 1 0.618897
90 4 2 0.660528
90 4 3 0.663370
90 4 4 0.633377
90 4 5 0.559604
