1 1 1 0.656640
1 1 2 0.000000
1 1 3 0.651398
1 1 4 0.000000
1 1 5 0.000000
1 2 1 0.000000
1 2 2 0.659795
1 2 3 0.000000
1 2 4 0.582486
1 2 5 0.000000
1 3 1 0.667468
1 3 2 0.684774
1 3 3 0.662226
1 3 4 0.000000
1 3 5 0.526182
1 4 1 0.649683
1 4 2 0.666988
1 4 3 0.000000
1 4 4 0.589679
1 4 5 0.000000
1 5 1 0.642818
1 5 2 0.000000
1 5 3 0.637575
1 5 4 0.000000
1 5 5 0.501531
1 6 1 0.648379
1 6 2 0.665685
1 6 3 0.000000
1 6 4 0.588376
1 6 5 0.507092
1 7 1 0.639322
1 7 2 0.656627
1 7 3 0.634079
1 7 4 0.000000
1 7 5 0.498035
1 8 1 0.647543
1 8 2 0.000000
1 8 3 0.642301
1 8 4 0.587539
1 8 5 0.000000
1 9 1 0.000000
1 9 2 0.645659
1 9 3 0.000000
1 9 4 0.568350
1 9 5 0.000000
1 10 1 0.633738
1 10 2 0.651044
1 10 3 0.628496
1 10 4 0.573735
1 10 5 0.492452
2 1 1 0.656640
2 1 2 0.000000
2 1 3 0.651398
2 1 4 0.000000
2 1 5 0.000000
2 2 1 0.000000
2 2 2 0.659795
2 2 3 0.000000
2 2 4 0.582486
2 2 5 0.000000
2 3 1 0.667468
2 3 2 0.684774
2 3 3 0.662226
2 3 4 0.000000
2 3 5 0.526182
2 4 1 0.649683
2 4 2 0.666988
2 4 3 0.000000
2 4 4 0.589679
2 4 5 0.000000
2 5 1 0.642818
2 5 2 0.000000
2 5 3 0.637575
2 5 4 0.000000
2 5 5 0.501531
2 6 1 0.648379
2 6 2 0.665685
2 6 3 0.000000
2 6 4 0.588376
2 6 5 0.507092
2 7 1 0.639322
2 7 2 0.656627
2 7 3 0.634079
2 7 4 0.000000
2 7 5 0.498035
2 8 1 0.647543
2 8 2 0.000000
2 8 3 0.642301
2 8 4 0.587539
2 8 5 0.000000
2 9 1 0.000000
2 9 2 0.645659
2 9 3 0.000000
2 9 4 0.568350
2 9 5 0.000000
2 10 1 0.633738
2 10 2 0.651044
2 10 3 0.628496
2 10 4 0.573735
2 10 5 0.492452
3 1 1 0.656640
3 1 2 0.000000
3 1 3 0.651398
3 1 4 0.000000
3 1 5 0.000000
3 2 1 0.000000
3 2 2 0.659795
3 2 3 0.000000
3 2 4 0.582486
3 2 5 0.000000
3 3 1 0.667468
3 3 2 0.684774
3 3 3 0.662226
3 3 4 0.000000
3 3 5 0.526182
3 4 1 0.649683
3 4 2 0.666988
3 4 3 0.000000
3 4 4 0.589679
3 4 5 0.000000
3 5 1 0.642818
3 5 2 0.000000
3 5 3 0.637575
3 5 4 0.000000
3 5 5 0.501531
3 6 1 0.648379
3 6 2 0.665685
3 6 3 0.000000
3 6 4 0.588376
3 6 5 0.507092
3 7 1 0.639322
3 7 2 0.656627
3 7 3 0.634079
3 7 4 0.000000
3 7 5 0.498035
3 8 1 0.647543
3 8 2 0.000000
3 8 3 0.642301
3 8 4 0.587539
3 8 5 0.000000
3 9 1 0.000000
3 9 2 0.645659
3 9 3 0.000000
3 9 4 0.568350
3 9 5 0.000000
3 10 1 0.633738
3 10 2 0.651044
3 10 3 0.628496
3 10 4 0.573735
3 10 5 0.492452
4 1 1 0.656640
4 1 2 0.000000
4 1 3 0.651398
4 1 4 0.000000
4 1 5 0.000000
4 2 1 0.000000
4 2 2 0.659795
4 2 3 0.000000
4 2 4 0.582486
4 2 5 0.000000
4 3 1 0.667468
4 3 2 0.684774
4 3 3 0.662226
4 3 4 0.000000
4 3 5 0.526182
4 4 1 0.649683
4 4 2 0.666988
4 4 3 0.000000
4 4 4 0.589679
4 4 5 0.000000
4 5 1 0.642818
4 5 2 0.000000
4 5 3 0.637575
4 5 4 0.000000
4 5 5 0.501531
4 6 1 0.648379
4 6 2 0.665685
4 6 3 0.000000
4 6 4 0.588376
4 6 5 0.507092
4 7 1 0.639322
4 7 2 0.656627
4 7 3 0.634079
4 7 4 0.000000
4 7 5 0.498035
4 8 1 0.647543
4 8 2 0.000000
4 8 3 0.642301
4 8 4 0.587539
4 8 5 0.000000
4 9 1 0.000000
4 9 2 0.645659
4 9 3 0.000000
4 9 4 0.568350
4 9 5 0.000000
4 10 1 0.633738
4 10 2 0.651044
4 10 3 0.628496
4 10 4 0.573735
4 10 5 0.492452
5 1 1 0.656640
5 1 2 0.000000
5 1 3 0.651398
5 1 4 0.000000
5 1 5 0.000000
5 2 1 0.000000
5 2 2 0.659795
5 2 3 0.000000
5 2 4 0.582486
5 2 5 0.000000
5 3 1 0.667468
5 3 2 0.684774
5 3 3 0.662226
5 3 4 0.000000
5 3 5 0.526182
5 4 1 0.649683
5 4 2 0.666988
5 4 3 0.000000
5 4 4 0.589679
5 4 5 0.000000
5 5 1 0.642818
5 5 2 0.000000
5 5 3 0.637575
5 5 4 0.000000
5 5 5 0.501531
5 6 1 0.648379
5 6 2 0.665685
5 6 3 0.000000
5 6 4 0.588376
5 6 5 0.507092
5 7 1 0.639322
5 7 2 0.656627
5 7 3 0.634079
5 7 4 0.000000
5 7 5 0.498035
5 8 1 0.647543
5 8 2 0.000000
5 8 3 0.642301
5 8 4 0.587539
5 8 5 0.000000
5 9 1 0.000000
5 9 2 0.645659
5 9 3 0.000000
5 9 4 0.568350
5 9 5 0.000000
5 10 1 0.633738
5 10 2 0.651044
5 10 3 0.628496
5 10 4 0.573735
5 10 5 0.492452
6 1 1 0.656640
6 1 2 0.000000
6 1 3 0.651398
6 1 4 0.000000
6 1 5 0.000000
6 2 1 0.000000
6 2 2 0.659795
6 2 3 0.000000
6 2 4 0.582486
6 2 5 0.000000
6 3 1 0.667468
6 3 2 0.684774
6 3 3 0.662226
6 3 4 0.000000
6 3 5 0.526182
6 4 1 0.649683
6 4 2 0.666988
6 4 3 0.000000
6 4 4 0.589679
6 4 5 0.000000
6 5 1 0.642818
6 5 2 0.000000
6 5 3 0.637575
6 5 4 0.000000
6 5 5 0.501531
6 6 1 0.648379
6 6 2 0.665685
6 6 3 0.000000
6 6 4 0.588376
6 6 5 0.507092
6 7 1 0.639322
6 7 2 0.656627
6 7 3 0.634079
6 7 4 0.000000
6 7 5 0.498035
6 8 1 0.647543
6 8 2 0.000000
6 8 3 0.642301
6 8 4 0.587539
6 8 5 0.000000
6 9 1 0.000000
6 9 2 0.645659
6 9 3 0.000000
6 9 4 0.568350
6 9 5 0.000000
6 10 1 0.633738
6 10 2 0.651044
6 10 3 0.628496
6 10 4 0.573735
6 10 5 0.492452
7 1 1 0.656640
7 1 2 0.000000
7 1 3 0.651398
7 1 4 0.000000
7 1 5 0.000000
7 2 1 0.000000
7 2 2 0.659795
7 2 3 0.000000
7 2 4 0.582486
7 2 5 0.000000
7 3 1 0.667468
7 3 2 0.684774
7 3 3 0.662226
7 3 4 0.000000
7 3 5 0.526182
7 4 1 0.649683
7 4 2 0.666988
7 4 3 0.000000
7 4 4 0.589679
7 4 5 0.000000
7 5 1 0.642818
7 5 2 0.000000
7 5 3 0.637575
7 5 4 0.000000
7 5 5 0.501531
7 6 1 0.648379
7 6 2 0.665685
7 6 3 0.000000
7 6 4 0.588376
7 6 5 0.507092
7 7 1 0.639322
7 7 2 0.656627
7 7 3 0.634079
7 7 4 0.000000
7 7 5 0.498035
7 8 1 0.647543
7 8 2 0.000000
7 8 3 0.642301
7 8 4 0.587539
7 8 5 0.000000
7 9 1 0.000000
7 9 2 0.645659
7 9 3 0.000000
7 9 4 0.568350
7 9 5 0.000000
7 10 1 0.633738
7 10 2 0.651044
7 10 3 0.628496
7 10 4 0.573735
7 10 5 0.492452
8 1 1 0.656640
8 1 2 0.000000
8 1 3 0.651398
8 1 4 0.000000
8 1 5 0.000000
8 2 1 0.000000
8 2 2 0.659795
8 2 3 0.000000
8 2 4 0.582486
8 2 5 0.000000
8 3 1 0.667468
8 3 2 0.684774
8 3 3 0.662226
8 3 4 0.000000
8 3 5 0.526182
8 4 1 0.649683
8 4 2 0.666988
8 4 3 0.000000
8 4 4 0.589679
8 4 5 0.000000
8 5 1 0.642818
8 5 2 0.000000
8 5 3 0.637575
8 5 4 0.000000
8 5 5 0.501531
8 6 1 0.648379
8 6 2 0.665685
8 6 3 0.000000
8 6 4 0.588376
8 6 5 0.507092
8 7 1 0.639322
8 7 2 0.656627
8 7 3 0.634079
8 7 4 0.000000
8 7 5 0.498035
8 8 1 0.647543
8 8 2 0.000000
8 8 3 0.642301
8 8 4 0.587539
8 8 5 0.000000
8 9 1 0.000000
8 9 2 0.645659
8 9 3 0.000000
8 9 4 0.568350
8 9 5 0.000000
8 10 1 0.633738
8 10 2 0.651044
8 10 3 0.628496
8 10 4 0.573735
8 10 5 0.492452
9 1 1 0.656640
9 1 2 0.000000
9 1 3 0.651398
9 1 4 0.000000
9 1 5 0.000000
9 2 1 0.000000
9 2 2 0.659795
9 2 3 0.000000
9 2 4 0.582486
9 2 5 0.000000
9 3 1 0.667468
9 3 2 0.684774
9 3 3 0.662226
9 3 4 0.000000
9 3 5 0.526182
9 4 1 0.649683
9 4 2 0.666988
9 4 3 0.000000
9 4 4 0.589679
9 4 5 0.000000
9 5 1 0.642818
9 5 2 0.000000
9 5 3 0.637575
9 5 4 0.000000
9 5 5 0.501531
9 6 1 0.648379
9 6 2 0.665685
9 6 3 0.000000
9 6 4 0.588376
9 6 5 0.507092
9 7 1 0.639322
9 7 2 0.656627
9 7 3 0.634079
9 7 4 0.000000
9 7 5 0.498035
9 8 1 0.647543
9 8 2 0.000000
9 8 3 0.642301
9 8 4 0.587539
9 8 5 0.000000
9 9 1 0.000000
9 9 2 0.645659
9 9 3 0.000000
9 9 4 0.568350
9 9 5 0.000000
9 10 1 0.633738
9 10 2 0.651044
9 10 3 0.628496
9 10 4 0.573735
9 10 5 0.492452
10 1 1 0.656640
10 1 2 0.000000
10 1 3 0.651398
10 1 4 0.000000
10 1 5 0.000000
10 2 1 0.000000
10 2 2 0.659795
10 2 3 0.000000
10 2 4 0.582486
10 2 5 0.000000
10 3 1 0.667468
10 3 2 0.684774
10 3 3 0.662226
10 3 4 0.000000
10 3 5 0.526182
10 4 1 0.649683
10 4 2 0.666988
10 4 3 0.000000
10 4 4 0.589679
10 4 5 0.000000
10 5 1 0.642818
10 5 2 0.000000
10 5 3 0.637575
10 5 4 0.000000
10 5 5 0.501531
10 6 1 0.648379
10 6 2 0.665685
10 6 3 0.000000
10 6 4 0.588376
10 6 5 0.507092
10 7 1 0.639322
10 7 2 0.656627
10 7 3 0.634079
10 7 4 0.000000
10 7 5 0.498035
10 8 1 0.647543
10 8 2 0.000000
10 8 3 0.642301
10 8 4 0.587539
10 8 5 0.000000
10 9 1 0.000000
10 9 2 0.645659
10 9 3 0.000000
10 9 4 0.568350
10 9 5 0.000000
10 10 1 0.633738
10 10 2 0.651044
10 10 3 0.628496
10 10 4 0.573735
10 10 5 0.492452
11 1 1 0.656640
11 1 2 0.000000
11 1 3 0.651398
11 1 4 0.000000
11 1 5 0.000000
11 2 1 0.000000
11 2 2 0.659795
11 2 3 0.000000
11 2 4 0.582486
11 2 5 0.000000
11 3 1 0.667468
11 3 2 0.684774
11 3 3 0.662226
11 3 4 0.000000
11 3 5 0.526182
11 4 1 0.649683
11 4 2 0.666988
11 4 3 0.000000
11 4 4 0.589679
11 4 5 0.000000
11 5 1 0.642818
11 5 2 0.000000
11 5 3 0.637575
11 5 4 0.000000
11 5 5 0.501531
11 6 1 0.648379
11 6 2 0.665685
11 6 3 0.000000
11 6 4 0.588376
11 6 5 0.507092
11 7 1 0.639322
11 7 2 0.656627
11 7 3 0.634079
11 7 4 0.000000
11 7 5 0.498035
11 8 1 0.647543
11 8 2 0.000000
11 8 3 0.642301
11 8 4 0.587539
11 8 5 0.000000
11 9 1 0.000000
11 9 2 0.645659
11 9 3 0.000000
11 9 4 0.568350
11 9 5 0.000000
11 10 1 0.633738
11 10 2 0.651044
11 10 3 0.628496
11 10 4 0.573735
11 10 5 0.492452
12 1 1 0.656640
12 1 2 0.000000
12 1 3 0.651398
12 1 4 0.000000
12 1 5 0.000000
12 2 1 0.000000
12 2 2 0.659795
12 2 3 0.000000
12 2 4 0.582486
12 2 5 0.000000
12 3 1 0.667468
12 3 2 0.684774
12 3 3 0.662226
12 3 4 0.000000
12 3 5 0.526182
12 4 1 0.649683
12 4 2 0.666988
12 4 3 0.000000
12 4 4 0.589679
12 4 5 0.000000
12 5 1 0.642818
12 5 2 0.000000
12 5 3 0.637575
12 5 4 0.000000
12 5 5 0.501531
12 6 1 0.648379
12 6 2 0.665685
12 6 3 0.000000
12 6 4 0.588376
12 6 5 0.507092
12 7 1 0.639322
12 7 2 0.656627
12 7 3 0.634079
12 7 4 0.000000
12 7 5 0.498035
12 8 1 0.647543
12 8 2 0.000000
12 8 3 0.642301
12 8 4 0.587539
12 8 5 0.000000
12 9 1 0.000000
12 9 2 0.645659
12 9 3 0.000000
12 9 4 0.568350
12 9 5 0.000000
12 10 1 0.633738
12 10 2 0.651044
12 10 3 0.628496
12 10 4 0.573735
12 10 5 0.492452
13 1 1 0.656640
13 1 2 0.000000
13 1 3 0.651398
13 1 4 0.000000
13 1 5 0.000000
13 2 1 0.000000
13 2 2 0.659795
13 2 3 0.000000
13 2 4 0.582486
13 2 5 0.000000
13 3 1 0.667468
13 3 2 0.684774
13 3 3 0.662226
13 3 4 0.000000
13 3 5 0.526182
13 4 1 0.649683
13 4 2 0.666988
13 4 3 0.000000
13 4 4 0.589679
13 4 5 0.000000
13 5 1 0.642818
13 5 2 0.000000
13 5 3 0.637575
13 5 4 0.000000
13 5 5 0.501531
13 6 1 0.648379
13 6 2 0.665685
13 6 3 0.000000
13 6 4 0.588376
13 6 5 0.507092
13 7 1 0.639322
13 7 2 0.656627
13 7 3 0.634079
13 7 4 0.000000
13 7 5 0.498035
13 8 1 0.647543
13 8 2 0.000000
13 8 3 0.642301
13 8 4 0.587539
13 8 5 0.000000
13 9 1 0.000000
13 9 2 0.645659
13 9 3 0.000000
13 9 4 0.568350
13 9 5 0.000000
13 10 1 0.633738
13 10 2 0.651044
13 10 3 0.628496
13 10 4 0.573735
13 10 5 0.492452
14 1 1 0.656640
14 1 2 0.000000
14 1 3 0.651398
14 1 4 0.000000
14 1 5 0.000000
14 2 1 0.000000
14 2 2 0.659795
14 2 3 0.000000
14 2 4 0.582486
14 2 5 0.000000
14 3 1 0.667468
14 3 2 0.684774
14 3 3 0.662226
14 3 4 0.000000
14 3 5 0.526182
14 4 1 0.649683
14 4 2 0.666988
14 4 3 0.000000
14 4 4 0.589679
14 4 5 0.000000
14 5 1 0.642818
14 5 2 0.000000
14 5 3 0.637575
14 5 4 0.000000
14 5 5 0.501531
14 6 1 0.648379
14 6 2 0.665685
14 6 3 0.000000
14 6 4 0.588376
14 6 5 0.507092
14 7 1 0.639322
14 7 2 0.656627
14 7 3 0.634079
14 7 4 0.000000
14 7 5 0.498035
14 8 1 0.647543
14 8 2 0.000000
14 8 3 0.642301
14 8 4 0.587539
14 8 5 0.000000
14 9 1 0.000000
14 9 2 0.645659
14 9 3 0.000000
14 9 4 0.568350
14 9 5 0.000000
14 10 1 0.633738
14 10 2 0.651044
14 10 3 0.628496
14 10 4 0.573735
14 10 5 0.492452
15 1 1 0.656640
15 1 2 0.000000
15 1 3 0.651398
15 1 4 0.000000
15 1 5 0.000000
15 2 1 0.000000
15 2 2 0.659795
15 2 3 0.000000
15 2 4 0.582486
15 2 5 0.000000
15 3 1 0.667468
15 3 2 0.684774
15 3 3 0.662226
15 3 4 0.000000
15 3 5 0.526182
15 4 1 0.649683
15 4 2 0.666988
15 4 3 0.000000
15 4 4 0.589679
15 4 5 0.000000
15 5 1 0.642818
15 5 2 0.000000
15 5 3 0.637575
15 5 4 0.000000
15 5 5 0.501531
15 6 1 0.648379
15 6 2 0.665685
15 6 3 0.000000
15 6 4 0.588376
15 6 5 0.507092
15 7 1 0.639322
15 7 2 0.656627
15 7 3 0.634079
15 7 4 0.000000
15 7 5 0.498035
15 8 1 0.647543
15 8 2 0.000000
15 8 3 0.642301
15 8 4 0.587539
15 8 5 0.000000
15 9 1 0.000000
15 9 2 0.645659
15 9 3 0.000000
15 9 4 0.568350
15 9 5 0.000000
15 10 1 0.633738
15 10 2 0.651044
15 10 3 0.628496
15 10 4 0.573735
15 10 5 0.492452
16 1 1 0.656640
16 1 2 0.000000
16 1 3 0.651398
16 1 4 0.000000
16 1 5 0.000000
16 2 1 0.000000
16 2 2 0.659795
16 2 3 0.000000
16 2 4 0.582486
16 2 5 0.000000
16 3 1 0.667468
16 3 2 0.684774
16 3 3 0.662226
16 3 4 0.000000
16 3 5 0.526182
16 4 1 0.649683
16 4 2 0.666988
16 4 3 0.000000
16 4 4 0.589679
16 4 5 0.000000
16 5 1 0.642818
16 5 2 0.000000
16 5 3 0.637575
16 5 4 0.000000
16 5 5 0.501531
16 6 1 0.648379
16 6 2 0.665685
16 6 3 0.000000
16 6 4 0.588376
16 6 5 0.507092
16 7 1 0.639322
16 7 2 0.656627
16 7 3 0.634079
16 7 4 0.000000
16 7 5 0.498035
16 8 1 0.647543
16 8 2 0.000000
16 8 3 0.642301
16 8 4 0.587539
16 8 5 0.000000
16 9 1 0.000000
16 9 2 0.645659
16 9 3 0.000000
16 9 4 0.568350
16 9 5 0.000000
16 10 1 0.633738
16 10 2 0.651044
16 10 3 0.628496
16 10 4 0.573735
16 10 5 0.492452
17 1 1 0.656640
17 1 2 0.000000
17 1 3 0.651398
17 1 4 0.000000
17 1 5 0.000000
17 2 1 0.000000
17 2 2 0.659795
17 2 3 0.000000
17 2 4 0.582486
17 2 5 0.000000
17 3 1 0.667468
17 3 2 0.684774
17 3 3 0.662226
17 3 4 0.000000
17 3 5 0.526182
17 4 1 0.649683
17 4 2 0.666988
17 4 3 0.000000
17 4 4 0.589679
17 4 5 0.000000
17 5 1 0.642818
17 5 2 0.000000
17 5 3 0.637575
17 5 4 0.000000
17 5 5 0.501531
17 6 1 0.648379
17 6 2 0.665685
17 6 3 0.000000
17 6 4 0.588376
17 6 5 0.507092
17 7 1 0.639322
17 7 2 0.656627
17 7 3 0.634079
17 7 4 0.000000
17 7 5 0.498035
17 8 1 0.647543
17 8 2 0.000000
17 8 3 0.642301
17 8 4 0.587539
17 8 5 0.000000
17 9 1 0.000000
17 9 2 0.645659
17 9 3 0.000000
17 9 4 0.568350
17 9 5 0.000000
17 10 1 0.633738
17 10 2 0.651044
17 10 3 0.628496
17 10 4 0.573735
17 10 5 0.492452
18 1 1 0.656640
18 1 2 0.000000
18 1 3 0.651398
18 1 4 0.000000
18 1 5 0.000000
18 2 1 0.000000
18 2 2 0.659795
18 2 3 0.000000
18 2 4 0.582486
18 2 5 0.000000
18 3 1 0.667468
18 3 2 0.684774
18 3 3 0.662226
18 3 4 0.000000
18 3 5 0.526182
18 4 1 0.649683
18 4 2 0.666988
18 4 3 0.000000
18 4 4 0.589679
18 4 5 0.000000
18 5 1 0.642818
18 5 2 0.000000
18 5 3 0.637575
18 5 4 0.000000
18 5 5 0.501531
18 6 1 0.648379
18 6 2 0.665685
18 6 3 0.000000
18 6 4 0.588376
18 6 5 0.507092
18 7 1 0.639322
18 7 2 0.656627
18 7 3 0.634079
18 7 4 0.000000
18 7 5 0.498035
18 8 1 0.647543
18 8 2 0.000000
18 8 3 0.642301
18 8 4 0.587539
18 8 5 0.000000
18 9 1 0.000000
18 9 2 0.645659
18 9 3 0.000000
18 9 4 0.568350
18 9 5 0.000000
18 10 1 0.633738
18 10 2 0.651044
18 10 3 0.628496
18 10 4 0.573735
18 10 5 0.492452
19 1 1 0.656640
19 1 2 0.000000
19 1 3 0.651398
19 1 4 0.000000
19 1 5 0.000000
19 2 1 0.000000
19 2 2 0.659795
19 2 3 0.000000
19 2 4 0.582486
19 2 5 0.000000
19 3 1 0.667468
19 3 2 0.684774
19 3 3 0.662226
19 3 4 0.000000
19 3 5 0.526182
19 4 1 0.649683
19 4 2 0.666988
19 4 3 0.000000
19 4 4 0.589679
19 4 5 0.000000
19 5 1 0.642818
19 5 2 0.000000
19 5 3 0.637575
19 5 4 0.000000
19 5 5 0.501531
19 6 1 0.648379
19 6 2 0.665685
19 6 3 0.000000
19 6 4 0.588376
19 6 5 0.507092
19 7 1 0.639322
19 7 2 0.656627
19 7 3 0.634079
19 7 4 0.000000
19 7 5 0.498035
19 8 1 0.647543
19 8 2 0.000000
19 8 3 0.642301
19 8 4 0.587539
19 8 5 0.000000
19 9 1 0.000000
19 9 2 0.645659
19 9 3 0.000000
19 9 4 0.568350
19 9 5 0.000000
19 10 1 0.633738
19 10 2 0.651044
19 10 3 0.628496
19 10 4 0.573735
19 10 5 0.492452
20 1 1 0.656640
20 1 2 0.000000
20 1 3 0.651398
20 1 4 0.000000
20 1 5 0.000000
20 2 1 0.000000
20 2 2 0.659795
20 2 3 0.000000
20 2 4 0.582486
20 2 5 0.000000
20 3 1 0.667468
20 3 2 0.684774
20 3 3 0.662226
20 3 4 0.000000
20 3 5 0.526182
20 4 1 0.649683
20 4 2 0.666988
20 4 3 0.000000
20 4 4 0.589679
20 4 5 0.000000
20 5 1 0.642818
20 5 2 0.000000
20 5 3 0.637575
20 5 4 0.000000
20 5 5 0.501531
20 6 1 0.648379
20 6 2 0.665685
20 6 3 0.000000
20 6 4 0.588376
20 6 5 0.507092
20 7 1 0.639322
20 7 2 0.656627
20 7 3 0.634079
20 7 4 0.000000
20 7 5 0.498035
20 8 1 0.647543
20 8 2 0.000000
20 8 3 0.642301
20 8 4 0.587539
20 8 5 0.000000
20 9 1 0.000000
20 9 2 0.645659
20 9 3 0.000000
20 9 4 0.568350
20 9 5 0.000000
20 10 1 0.633738
20 10 2 0.651044
20 10 3 0.628496
20 10 4 0.573735
20 10 5 0.492452
21 1 1 0.656640
21 1 2 0.000000
21 1 3 0.651398
21 1 4 0.000000
21 1 5 0.000000
21 2 1 0.000000
21 2 2 0.659795
21 2 3 0.000000
21 2 4 0.582486
21 2 5 0.000000
21 3 1 0.667468
21 3 2 0.684774
21 3 3 0.662226
21 3 4 0.000000
21 3 5 0.526182
21 4 1 0.649683
21 4 2 0.666988
21 4 3 0.000000
21 4 4 0.589679
21 4 5 0.000000
21 5 1 0.642818
21 5 2 0.000000
21 5 3 0.637575
21 5 4 0.000000
21 5 5 0.501531
21 6 1 0.648379
21 6 2 0.665685
21 6 3 0.000000
21 6 4 0.588376
21 6 5 0.507092
21 7 1 0.639322
21 7 2 0.656627
21 7 3 0.634079
21 7 4 0.000000
21 7 5 0.498035
21 8 1 0.647543
21 8 2 0.000000
21 8 3 0.642301
21 8 4 0.587539
21 8 5 0.000000
21 9 1 0.000000
21 9 2 0.645659
21 9 3 0.000000
21 9 4 0.568350
21 9 5 0.000000
21 10 1 0.633738
21 10 2 0.651044
21 10 3 0.628496
21 10 4 0.573735
21 10 5 0.492452
22 1 1 0.656640
22 1 2 0.000000
22 1 3 0.651398
22 1 4 0.000000
22 1 5 0.000000
22 2 1 0.000000
22 2 2 0.659795
22 2 3 0.000000
22 2 4 0.582486
22 2 5 0.000000
22 3 1 0.667468
22 3 2 0.684774
22 3 3 0.662226
22 3 4 0.000000
22 3 5 0.526182
22 4 1 0.649683
22 4 2 0.666988
22 4 3 0.000000
22 4 4 0.589679
22 4 5 0.000000
22 5 1 0.642818
22 5 2 0.000000
22 5 3 0.637575
22 5 4 0.000000
22 5 5 0.501531
22 6 1 0.648379
22 6 2 0.665685
22 6 3 0.000000
22 6 4 0.588376
22 6 5 0.507092
22 7 1 0.639322
22 7 2 0.656627
22 7 3 0.634079
22 7 4 0.000000
22 7 5 0.498035
22 8 1 0.647543
22 8 2 0.000000
22 8 3 0.642301
22 8 4 0.587539
22 8 5 0.000000
22 9 1 0.000000
22 9 2 0.645659
22 9 3 0.000000
22 9 4 0.568350
22 9 5 0.000000
22 10 1 0.633738
22 10 2 0.651044
22 10 3 0.628496
22 10 4 0.573735
22 10 5 0.492452
23 1 1 0.656640
23 1 2 0.000000
23 1 3 0.651398
23 1 4 0.000000
23 1 5 0.000000
23 2 1 0.000000
23 2 2 0.659795
23 2 3 0.000000
23 2 4 0.582486
23 2 5 0.000000
23 3 1 0.667468
23 3 2 0.684774
23 3 3 0.662226
23 3 4 0.000000
23 3 5 0.526182
23 4 1 0.649683
23 4 2 0.666988
23 4 3 0.000000
23 4 4 0.589679
23 4 5 0.000000
23 5 1 0.642818
23 5 2 0.000000
23 5 3 0.637575
23 5 4 0.000000
23 5 5 0.501531
23 6 1 0.648379
23 6 2 0.665685
23 6 3 0.000000
23 6 4 0.588376
23 6 5 0.507092
23 7 1 0.639322
23 7 2 0.656627
23 7 3 0.634079
23 7 4 0.000000
23 7 5 0.498035
23 8 1 0.647543
23 8 2 0.000000
23 8 3 0.642301
23 8 4 0.587539
23 8 5 0.000000
23 9 1 0.000000
23 9 2 0.645659
23 9 3 0.000000
23 9 4 0.568350
23 9 5 0.000000
23 10 1 0.633738
23 10 2 0.651044
23 10 3 0.628496
23 10 4 0.573735
23 10 5 0.492452
24 1 1 0.656640
24 1 2 0.000000
24 1 3 0.651398
24 1 4 0.000000
24 1 5 0.000000
24 2 1 0.000000
24 2 2 0.659795
24 2 3 0.000000
24 2 4 0.582486
24 2 5 0.000000
24 3 1 0.667468
24 3 2 0.684774
24 3 3 0.662226
24 3 4 0.000000
24 3 5 0.526182
24 4 1 0.649683
24 4 2 0.666988
24 4 3 0.000000
24 4 4 0.589679
24 4 5 0.000000
24 5 1 0.642818
24 5 2 0.000000
24 5 3 0.637575
24 5 4 0.000000
24 5 5 0.501531
24 6 1 0.648379
24 6 2 0.665685
24 6 3 0.000000
24 6 4 0.588376
24 6 5 0.507092
24 7 1 0.639322
24 7 2 0.656627
24 7 3 0.634079
24 7 4 0.000000
24 7 5 0.498035
24 8 1 0.647543
24 8 2 0.000000
24 8 3 0.642301
24 8 4 0.587539
24 8 5 0.000000
24 9 1 0.000000
24 9 2 0.645659
24 9 3 0.000000
24 9 4 0.568350
24 9 5 0.000000
24 10 1 0.633738
24 10 2 0.651044
24 10 3 0.628496
24 10 4 0.573735
24 10 5 0.492452
25 1 1 0.656640
25 1 2 0.000000
25 1 3 0.651398
25 1 4 0.000000
25 1 5 0.000000
25 2 1 0.000000
25 2 2 0.659795
25 2 3 0.000000
25 2 4 0.582486
25 2 5 0.000000
25 3 1 0.667468
25 3 2 0.684774
25 3 3 0.662226
25 3 4 0.000000
25 3 5 0.526182
25 4 1 0.649683
25 4 2 0.666988
25 4 3 0.000000
25 4 4 0.589679
25 4 5 0.000000
25 5 1 0.642818
25 5 2 0.000000
25 5 3 0.637575
25 5 4 0.000000
25 5 5 0.501531
25 6 1 0.648379
25 6 2 0.665685
25 6 3 0.000000
25 6 4 0.588376
25 6 5 0.507092
25 7 1 0.639322
25 7 2 0.656627
25 7 3 0.634079
25 7 4 0.000000
25 7 5 0.498035
25 8 1 0.647543
25 8 2 0.000000
25 8 3 0.642301
25 8 4 0.587539
25 8 5 0.000000
25 9 1 0.000000
25 9 2 0.645659
25 9 3 0.000000
25 9 4 0.568350
25 9 5 0.000000
25 10 1 0.633738
25 10 2 0.651044
25 10 3 0.628496
25 10 4 0.573735
25 10 5 0.492452
26 1 1 0.656640
26 1 2 0.000000
26 1 3 0.651398
26 1 4 0.000000
26 1 5 0.000000
26 2 1 0.000000
26 2 2 0.659795
26 2 3 0.000000
26 2 4 0.582486
26 2 5 0.000000
26 3 1 0.667468
26 3 2 0.684774
26 3 3 0.662226
26 3 4 0.000000
26 3 5 0.526182
26 4 1 0.649683
26 4 2 0.666988
26 4 3 0.000000
26 4 4 0.589679
26 4 5 0.000000
26 5 1 0.642818
26 5 2 0.000000
26 5 3 0.637575
26 5 4 0.000000
26 5 5 0.501531
26 6 1 0.648379
26 6 2 0.665685
26 6 3 0.000000
26 6 4 0.588376
26 6 5 0.507092
26 7 1 0.639322
26 7 2 0.656627
26 7 3 0.634079
26 7 4 0.000000
26 7 5 0.498035
26 8 1 0.647543
26 8 2 0.000000
26 8 3 0.642301
26 8 4 0.587539
26 8 5 0.000000
26 9 1 0.000000
26 9 2 0.645659
26 9 3 0.000000
26 9 4 0.568350
26 9 5 0.000000
26 10 1 0.633738
26 10 2 0.651044
26 10 3 0.628496
26 10 4 0.573735
26 10 5 0.492452
27 1 1 0.656640
27 1 2 0.000000
27 1 3 0.651398
27 1 4 0.000000
27 1 5 0.000000
27 2 1 0.000000
27 2 2 0.659795
27 2 3 0.000000
27 2 4 0.582486
27 2 5 0.000000
27 3 1 0.667468
27 3 2 0.684774
27 3 3 0.662226
27 3 4 0.000000
27 3 5 0.526182
27 4 1 0.649683
27 4 2 0.666988
27 4 3 0.000000
27 4 4 0.589679
27 4 5 0.000000
27 5 1 0.642818
27 5 2 0.000000
27 5 3 0.637575
27 5 4 0.000000
27 5 5 0.501531
27 6 1 0.648379
27 6 2 0.665685
27 6 3 0.000000
27 6 4 0.588376
27 6 5 0.507092
27 7 1 0.639322
27 7 2 0.656627
27 7 3 0.634079
27 7 4 0.000000
27 7 5 0.498035
27 8 1 0.647543
27 8 2 0.000000
27 8 3 0.642301
27 8 4 0.587539
27 8 5 0.000000
27 9 1 0.000000
27 9 2 0.645659
27 9 3 0.000000
27 9 4 0.568350
27 9 5 0.000000
27 10 1 0.633738
27 10 2 0.651044
27 10 3 0.628496
27 10 4 0.573735
27 10 5 0.492452
28 1 1 0.656640
28 1 2 0.000000
28 1 3 0.651398
28 1 4 0.000000
28 1 5 0.000000
28 2 1 0.000000
28 2 2 0.659795
28 2 3 0.000000
28 2 4 0.582486
28 2 5 0.000000
28 3 1 0.667468
28 3 2 0.684774
28 3 3 0.662226
28 3 4 0.000000
28 3 5 0.526182
28 4 1 0.649683
28 4 2 0.666988
28 4 3 0.000000
28 4 4 0.589679
28 4 5 0.000000
28 5 1 0.642818
28 5 2 0.000000
28 5 3 0.637575
28 5 4 0.000000
28 5 5 0.501531
28 6 1 0.648379
28 6 2 0.665685
28 6 3 0.000000
28 6 4 0.588376
28 6 5 0.507092
28 7 1 0.639322
28 7 2 0.656627
28 7 3 0.634079
28 7 4 0.000000
28 7 5 0.498035
28 8 1 0.647543
28 8 2 0.000000
28 8 3 0.642301
28 8 4 0.587539
28 8 5 0.000000
28 9 1 0.000000
28 9 2 0.645659
28 9 3 0.000000
28 9 4 0.568350
28 9 5 0.000000
28 10 1 0.633738
28 10 2 0.651044
28 10 3 0.628496
28 10 4 0.573735
28 10 5 0.492452
29 1 1 0.656640
29 1 2 0.000000
29 1 3 0.651398
29 1 4 0.000000
29 1 5 0.000000
29 2 1 0.000000
29 2 2 0.659795
29 2 3 0.000000
29 2 4 0.582486
29 2 5 0.000000
29 3 1 0.667468
29 3 2 0.684774
29 3 3 0.662226
29 3 4 0.000000
29 3 5 0.526182
29 4 1 0.649683
29 4 2 0.666988
29 4 3 0.000000
29 4 4 0.589679
29 4 5 0.000000
29 5 1 0.642818
29 5 2 0.000000
29 5 3 0.637575
29 5 4 0.000000
29 5 5 0.501531
29 6 1 0.648379
29 6 2 0.665685
29 6 3 0.000000
29 6 4 0.588376
29 6 5 0.507092
29 7 1 0.639322
29 7 2 0.656627
29 7 3 0.634079
29 7 4 0.000000
29 7 5 0.498035
29 8 1 0.647543
29 8 2 0.000000
29 8 3 0.642301
29 8 4 0.587539
29 8 5 0.000000
29 9 1 0.000000
29 9 2 0.645659
29 9 3 0.000000
29 9 4 0.568350
29 9 5 0.000000
29 10 1 0.633738
29 10 2 0.651044
29 10 3 0.628496
29 10 4 0.573735
29 10 5 0.492452
30 1 1 0.656640
30 1 2 0.000000
30 1 3 0.651398
30 1 4 0.000000
30 1 5 0.000000
30 2 1 0.000000
30 2 2 0.659795
30 2 3 0.000000
30 2 4 0.582486
30 2 5 0.000000
30 3 1 0.667468
30 3 2 0.684774
30 3 3 0.662226
30 3 4 0.000000
30 3 5 0.526182
30 4 1 0.649683
30 4 2 0.666988
30 4 3 0.000000
30 4 4 0.589679
30 4 5 0.000000
30 5 1 0.642818
30 5 2 0.000000
30 5 3 0.637575
30 5 4 0.000000
30 5 5 0.501531
30 6 1 0.648379
30 6 2 0.665685
30 6 3 0.000000
30 6 4 0.588376
30 6 5 0.507092
30 7 1 0.639322
30 7 2 0.656627
30 7 3 0.634079
30 7 4 0.000000
30 7 5 0.498035
30 8 1 0.647543
30 8 2 0.000000
30 8 3 0.642301
30 8 4 0.587539
30 8 5 0.000000
30 9 1 0.000000
30 9 2 0.645659
30 9 3 0.000000
30 9 4 0.568350
30 9 5 0.000000
30 10 1 0.633738
30 10 2 0.651044
30 10 3 0.628496
30 10 4 0.573735
30 10 5 0.492452
31 1 1 0.656640
31 1 2 0.000000
31 1 3 0.651398
31 1 4 0.000000
31 1 5 0.000000
31 2 1 0.000000
31 2 2 0.659795
31 2 3 0.000000
31 2 4 0.582486
31 2 5 0.000000
31 3 1 0.667468
31 3 2 0.684774
31 3 3 0.662226
31 3 4 0.000000
31 3 5 0.526182
31 4 1 0.649683
31 4 2 0.666988
31 4 3 0.000000
31 4 4 0.589679
31 4 5 0.000000
31 5 1 0.642818
31 5 2 0.000000
31 5 3 0.637575
31 5 4 0.000000
31 5 5 0.501531
31 6 1 0.648379
31 6 2 0.665685
31 6 3 0.000000
31 6 4 0.588376
31 6 5 0.507092
31 7 1 0.639322
31 7 2 0.656627
31 7 3 0.634079
31 7 4 0.000000
31 7 5 0.498035
31 8 1 0.647543
31 8 2 0.000000
31 8 3 0.642301
31 8 4 0.587539
31 8 5 0.000000
31 9 1 0.000000
31 9 2 0.645659
31 9 3 0.000000
31 9 4 0.568350
31 9 5 0.000000
31 10 1 0.633738
31 10 2 0.651044
31 10 3 0.628496
31 10 4 0.573735
31 10 5 0.492452
32 1 1 0.656640
32 1 2 0.000000
32 1 3 0.651398
32 1 4 0.000000
32 1 5 0.000000
32 2 1 0.000000
32 2 2 0.659795
32 2 3 0.000000
32 2 4 0.582486
32 2 5 0.000000
32 3 1 0.667468
32 3 2 0.684774
32 3 3 0.662226
32 3 4 0.000000
32 3 5 0.526182
32 4 1 0.649683
32 4 2 0.666988
32 4 3 0.000000
32 4 4 0.589679
32 4 5 0.000000
32 5 1 0.642818
32 5 2 0.000000
32 5 3 0.637575
32 5 4 0.000000
32 5 5 0.501531
32 6 1 0.648379
32 6 2 0.665685
32 6 3 0.000000
32 6 4 0.588376
32 6 5 0.507092
32 7 1 0.639322
32 7 2 0.656627
32 7 3 0.634079
32 7 4 0.000000
32 7 5 0.498035
32 8 1 0.647543
32 8 2 0.000000
32 8 3 0.642301
32 8 4 0.587539
32 8 5 0.000000
32 9 1 0.000000
32 9 2 0.645659
32 9 3 0.000000
32 9 4 0.568350
32 9 5 0.000000
32 10 1 0.633738
32 10 2 0.651044
32 10 3 0.628496
32 10 4 0.573735
32 10 5 0.492452
33 1 1 0.656640
33 1 2 0.000000
33 1 3 0.651398
33 1 4 0.000000
33 1 5 0.000000
33 2 1 0.000000
33 2 2 0.659795
33 2 3 0.000000
33 2 4 0.582486
33 2 5 0.000000
33 3 1 0.667468
33 3 2 0.684774
33 3 3 0.662226
33 3 4 0.000000
33 3 5 0.526182
33 4 1 0.649683
33 4 2 0.666988
33 4 3 0.000000
33 4 4 0.589679
33 4 5 0.000000
33 5 1 0.642818
33 5 2 0.000000
33 5 3 0.637575
33 5 4 0.000000
33 5 5 0.501531
33 6 1 0.648379
33 6 2 0.665685
33 6 3 0.000000
33 6 4 0.588376
33 6 5 0.507092
33 7 1 0.639322
33 7 2 0.656627
33 7 3 0.634079
33 7 4 0.000000
33 7 5 0.498035
33 8 1 0.647543
33 8 2 0.000000
33 8 3 0.642301
33 8 4 0.587539
33 8 5 0.000000
33 9 1 0.000000
33 9 2 0.645659
33 9 3 0.000000
33 9 4 0.568350
33 9 5 0.000000
33 10 1 0.633738
33 10 2 0.651044
33 10 3 0.628496
33 10 4 0.573735
33 10 5 0.492452
34 1 1 0.656640
34 1 2 0.000000
34 1 3 0.651398
34 1 4 0.000000
34 1 5 0.000000
34 2 1 0.000000
34 2 2 0.659795
34 2 3 0.000000
34 2 4 0.582486
34 2 5 0.000000
34 3 1 0.667468
34 3 2 0.684774
34 3 3 0.662226
34 3 4 0.000000
34 3 5 0.526182
34 4 1 0.649683
34 4 2 0.666988
34 4 3 0.000000
34 4 4 0.589679
34 4 5 0.000000
34 5 1 0.642818
34 5 2 0.000000
34 5 3 0.637575
34 5 4 0.000000
34 5 5 0.501531
34 6 1 0.648379
34 6 2 0.665685
34 6 3 0.000000
34 6 4 0.588376
34 6 5 0.507092
34 7 1 0.639322
34 7 2 0.656627
34 7 3 0.634079
34 7 4 0.000000
34 7 5 0.498035
34 8 1 0.647543
34 8 2 0.000000
34 8 3 0.642301
34 8 4 0.587539
34 8 5 0.000000
34 9 1 0.000000
34 9 2 0.645659
34 9 3 0.000000
34 9 4 0.568350
34 9 5 0.000000
34 10 1 0.633738
34 10 2 0.651044
34 10 3 0.628496
34 10 4 0.573735
34 10 5 0.492452
35 1 1 0.656640
35 1 2 0.000000
35 1 3 0.651398
35 1 4 0.000000
35 1 5 0.000000
35 2 1 0.000000
35 2 2 0.659795
35 2 3 0.000000
35 2 4 0.582486
35 2 5 0.000000
35 3 1 0.667468
35 3 2 0.684774
35 3 3 0.662226
35 3 4 0.000000
35 3 5 0.526182
35 4 1 0.649683
35 4 2 0.666988
35 4 3 0.000000
35 4 4 0.589679
35 4 5 0.000000
35 5 1 0.642818
35 5 2 0.000000
35 5 3 0.637575
35 5 4 0.000000
35 5 5 0.501531
35 6 1 0.648379
35 6 2 0.665685
35 6 3 0.000000
35 6 4 0.588376
35 6 5 0.507092
35 7 1 0.639322
35 7 2 0.656627
35 7 3 0.634079
35 7 4 0.000000
35 7 5 0.498035
35 8 1 0.647543
35 8 2 0.000000
35 8 3 0.642301
35 8 4 0.587539
35 8 5 0.000000
35 9 1 0.000000
35 9 2 0.645659
35 9 3 0.000000
35 9 4 0.568350
35 9 5 0.000000
35 10 1 0.633738
35 10 2 0.651044
35 10 3 0.628496
35 10 4 0.573735
35 10 5 0.492452
36 1 1 0.656640
36 1 2 0.000000
36 1 3 0.651398
36 1 4 0.000000
36 1 5 0.000000
36 2 1 0.000000
36 2 2 0.659795
36 2 3 0.000000
36 2 4 0.582486
36 2 5 0.000000
36 3 1 0.667468
36 3 2 0.684774
36 3 3 0.662226
36 3 4 0.000000
36 3 5 0.526182
36 4 1 0.649683
36 4 2 0.666988
36 4 3 0.000000
36 4 4 0.589679
36 4 5 0.000000
36 5 1 0.642818
36 5 2 0.000000
36 5 3 0.637575
36 5 4 0.000000
36 5 5 0.501531
36 6 1 0.648379
36 6 2 0.665685
36 6 3 0.000000
36 6 4 0.588376
36 6 5 0.507092
36 7 1 0.639322
36 7 2 0.656627
36 7 3 0.634079
36 7 4 0.000000
36 7 5 0.498035
36 8 1 0.647543
36 8 2 0.000000
36 8 3 0.642301
36 8 4 0.587539
36 8 5 0.000000
36 9 1 0.000000
36 9 2 0.645659
36 9 3 0.000000
36 9 4 0.568350
36 9 5 0.000000
36 10 1 0.633738
36 10 2 0.651044
36 10 3 0.628496
36 10 4 0.573735
36 10 5 0.492452
37 1 1 0.656640
37 1 2 0.000000
37 1 3 0.651398
37 1 4 0.000000
37 1 5 0.000000
37 2 1 0.000000
37 2 2 0.659795
37 2 3 0.000000
37 2 4 0.582486
37 2 5 0.000000
37 3 1 0.667468
37 3 2 0.684774
37 3 3 0.662226
37 3 4 0.000000
37 3 5 0.526182
37 4 1 0.649683
37 4 2 0.666988
37 4 3 0.000000
37 4 4 0.589679
37 4 5 0.000000
37 5 1 0.642818
37 5 2 0.000000
37 5 3 0.637575
37 5 4 0.000000
37 5 5 0.501531
37 6 1 0.648379
37 6 2 0.665685
37 6 3 0.000000
37 6 4 0.588376
37 6 5 0.507092
37 7 1 0.639322
37 7 2 0.656627
37 7 3 0.634079
37 7 4 0.000000
37 7 5 0.498035
37 8 1 0.647543
37 8 2 0.000000
37 8 3 0.642301
37 8 4 0.587539
37 8 5 0.000000
37 9 1 0.000000
37 9 2 0.645659
37 9 3 0.000000
37 9 4 0.568350
37 9 5 0.000000
37 10 1 0.633738
37 10 2 0.651044
37 10 3 0.628496
37 10 4 0.573735
37 10 5 0.492452
38 1 1 0.656640
38 1 2 0.000000
38 1 3 0.651398
38 1 4 0.000000
38 1 5 0.000000
38 2 1 0.000000
38 2 2 0.659795
38 2 3 0.000000
38 2 4 0.582486
38 2 5 0.000000
38 3 1 0.667468
38 3 2 0.684774
38 3 3 0.662226
38 3 4 0.000000
38 3 5 0.526182
38 4 1 0.649683
38 4 2 0.666988
38 4 3 0.000000
38 4 4 0.589679
38 4 5 0.000000
38 5 1 0.642818
38 5 2 0.000000
38 5 3 0.637575
38 5 4 0.000000
38 5 5 0.501531
38 6 1 0.648379
38 6 2 0.665685
38 6 3 0.000000
38 6 4 0.588376
38 6 5 0.507092
38 7 1 0.639322
38 7 2 0.656627
38 7 3 0.634079
38 7 4 0.000000
38 7 5 0.498035
38 8 1 0.647543
38 8 2 0.000000
38 8 3 0.642301
38 8 4 0.587539
38 8 5 0.000000
38 9 1 0.000000
38 9 2 0.645659
38 9 3 0.000000
38 9 4 0.568350
38 9 5 0.000000
38 10 1 0.633738
38 10 2 0.651044
38 10 3 0.628496
38 10 4 0.573735
38 10 5 0.492452
39 1 1 0.656640
39 1 2 0.000000
39 1 3 0.651398
39 1 4 0.000000
39 1 5 0.000000
39 2 1 0.000000
39 2 2 0.659795
39 2 3 0.000000
39 2 4 0.582486
39 2 5 0.000000
39 3 1 0.667468
39 3 2 0.684774
39 3 3 0.662226
39 3 4 0.000000
39 3 5 0.526182
39 4 1 0.649683
39 4 2 0.666988
39 4 3 0.000000
39 4 4 0.589679
39 4 5 0.000000
39 5 1 0.642818
39 5 2 0.000000
39 5 3 0.637575
39 5 4 0.000000
39 5 5 0.501531
39 6 1 0.648379
39 6 2 0.665685
39 6 3 0.000000
39 6 4 0.588376
39 6 5 0.507092
39 7 1 0.639322
39 7 2 0.656627
39 7 3 0.634079
39 7 4 0.000000
39 7 5 0.498035
39 8 1 0.647543
39 8 2 0.000000
39 8 3 0.642301
39 8 4 0.587539
39 8 5 0.000000
39 9 1 0.000000
39 9 2 0.645659
39 9 3 0.000000
39 9 4 0.568350
39 9 5 0.000000
39 10 1 0.633738
39 10 2 0.651044
39 10 3 0.628496
39 10 4 0.573735
39 10 5 0.492452
40 1 1 0.656640
40 1 2 0.000000
40 1 3 0.651398
40 1 4 0.000000
40 1 5 0.000000
40 2 1 0.000000
40 2 2 0.659795
40 2 3 0.000000
40 2 4 0.582486
40 2 5 0.000000
40 3 1 0.667468
40 3 2 0.684774
40 3 3 0.662226
40 3 4 0.000000
40 3 5 0.526182
40 4 1 0.649683
40 4 2 0.666988
40 4 3 0.000000
40 4 4 0.589679
40 4 5 0.000000
40 5 1 0.642818
40 5 2 0.000000
40 5 3 0.637575
40 5 4 0.000000
40 5 5 0.501531
40 6 1 0.648379
40 6 2 0.665685
40 6 3 0.000000
40 6 4 0.588376
40 6 5 0.507092
40 7 1 0.639322
40 7 2 0.656627
40 7 3 0.634079
40 7 4 0.000000
40 7 5 0.498035
40 8 1 0.647543
40 8 2 0.000000
40 8 3 0.642301
40 8 4 0.587539
40 8 5 0.000000
40 9 1 0.000000
40 9 2 0.645659
40 9 3 0.000000
40 9 4 0.568350
40 9 5 0.000000
40 10 1 0.633738
40 10 2 0.651044
40 10 3 0.628496
40 10 4 0.573735
40 10 5 0.492452
41 1 1 0.656640
41 1 2 0.000000
41 1 3 0.651398
41 1 4 0.000000
41 1 5 0.000000
41 2 1 0.000000
41 2 2 0.659795
41 2 3 0.000000
41 2 4 0.582486
41 2 5 0.000000
41 3 1 0.667468
41 3 2 0.684774
41 3 3 0.662226
41 3 4 0.000000
41 3 5 0.526182
41 4 1 0.649683
41 4 2 0.666988
41 4 3 0.000000
41 4 4 0.589679
41 4 5 0.000000
41 5 1 0.642818
41 5 2 0.000000
41 5 3 0.637575
41 5 4 0.000000
41 5 5 0.501531
41 6 1 0.648379
41 6 2 0.665685
41 6 3 0.000000
41 6 4 0.588376
41 6 5 0.507092
41 7 1 0.639322
41 7 2 0.656627
41 7 3 0.634079
41 7 4 0.000000
41 7 5 0.498035
41 8 1 0.647543
41 8 2 0.000000
41 8 3 0.642301
41 8 4 0.587539
41 8 5 0.000000
41 9 1 0.000000
41 9 2 0.645659
41 9 3 0.000000
41 9 4 0.568350
41 9 5 0.000000
41 10 1 0.633738
41 10 2 0.651044
41 10 3 0.628496
41 10 4 0.573735
41 10 5 0.492452
42 1 1 0.656640
42 1 2 0.000000
42 1 3 0.651398
42 1 4 0.000000
42 1 5 0.000000
42 2 1 0.000000
42 2 2 0.659795
42 2 3 0.000000
42 2 4 0.582486
42 2 5 0.000000
42 3 1 0.667468
42 3 2 0.684774
42 3 3 0.662226
42 3 4 0.000000
42 3 5 0.526182
42 4 1 0.649683
42 4 2 0.666988
42 4 3 0.000000
42 4 4 0.589679
42 4 5 0.000000
42 5 1 0.642818
42 5 2 0.000000
42 5 3 0.637575
42 5 4 0.000000
42 5 5 0.501531
42 6 1 0.648379
42 6 2 0.665685
42 6 3 0.000000
42 6 4 0.588376
42 6 5 0.507092
42 7 1 0.639322
42 7 2 0.656627
42 7 3 0.634079
42 7 4 0.000000
42 7 5 0.498035
42 8 1 0.647543
42 8 2 0.000000
42 8 3 0.642301
42 8 4 0.587539
42 8 5 0.000000
42 9 1 0.000000
42 9 2 0.645659
42 9 3 0.000000
42 9 4 0.568350
42 9 5 0.000000
42 10 1 0.633738
42 10 2 0.651044
42 10 3 0.628496
42 10 4 0.573735
42 10 5 0.492452
43 1 1 0.656640
43 1 2 0.000000
43 1 3 0.651398
43 1 4 0.000000
43 1 5 0.000000
43 2 1 0.000000
43 2 2 0.659795
43 2 3 0.000000
43 2 4 0.582486
43 2 5 0.000000
43 3 1 0.667468
43 3 2 0.684774
43 3 3 0.662226
43 3 4 0.000000
43 3 5 0.526182
43 4 1 0.649683
43 4 2 0.666988
43 4 3 0.000000
43 4 4 0.589679
43 4 5 0.000000
43 5 1 0.642818
43 5 2 0.000000
43 5 3 0.637575
43 5 4 0.000000
43 5 5 0.501531
43 6 1 0.648379
43 6 2 0.665685
43 6 3 0.000000
43 6 4 0.588376
43 6 5 0.507092
43 7 1 0.639322
43 7 2 0.656627
43 7 3 0.634079
43 7 4 0.000000
43 7 5 0.498035
43 8 1 0.647543
43 8 2 0.000000
43 8 3 0.642301
43 8 4 0.587539
43 8 5 0.000000
43 9 1 0.000000
43 9 2 0.645659
43 9 3 0.000000
43 9 4 0.568350
43 9 5 0.000000
43 10 1 0.633738
43 10 2 0.651044
43 10 3 0.628496
43 10 4 0.573735
43 10 5 0.492452
44 1 1 0.656640
44 1 2 0.000000
44 1 3 0.651398
44 1 4 0.000000
44 1 5 0.000000
44 2 1 0.000000
44 2 2 0.659795
44 2 3 0.000000
44 2 4 0.582486
44 2 5 0.000000
44 3 1 0.667468
44 3 2 0.684774
44 3 3 0.662226
44 3 4 0.000000
44 3 5 0.526182
44 4 1 0.649683
44 4 2 0.666988
44 4 3 0.000000
44 4 4 0.589679
44 4 5 0.000000
44 5 1 0.642818
44 5 2 0.000000
44 5 3 0.637575
44 5 4 0.000000
44 5 5 0.501531
44 6 1 0.648379
44 6 2 0.665685
44 6 3 0.000000
44 6 4 0.588376
44 6 5 0.507092
44 7 1 0.639322
44 7 2 0.656627
44 7 3 0.634079
44 7 4 0.000000
44 7 5 0.498035
44 8 1 0.647543
44 8 2 0.000000
44 8 3 0.642301
44 8 4 0.587539
44 8 5 0.000000
44 9 1 0.000000
44 9 2 0.645659
44 9 3 0.000000
44 9 4 0.568350
44 9 5 0.000000
44 10 1 0.633738
44 10 2 0.651044
44 10 3 0.628496
44 10 4 0.573735
44 10 5 0.492452
45 1 1 0.656640
45 1 2 0.000000
45 1 3 0.651398
45 1 4 0.000000
45 1 5 0.000000
45 2 1 0.000000
45 2 2 0.659795
45 2 3 0.000000
45 2 4 0.582486
45 2 5 0.000000
45 3 1 0.667468
45 3 2 0.684774
45 3 3 0.662226
45 3 4 0.000000
45 3 5 0.526182
45 4 1 0.649683
45 4 2 0.666988
45 4 3 0.000000
45 4 4 0.589679
45 4 5 0.000000
45 5 1 0.642818
45 5 2 0.000000
45 5 3 0.637575
45 5 4 0.000000
45 5 5 0.501531
45 6 1 0.648379
45 6 2 0.665685
45 6 3 0.000000
45 6 4 0.588376
45 6 5 0.507092
45 7 1 0.639322
45 7 2 0.656627
45 7 3 0.634079
45 7 4 0.000000
45 7 5 0.498035
45 8 1 0.647543
45 8 2 0.000000
45 8 3 0.642301
45 8 4 0.587539
45 8 5 0.000000
45 9 1 0.000000
45 9 2 0.645659
45 9 3 0.000000
45 9 4 0.568350
45 9 5 0.000000
45 10 1 0.633738
45 10 2 0.651044
45 10 3 0.628496
45 10 4 0.573735
45 10 5 0.492452
46 1 1 0.656640
46 1 2 0.000000
46 1 3 0.651398
46 1 4 0.000000
46 1 5 0.000000
46 2 1 0.000000
46 2 2 0.659795
46 2 3 0.000000
46 2 4 0.582486
46 2 5 0.000000
46 3 1 0.667468
46 3 2 0.684774
46 3 3 0.662226
46 3 4 0.000000
46 3 5 0.526182
46 4 1 0.649683
46 4 2 0.666988
46 4 3 0.000000
46 4 4 0.589679
46 4 5 0.000000
46 5 1 0.642818
46 5 2 0.000000
46 5 3 0.637575
46 5 4 0.000000
46 5 5 0.501531
46 6 1 0.648379
46 6 2 0.665685
46 6 3 0.000000
46 6 4 0.588376
46 6 5 0.507092
46 7 1 0.639322
46 7 2 0.656627
46 7 3 0.634079
46 7 4 0.000000
46 7 5 0.498035
46 8 1 0.647543
46 8 2 0.000000
46 8 3 0.642301
46 8 4 0.587539
46 8 5 0.000000
46 9 1 0.000000
46 9 2 0.645659
46 9 3 0.000000
46 9 4 0.568350
46 9 5 0.000000
46 10 1 0.633738
46 10 2 0.651044
46 10 3 0.628496
46 10 4 0.573735
46 10 5 0.492452
47 1 1 0.656640
47 1 2 0.000000
47 1 3 0.651398
47 1 4 0.000000
47 1 5 0.000000
47 2 1 0.000000
47 2 2 0.659795
47 2 3 0.000000
47 2 4 0.582486
47 2 5 0.000000
47 3 1 0.667468
47 3 2 0.684774
47 3 3 0.662226
47 3 4 0.000000
47 3 5 0.526182
47 4 1 0.649683
47 4 2 0.666988
47 4 3 0.000000
47 4 4 0.589679
47 4 5 0.000000
47 5 1 0.642818
47 5 2 0.000000
47 5 3 0.637575
47 5 4 0.000000
47 5 5 0.501531
47 6 1 0.648379
47 6 2 0.665685
47 6 3 0.000000
47 6 4 0.588376
47 6 5 0.507092
47 7 1 0.639322
47 7 2 0.656627
47 7 3 0.634079
47 7 4 0.000000
47 7 5 0.498035
47 8 1 0.647543
47 8 2 0.000000
47 8 3 0.642301
47 8 4 0.587539
47 8 5 0.000000
47 9 1 0.000000
47 9 2 0.645659
47 9 3 0.000000
47 9 4 0.568350
47 9 5 0.000000
47 10 1 0.633738
47 10 2 0.651044
47 10 3 0.628496
47 10 4 0.573735
47 10 5 0.492452
48 1 1 0.656640
48 1 2 0.000000
48 1 3 0.651398
48 1 4 0.000000
48 1 5 0.000000
48 2 1 0.000000
48 2 2 0.659795
48 2 3 0.000000
48 2 4 0.582486
48 2 5 0.000000
48 3 1 0.667468
48 3 2 0.684774
48 3 3 0.662226
48 3 4 0.000000
48 3 5 0.526182
48 4 1 0.649683
48 4 2 0.666988
48 4 3 0.000000
48 4 4 0.589679
48 4 5 0.000000
48 5 1 0.642818
48 5 2 0.000000
48 5 3 0.637575
48 5 4 0.000000
48 5 5 0.501531
48 6 1 0.648379
48 6 2 0.665685
48 6 3 0.000000
48 6 4 0.588376
48 6 5 0.507092
48 7 1 0.639322
48 7 2 0.656627
48 7 3 0.634079
48 7 4 0.000000
48 7 5 0.498035
48 8 1 0.647543
48 8 2 0.000000
48 8 3 0.642301
48 8 4 0.587539
48 8 5 0.000000
48 9 1 0.000000
48 9 2 0.645659
48 9 3 0.000000
48 9 4 0.568350
48 9 5 0.000000
48 10 1 0.633738
48 10 2 0.651044
48 10 3 0.628496
48 10 4 0.573735
48 10 5 0.492452
49 1 1 0.656640
49 1 2 0.000000
49 1 3 0.651398
49 1 4 0.000000
49 1 5 0.000000
49 2 1 0.000000
49 2 2 0.659795
49 2 3 0.000000
49 2 4 0.582486
49 2 5 0.000000
49 3 1 0.667468
49 3 2 0.684774
49 3 3 0.662226
49 3 4 0.000000
49 3 5 0.526182
49 4 1 0.649683
49 4 2 0.666988
49 4 3 0.000000
49 4 4 0.589679
49 4 5 0.000000
49 5 1 0.642818
49 5 2 0.000000
49 5 3 0.637575
49 5 4 0.000000
49 5 5 0.501531
49 6 1 0.648379
49 6 2 0.665685
49 6 3 0.000000
49 6 4 0.588376
49 6 5 0.507092
49 7 1 0.639322
49 7 2 0.656627
49 7 3 0.634079
49 7 4 0.000000
49 7 5 0.498035
49 8 1 0.647543
49 8 2 0.000000
49 8 3 0.642301
49 8 4 0.587539
49 8 5 0.000000
49 9 1 0.000000
49 9 2 0.645659
49 9 3 0.000000
49 9 4 0.568350
49 9 5 0.000000
49 10 1 0.633738
49 10 2 0.651044
49 10 3 0.628496
49 10 4 0.573735
49 10 5 0.492452
50 1 1 0.656640
50 1 2 0.000000
50 1 3 0.651398
50 1 4 0.000000
50 1 5 0.000000
50 2 1 0.000000
50 2 2 0.659795
50 2 3 0.000000
50 2 4 0.582486
50 2 5 0.000000
50 3 1 0.667468
50 3 2 0.684774
50 3 3 0.662226
50 3 4 0.000000
50 3 5 0.526182
50 4 1 0.649683
50 4 2 0.666988
50 4 3 0.000000
50 4 4 0.589679
50 4 5 0.000000
50 5 1 0.642818
50 5 2 0.000000
50 5 3 0.637575
50 5 4 0.000000
50 5 5 0.501531
50 6 1 0.648379
50 6 2 0.665685
50 6 3 0.000000
50 6 4 0.588376
50 6 5 0.507092
50 7 1 0.639322
50 7 2 0.656627
50 7 3 0.634079
50 7 4 0.000000
50 7 5 0.498035
50 8 1 0.647543
50 8 2 0.000000
50 8 3 0.642301
50 8 4 0.587539
50 8 5 0.000000
50 9 1 0.000000
50 9 2 0.645659
50 9 3 0.000000
50 9 4 0.568350
50 9 5 0.000000
50 10 1 0.633738
50 10 2 0.651044
50 10 3 0.628496
50 10 4 0.573735
50 10 5 0.492452
51 1 1 0.656640
51 1 2 0.000000
51 1 3 0.651398
51 1 4 0.000000
51 1 5 0.000000
51 2 1 0.000000
51 2 2 0.659795
51 2 3 0.000000
51 2 4 0.582486
51 2 5 0.000000
51 3 1 0.667468
51 3 2 0.684774
51 3 3 0.662226
51 3 4 0.000000
51 3 5 0.526182
51 4 1 0.649683
51 4 2 0.666988
51 4 3 0.000000
51 4 4 0.589679
51 4 5 0.000000
51 5 1 0.642818
51 5 2 0.000000
51 5 3 0.637575
51 5 4 0.000000
51 5 5 0.501531
51 6 1 0.648379
51 6 2 0.665685
51 6 3 0.000000
51 6 4 0.588376
51 6 5 0.507092
51 7 1 0.639322
51 7 2 0.656627
51 7 3 0.634079
51 7 4 0.000000
51 7 5 0.498035
51 8 1 0.647543
51 8 2 0.000000
51 8 3 0.642301
51 8 4 0.587539
51 8 5 0.000000
51 9 1 0.000000
51 9 2 0.645659
51 9 3 0.000000
51 9 4 0.568350
51 9 5 0.000000
51 10 1 0.633738
51 10 2 0.651044
51 10 3 0.628496
51 10 4 0.573735
51 10 5 0.492452
52 1 1 0.656640
52 1 2 0.000000
52 1 3 0.651398
52 1 4 0.000000
52 1 5 0.000000
52 2 1 0.000000
52 2 2 0.659795
52 2 3 0.000000
52 2 4 0.582486
52 2 5 0.000000
52 3 1 0.667468
52 3 2 0.684774
52 3 3 0.662226
52 3 4 0.000000
52 3 5 0.526182
52 4 1 0.649683
52 4 2 0.666988
52 4 3 0.000000
52 4 4 0.589679
52 4 5 0.000000
52 5 1 0.642818
52 5 2 0.000000
52 5 3 0.637575
52 5 4 0.000000
52 5 5 0.501531
52 6 1 0.648379
52 6 2 0.665685
52 6 3 0.000000
52 6 4 0.588376
52 6 5 0.507092
52 7 1 0.639322
52 7 2 0.656627
52 7 3 0.634079
52 7 4 0.000000
52 7 5 0.498035
52 8 1 0.647543
52 8 2 0.000000
52 8 3 0.642301
52 8 4 0.587539
52 8 5 0.000000
52 9 1 0.000000
52 9 2 0.645659
52 9 3 0.000000
52 9 4 0.568350
52 9 5 0.000000
52 10 1 0.633738
52 10 2 0.651044
52 10 3 0.628496
52 10 4 0.573735
52 10 5 0.492452
53 1 1 0.656640
53 1 2 0.000000
53 1 3 0.651398
53 1 4 0.000000
53 1 5 0.000000
53 2 1 0.000000
53 2 2 0.659795
53 2 3 0.000000
53 2 4 0.582486
53 2 5 0.000000
53 3 1 0.667468
53 3 2 0.684774
53 3 3 0.662226
53 3 4 0.000000
53 3 5 0.526182
53 4 1 0.649683
53 4 2 0.666988
53 4 3 0.000000
53 4 4 0.589679
53 4 5 0.000000
53 5 1 0.642818
53 5 2 0.000000
53 5 3 0.637575
53 5 4 0.000000
53 5 5 0.501531
53 6 1 0.648379
53 6 2 0.665685
53 6 3 0.000000
53 6 4 0.588376
53 6 5 0.507092
53 7 1 0.639322
53 7 2 0.656627
53 7 3 0.634079
53 7 4 0.000000
53 7 5 0.498035
53 8 1 0.647543
53 8 2 0.000000
53 8 3 0.642301
53 8 4 0.587539
53 8 5 0.000000
53 9 1 0.000000
53 9 2 0.645659
53 9 3 0.000000
53 9 4 0.568350
53 9 5 0.000000
53 10 1 0.633738
53 10 2 0.651044
53 10 3 0.628496
53 10 4 0.573735
53 10 5 0.492452
54 1 1 0.656640
54 1 2 0.000000
54 1 3 0.651398
54 1 4 0.000000
54 1 5 0.000000
54 2 1 0.000000
54 2 2 0.659795
54 2 3 0.000000
54 2 4 0.582486
54 2 5 0.000000
54 3 1 0.667468
54 3 2 0.684774
54 3 3 0.662226
54 3 4 0.000000
54 3 5 0.526182
54 4 1 0.649683
54 4 2 0.666988
54 4 3 0.000000
54 4 4 0.589679
54 4 5 0.000000
54 5 1 0.642818
54 5 2 0.000000
54 5 3 0.637575
54 5 4 0.000000
54 5 5 0.501531
54 6 1 0.648379
54 6 2 0.665685
54 6 3 0.000000
54 6 4 0.588376
54 6 5 0.507092
54 7 1 0.639322
54 7 2 0.656627
54 7 3 0.634079
54 7 4 0.000000
54 7 5 0.498035
54 8 1 0.647543
54 8 2 0.000000
54 8 3 0.642301
54 8 4 0.587539
54 8 5 0.000000
54 9 1 0.000000
54 9 2 0.645659
54 9 3 0.000000
54 9 4 0.568350
54 9 5 0.000000
54 10 1 0.633738
54 10 2 0.651044
54 10 3 0.628496
54 10 4 0.573735
54 10 5 0.492452
55 1 1 0.656640
55 1 2 0.000000
55 1 3 0.651398
55 1 4 0.000000
55 1 5 0.000000
55 2 1 0.000000
55 2 2 0.659795
55 2 3 0.000000
55 2 4 0.582486
55 2 5 0.000000
55 3 1 0.667468
55 3 2 0.684774
55 3 3 0.662226
55 3 4 0.000000
55 3 5 0.526182
55 4 1 0.649683
55 4 2 0.666988
55 4 3 0.000000
55 4 4 0.589679
55 4 5 0.000000
55 5 1 0.642818
55 5 2 0.000000
55 5 3 0.637575
55 5 4 0.000000
55 5 5 0.501531
55 6 1 0.648379
55 6 2 0.665685
55 6 3 0.000000
55 6 4 0.588376
55 6 5 0.507092
55 7 1 0.639322
55 7 2 0.656627
55 7 3 0.634079
55 7 4 0.000000
55 7 5 0.498035
55 8 1 0.647543
55 8 2 0.000000
55 8 3 0.642301
55 8 4 0.587539
55 8 5 0.000000
55 9 1 0.000000
55 9 2 0.645659
55 9 3 0.000000
55 9 4 0.568350
55 9 5 0.000000
55 10 1 0.633738
55 10 2 0.651044
55 10 3 0.628496
55 10 4 0.573735
55 10 5 0.492452
56 1 1 0.656640
56 1 2 0.000000
56 1 3 0.651398
56 1 4 0.000000
56 1 5 0.000000
56 2 1 0.000000
56 2 2 0.659795
56 2 3 0.000000
56 2 4 0.582486
56 2 5 0.000000
56 3 1 0.667468
56 3 2 0.684774
56 3 3 0.662226
56 3 4 0.000000
56 3 5 0.526182
56 4 1 0.649683
56 4 2 0.666988
56 4 3 0.000000
56 4 4 0.589679
56 4 5 0.000000
56 5 1 0.642818
56 5 2 0.000000
56 5 3 0.637575
56 5 4 0.000000
56 5 5 0.501531
56 6 1 0.648379
56 6 2 0.665685
56 6 3 0.000000
56 6 4 0.588376
56 6 5 0.507092
56 7 1 0.639322
56 7 2 0.656627
56 7 3 0.634079
56 7 4 0.000000
56 7 5 0.498035
56 8 1 0.647543
56 8 2 0.000000
56 8 3 0.642301
56 8 4 0.587539
56 8 5 0.000000
56 9 1 0.000000
56 9 2 0.645659
56 9 3 0.000000
56 9 4 0.568350
56 9 5 0.000000
56 10 1 0.633738
56 10 2 0.651044
56 10 3 0.628496
56 10 4 0.573735
56 10 5 0.492452
57 1 1 0.656640
57 1 2 0.000000
57 1 3 0.651398
57 1 4 0.000000
57 1 5 0.000000
57 2 1 0.000000
57 2 2 0.659795
57 2 3 0.000000
57 2 4 0.582486
57 2 5 0.000000
57 3 1 0.667468
57 3 2 0.684774
57 3 3 0.662226
57 3 4 0.000000
57 3 5 0.526182
57 4 1 0.649683
57 4 2 0.666988
57 4 3 0.000000
57 4 4 0.589679
57 4 5 0.000000
57 5 1 0.642818
57 5 2 0.000000
57 5 3 0.637575
57 5 4 0.000000
57 5 5 0.501531
57 6 1 0.648379
57 6 2 0.665685
57 6 3 0.000000
57 6 4 0.588376
57 6 5 0.507092
57 7 1 0.639322
57 7 2 0.656627
57 7 3 0.634079
57 7 4 0.000000
57 7 5 0.498035
57 8 1 0.647543
57 8 2 0.000000
57 8 3 0.642301
57 8 4 0.587539
57 8 5 0.000000
57 9 1 0.000000
57 9 2 0.645659
57 9 3 0.000000
57 9 4 0.568350
57 9 5 0.000000
57 10 1 0.633738
57 10 2 0.651044
57 10 3 0.628496
57 10 4 0.573735
57 10 5 0.492452
58 1 1 0.656640
58 1 2 0.000000
58 1 3 0.651398
58 1 4 0.000000
58 1 5 0.000000
58 2 1 0.000000
58 2 2 0.659795
58 2 3 0.000000
58 2 4 0.582486
58 2 5 0.000000
58 3 1 0.667468
58 3 2 0.684774
58 3 3 0.662226
58 3 4 0.000000
58 3 5 0.526182
58 4 1 0.649683
58 4 2 0.666988
58 4 3 0.000000
58 4 4 0.589679
58 4 5 0.000000
58 5 1 0.642818
58 5 2 0.000000
58 5 3 0.637575
58 5 4 0.000000
58 5 5 0.501531
58 6 1 0.648379
58 6 2 0.665685
58 6 3 0.000000
58 6 4 0.588376
58 6 5 0.507092
58 7 1 0.639322
58 7 2 0.656627
58 7 3 0.634079
58 7 4 0.000000
58 7 5 0.498035
58 8 1 0.647543
58 8 2 0.000000
58 8 3 0.642301
58 8 4 0.587539
58 8 5 0.000000
58 9 1 0.000000
58 9 2 0.645659
58 9 3 0.000000
58 9 4 0.568350
58 9 5 0.000000
58 10 1 0.633738
58 10 2 0.651044
58 10 3 0.628496
58 10 4 0.573735
58 10 5 0.492452
59 1 1 0.656640
59 1 2 0.000000
59 1 3 0.651398
59 1 4 0.000000
59 1 5 0.000000
59 2 1 0.000000
59 2 2 0.659795
59 2 3 0.000000
59 2 4 0.582486
59 2 5 0.000000
59 3 1 0.667468
59 3 2 0.684774
59 3 3 0.662226
59 3 4 0.000000
59 3 5 0.526182
59 4 1 0.649683
59 4 2 0.666988
59 4 3 0.000000
59 4 4 0.589679
59 4 5 0.000000
59 5 1 0.642818
59 5 2 0.000000
59 5 3 0.637575
59 5 4 0.000000
59 5 5 0.501531
59 6 1 0.648379
59 6 2 0.665685
59 6 3 0.000000
59 6 4 0.588376
59 6 5 0.507092
59 7 1 0.639322
59 7 2 0.656627
59 7 3 0.634079
59 7 4 0.000000
59 7 5 0.498035
59 8 1 0.647543
59 8 2 0.000000
59 8 3 0.642301
59 8 4 0.587539
59 8 5 0.000000
59 9 1 0.000000
59 9 2 0.645659
59 9 3 0.000000
59 9 4 0.568350
59 9 5 0.000000
59 10 1 0.633738
59 10 2 0.651044
59 10 3 0.628496
59 10 4 0.573735
59 10 5 0.492452
60 1 1 0.656640
60 1 2 0.000000
60 1 3 0.651398
60 1 4 0.000000
60 1 5 0.000000
60 2 1 0.000000
60 2 2 0.659795
60 2 3 0.000000
60 2 4 0.582486
60 2 5 0.000000
60 3 1 0.667468
60 3 2 0.684774
60 3 3 0.662226
60 3 4 0.000000
60 3 5 0.526182
60 4 1 0.649683
60 4 2 0.666988
60 4 3 0.000000
60 4 4 0.589679
60 4 5 0.000000
60 5 1 0.642818
60 5 2 0.000000
60 5 3 0.637575
60 5 4 0.000000
60 5 5 0.501531
60 6 1 0.648379
60 6 2 0.665685
60 6 3 0.000000
60 6 4 0.588376
60 6 5 0.507092
60 7 1 0.639322
60 7 2 0.656627
60 7 3 0.634079
60 7 4 0.000000
60 7 5 0.498035
60 8 1 0.647543
60 8 2 0.000000
60 8 3 0.642301
60 8 4 0.587539
60 8 5 0.000000
60 9 1 0.000000
60 9 2 0.645659
60 9 3 0.000000
60 9 4 0.568350
60 9 5 0.000000
60 10 1 0.633738
60 10 2 0.651044
60 10 3 0.628496
60 10 4 0.573735
60 10 5 0.492452
61 1 1 0.656640
61 1 2 0.000000
61 1 3 0.651398
61 1 4 0.000000
61 1 5 0.000000
61 2 1 0.000000
61 2 2 0.659795
61 2 3 0.000000
61 2 4 0.582486
61 2 5 0.000000
61 3 1 0.667468
61 3 2 0.684774
61 3 3 0.662226
61 3 4 0.000000
61 3 5 0.526182
61 4 1 0.649683
61 4 2 0.666988
61 4 3 0.000000
61 4 4 0.589679
61 4 5 0.000000
61 5 1 0.642818
61 5 2 0.000000
61 5 3 0.637575
61 5 4 0.000000
61 5 5 0.501531
61 6 1 0.648379
61 6 2 0.665685
61 6 3 0.000000
61 6 4 0.588376
61 6 5 0.507092
61 7 1 0.639322
61 7 2 0.656627
61 7 3 0.634079
61 7 4 0.000000
61 7 5 0.498035
61 8 1 0.647543
61 8 2 0.000000
61 8 3 0.642301
61 8 4 0.587539
61 8 5 0.000000
61 9 1 0.000000
61 9 2 0.645659
61 9 3 0.000000
61 9 4 0.568350
61 9 5 0.000000
61 10 1 0.633738
61 10 2 0.651044
61 10 3 0.628496
61 10 4 0.573735
61 10 5 0.492452
62 1 1 0.656640
62 1 2 0.000000
62 1 3 0.651398
62 1 4 0.000000
62 1 5 0.000000
62 2 1 0.000000
62 2 2 0.659795
62 2 3 0.000000
62 2 4 0.582486
62 2 5 0.000000
62 3 1 0.667468
62 3 2 0.684774
62 3 3 0.662226
62 3 4 0.000000
62 3 5 0.526182
62 4 1 0.649683
62 4 2 0.666988
62 4 3 0.000000
62 4 4 0.589679
62 4 5 0.000000
62 5 1 0.642818
62 5 2 0.000000
62 5 3 0.637575
62 5 4 0.000000
62 5 5 0.501531
62 6 1 0.648379
62 6 2 0.665685
62 6 3 0.000000
62 6 4 0.588376
62 6 5 0.507092
62 7 1 0.639322
62 7 2 0.656627
62 7 3 0.634079
62 7 4 0.000000
62 7 5 0.498035
62 8 1 0.647543
62 8 2 0.000000
62 8 3 0.642301
62 8 4 0.587539
62 8 5 0.000000
62 9 1 0.000000
62 9 2 0.645659
62 9 3 0.000000
62 9 4 0.568350
62 9 5 0.000000
62 10 1 0.633738
62 10 2 0.651044
62 10 3 0.628496
62 10 4 0.573735
62 10 5 0.492452
63 1 1 0.656640
63 1 2 0.000000
63 1 3 0.651398
63 1 4 0.000000
63 1 5 0.000000
63 2 1 0.000000
63 2 2 0.659795
63 2 3 0.000000
63 2 4 0.582486
63 2 5 0.000000
63 3 1 0.667468
63 3 2 0.684774
63 3 3 0.662226
63 3 4 0.000000
63 3 5 0.526182
63 4 1 0.649683
63 4 2 0.666988
63 4 3 0.000000
63 4 4 0.589679
63 4 5 0.000000
63 5 1 0.642818
63 5 2 0.000000
63 5 3 0.637575
63 5 4 0.000000
63 5 5 0.501531
63 6 1 0.648379
63 6 2 0.665685
63 6 3 0.000000
63 6 4 0.588376
63 6 5 0.507092
63 7 1 0.639322
63 7 2 0.656627
63 7 3 0.634079
63 7 4 0.000000
63 7 5 0.498035
63 8 1 0.647543
63 8 2 0.000000
63 8 3 0.642301
63 8 4 0.587539
63 8 5 0.000000
63 9 1 0.000000
63 9 2 0.645659
63 9 3 0.000000
63 9 4 0.568350
63 9 5 0.000000
63 10 1 0.633738
63 10 2 0.651044
63 10 3 0.628496
63 10 4 0.573735
63 10 5 0.492452
64 1 1 0.656640
64 1 2 0.000000
64 1 3 0.651398
64 1 4 0.000000
64 1 5 0.000000
64 2 1 0.000000
64 2 2 0.659795
64 2 3 0.000000
64 2 4 0.582486
64 2 5 0.000000
64 3 1 0.667468
64 3 2 0.684774
64 3 3 0.662226
64 3 4 0.000000
64 3 5 0.526182
64 4 1 0.649683
64 4 2 0.666988
64 4 3 0.000000
64 4 4 0.589679
64 4 5 0.000000
64 5 1 0.642818
64 5 2 0.000000
64 5 3 0.637575
64 5 4 0.000000
64 5 5 0.501531
64 6 1 0.648379
64 6 2 0.665685
64 6 3 0.000000
64 6 4 0.588376
64 6 5 0.507092
64 7 1 0.639322
64 7 2 0.656627
64 7 3 0.634079
64 7 4 0.000000
64 7 5 0.498035
64 8 1 0.647543
64 8 2 0.000000
64 8 3 0.642301
64 8 4 0.587539
64 8 5 0.000000
64 9 1 0.000000
64 9 2 0.645659
64 9 3 0.000000
64 9 4 0.568350
64 9 5 0.000000
64 10 1 0.633738
64 10 2 0.651044
64 10 3 0.628496
64 10 4 0.573735
64 10 5 0.492452
65 1 1 0.656640
65 1 2 0.000000
65 1 3 0.651398
65 1 4 0.000000
65 1 5 0.000000
65 2 1 0.000000
65 2 2 0.659795
65 2 3 0.000000
65 2 4 0.582486
65 2 5 0.000000
65 3 1 0.667468
65 3 2 0.684774
65 3 3 0.662226
65 3 4 0.000000
65 3 5 0.526182
65 4 1 0.649683
65 4 2 0.666988
65 4 3 0.000000
65 4 4 0.589679
65 4 5 0.000000
65 5 1 0.642818
65 5 2 0.000000
65 5 3 0.637575
65 5 4 0.000000
65 5 5 0.501531
65 6 1 0.648379
65 6 2 0.665685
65 6 3 0.000000
65 6 4 0.588376
65 6 5 0.507092
65 7 1 0.639322
65 7 2 0.656627
65 7 3 0.634079
65 7 4 0.000000
65 7 5 0.498035
65 8 1 0.647543
65 8 2 0.000000
65 8 3 0.642301
65 8 4 0.587539
65 8 5 0.000000
65 9 1 0.000000
65 9 2 0.645659
65 9 3 0.000000
65 9 4 0.568350
65 9 5 0.000000
65 10 1 0.633738
65 10 2 0.651044
65 10 3 0.628496
65 10 4 0.573735
65 10 5 0.492452
66 1 1 0.656640
66 1 2 0.000000
66 1 3 0.651398
66 1 4 0.000000
66 1 5 0.000000
66 2 1 0.000000
66 2 2 0.659795
66 2 3 0.000000
66 2 4 0.582486
66 2 5 0.000000
66 3 1 0.667468
66 3 2 0.684774
66 3 3 0.662226
66 3 4 0.000000
66 3 5 0.526182
66 4 1 0.649683
66 4 2 0.666988
66 4 3 0.000000
66 4 4 0.589679
66 4 5 0.000000
66 5 1 0.642818
66 5 2 0.000000
66 5 3 0.637575
66 5 4 0.000000
66 5 5 0.501531
66 6 1 0.648379
66 6 2 0.665685
66 6 3 0.000000
66 6 4 0.588376
66 6 5 0.507092
66 7 1 0.639322
66 7 2 0.656627
66 7 3 0.634079
66 7 4 0.000000
66 7 5 0.498035
66 8 1 0.647543
66 8 2 0.000000
66 8 3 0.642301
66 8 4 0.587539
66 8 5 0.000000
66 9 1 0.000000
66 9 2 0.645659
66 9 3 0.000000
66 9 4 0.568350
66 9 5 0.000000
66 10 1 0.633738
66 10 2 0.651044
66 10 3 0.628496
66 10 4 0.573735
66 10 5 0.492452
67 1 1 0.656640
67 1 2 0.000000
67 1 3 0.651398
67 1 4 0.000000
67 1 5 0.000000
67 2 1 0.000000
67 2 2 0.659795
67 2 3 0.000000
67 2 4 0.582486
67 2 5 0.000000
67 3 1 0.667468
67 3 2 0.684774
67 3 3 0.662226
67 3 4 0.000000
67 3 5 0.526182
67 4 1 0.649683
67 4 2 0.666988
67 4 3 0.000000
67 4 4 0.589679
67 4 5 0.000000
67 5 1 0.642818
67 5 2 0.000000
67 5 3 0.637575
67 5 4 0.000000
67 5 5 0.501531
67 6 1 0.648379
67 6 2 0.665685
67 6 3 0.000000
67 6 4 0.588376
67 6 5 0.507092
67 7 1 0.639322
67 7 2 0.656627
67 7 3 0.634079
67 7 4 0.000000
67 7 5 0.498035
67 8 1 0.647543
67 8 2 0.000000
67 8 3 0.642301
67 8 4 0.587539
67 8 5 0.000000
67 9 1 0.000000
67 9 2 0.645659
67 9 3 0.000000
67 9 4 0.568350
67 9 5 0.000000
67 10 1 0.633738
67 10 2 0.651044
67 10 3 0.628496
67 10 4 0.573735
67 10 5 0.492452
68 1 1 0.656640
68 1 2 0.000000
68 1 3 0.651398
68 1 4 0.000000
68 1 5 0.000000
68 2 1 0.000000
68 2 2 0.659795
68 2 3 0.000000
68 2 4 0.582486
68 2 5 0.000000
68 3 1 0.667468
68 3 2 0.684774
68 3 3 0.662226
68 3 4 0.000000
68 3 5 0.526182
68 4 1 0.649683
68 4 2 0.666988
68 4 3 0.000000
68 4 4 0.589679
68 4 5 0.000000
68 5 1 0.642818
68 5 2 0.000000
68 5 3 0.637575
68 5 4 0.000000
68 5 5 0.501531
68 6 1 0.648379
68 6 2 0.665685
68 6 3 0.000000
68 6 4 0.588376
68 6 5 0.507092
68 7 1 0.639322
68 7 2 0.656627
68 7 3 0.634079
68 7 4 0.000000
68 7 5 0.498035
68 8 1 0.647543
68 8 2 0.000000
68 8 3 0.642301
68 8 4 0.587539
68 8 5 0.000000
68 9 1 0.000000
68 9 2 0.645659
68 9 3 0.000000
68 9 4 0.568350
68 9 5 0.000000
68 10 1 0.633738
68 10 2 0.651044
68 10 3 0.628496
68 10 4 0.573735
68 10 5 0.492452
69 1 1 0.656640
69 1 2 0.000000
69 1 3 0.651398
69 1 4 0.000000
69 1 5 0.000000
69 2 1 0.000000
69 2 2 0.659795
69 2 3 0.000000
69 2 4 0.582486
69 2 5 0.000000
69 3 1 0.667468
69 3 2 0.684774
69 3 3 0.662226
69 3 4 0.000000
69 3 5 0.526182
69 4 1 0.649683
69 4 2 0.666988
69 4 3 0.000000
69 4 4 0.589679
69 4 5 0.000000
69 5 1 0.642818
69 5 2 0.000000
69 5 3 0.637575
69 5 4 0.000000
69 5 5 0.501531
69 6 1 0.648379
69 6 2 0.665685
69 6 3 0.000000
69 6 4 0.588376
69 6 5 0.507092
69 7 1 0.639322
69 7 2 0.656627
69 7 3 0.634079
69 7 4 0.000000
69 7 5 0.498035
69 8 1 0.647543
69 8 2 0.000000
69 8 3 0.642301
69 8 4 0.587539
69 8 5 0.000000
69 9 1 0.000000
69 9 2 0.645659
69 9 3 0.000000
69 9 4 0.568350
69 9 5 0.000000
69 10 1 0.633738
69 10 2 0.651044
69 10 3 0.628496
69 10 4 0.573735
69 10 5 0.492452
70 1 1 0.656640
70 1 2 0.000000
70 1 3 0.651398
70 1 4 0.000000
70 1 5 0.000000
70 2 1 0.000000
70 2 2 0.659795
70 2 3 0.000000
70 2 4 0.582486
70 2 5 0.000000
70 3 1 0.667468
70 3 2 0.684774
70 3 3 0.662226
70 3 4 0.000000
70 3 5 0.526182
70 4 1 0.649683
70 4 2 0.666988
70 4 3 0.000000
70 4 4 0.589679
70 4 5 0.000000
70 5 1 0.642818
70 5 2 0.000000
70 5 3 0.637575
70 5 4 0.000000
70 5 5 0.501531
70 6 1 0.648379
70 6 2 0.665685
70 6 3 0.000000
70 6 4 0.588376
70 6 5 0.507092
70 7 1 0.639322
70 7 2 0.656627
70 7 3 0.634079
70 7 4 0.000000
70 7 5 0.498035
70 8 1 0.647543
70 8 2 0.000000
70 8 3 0.642301
70 8 4 0.587539
70 8 5 0.000000
70 9 1 0.000000
70 9 2 0.645659
70 9 3 0.000000
70 9 4 0.568350
70 9 5 0.000000
70 10 1 0.633738
70 10 2 0.651044
70 10 3 0.628496
70 10 4 0.573735
70 10 5 0.492452
71 1 1 0.656640
71 1 2 0.000000
71 1 3 0.651398
71 1 4 0.000000
71 1 5 0.000000
71 2 1 0.000000
71 2 2 0.659795
71 2 3 0.000000
71 2 4 0.582486
71 2 5 0.000000
71 3 1 0.667468
71 3 2 0.684774
71 3 3 0.662226
71 3 4 0.000000
71 3 5 0.526182
71 4 1 0.649683
71 4 2 0.666988
71 4 3 0.000000
71 4 4 0.589679
71 4 5 0.000000
71 5 1 0.642818
71 5 2 0.000000
71 5 3 0.637575
71 5 4 0.000000
71 5 5 0.501531
71 6 1 0.648379
71 6 2 0.665685
71 6 3 0.000000
71 6 4 0.588376
71 6 5 0.507092
71 7 1 0.639322
71 7 2 0.656627
71 7 3 0.634079
71 7 4 0.000000
71 7 5 0.498035
71 8 1 0.647543
71 8 2 0.000000
71 8 3 0.642301
71 8 4 0.587539
71 8 5 0.000000
71 9 1 0.000000
71 9 2 0.645659
71 9 3 0.000000
71 9 4 0.568350
71 9 5 0.000000
71 10 1 0.633738
71 10 2 0.651044
71 10 3 0.628496
71 10 4 0.573735
71 10 5 0.492452
72 1 1 0.656640
72 1 2 0.000000
72 1 3 0.651398
72 1 4 0.000000
72 1 5 0.000000
72 2 1 0.000000
72 2 2 0.659795
72 2 3 0.000000
72 2 4 0.582486
72 2 5 0.000000
72 3 1 0.667468
72 3 2 0.684774
72 3 3 0.662226
72 3 4 0.000000
72 3 5 0.526182
72 4 1 0.649683
72 4 2 0.666988
72 4 3 0.000000
72 4 4 0.589679
72 4 5 0.000000
72 5 1 0.642818
72 5 2 0.000000
72 5 3 0.637575
72 5 4 0.000000
72 5 5 0.501531
72 6 1 0.648379
72 6 2 0.665685
72 6 3 0.000000
72 6 4 0.588376
72 6 5 0.507092
72 7 1 0.639322
72 7 2 0.656627
72 7 3 0.634079
72 7 4 0.000000
72 7 5 0.498035
72 8 1 0.647543
72 8 2 0.000000
72 8 3 0.642301
72 8 4 0.587539
72 8 5 0.000000
72 9 1 0.000000
72 9 2 0.645659
72 9 3 0.000000
72 9 4 0.568350
72 9 5 0.000000
72 10 1 0.633738
72 10 2 0.651044
72 10 3 0.628496
72 10 4 0.573735
72 10 5 0.492452
73 1 1 0.656640
73 1 2 0.000000
73 1 3 0.651398
73 1 4 0.000000
73 1 5 0.000000
73 2 1 0.000000
73 2 2 0.659795
73 2 3 0.000000
73 2 4 0.582486
73 2 5 0.000000
73 3 1 0.667468
73 3 2 0.684774
73 3 3 0.662226
73 3 4 0.000000
73 3 5 0.526182
73 4 1 0.649683
73 4 2 0.666988
73 4 3 0.000000
73 4 4 0.589679
73 4 5 0.000000
73 5 1 0.642818
73 5 2 0.000000
73 5 3 0.637575
73 5 4 0.000000
73 5 5 0.501531
73 6 1 0.648379
73 6 2 0.665685
73 6 3 0.000000
73 6 4 0.588376
73 6 5 0.507092
73 7 1 0.639322
73 7 2 0.656627
73 7 3 0.634079
73 7 4 0.000000
73 7 5 0.498035
73 8 1 0.647543
73 8 2 0.000000
73 8 3 0.642301
73 8 4 0.587539
73 8 5 0.000000
73 9 1 0.000000
73 9 2 0.645659
73 9 3 0.000000
73 9 4 0.568350
73 9 5 0.000000
73 10 1 0.633738
73 10 2 0.651044
73 10 3 0.628496
73 10 4 0.573735
73 10 5 0.492452
74 1 1 0.656640
74 1 2 0.000000
74 1 3 0.651398
74 1 4 0.000000
74 1 5 0.000000
74 2 1 0.000000
74 2 2 0.659795
74 2 3 0.000000
74 2 4 0.582486
74 2 5 0.000000
74 3 1 0.667468
74 3 2 0.684774
74 3 3 0.662226
74 3 4 0.000000
74 3 5 0.526182
74 4 1 0.649683
74 4 2 0.666988
74 4 3 0.000000
74 4 4 0.589679
74 4 5 0.000000
74 5 1 0.642818
74 5 2 0.000000
74 5 3 0.637575
74 5 4 0.000000
74 5 5 0.501531
74 6 1 0.648379
74 6 2 0.665685
74 6 3 0.000000
74 6 4 0.588376
74 6 5 0.507092
74 7 1 0.639322
74 7 2 0.656627
74 7 3 0.634079
74 7 4 0.000000
74 7 5 0.498035
74 8 1 0.647543
74 8 2 0.000000
74 8 3 0.642301
74 8 4 0.587539
74 8 5 0.000000
74 9 1 0.000000
74 9 2 0.645659
74 9 3 0.000000
74 9 4 0.568350
74 9 5 0.000000
74 10 1 0.633738
74 10 2 0.651044
74 10 3 0.628496
74 10 4 0.573735
74 10 5 0.492452
75 1 1 0.656640
75 1 2 0.000000
75 1 3 0.651398
75 1 4 0.000000
75 1 5 0.000000
75 2 1 0.000000
75 2 2 0.659795
75 2 3 0.000000
75 2 4 0.582486
75 2 5 0.000000
75 3 1 0.667468
75 3 2 0.684774
75 3 3 0.662226
75 3 4 0.000000
75 3 5 0.526182
75 4 1 0.649683
75 4 2 0.666988
75 4 3 0.000000
75 4 4 0.589679
75 4 5 0.000000
75 5 1 0.642818
75 5 2 0.000000
75 5 3 0.637575
75 5 4 0.000000
75 5 5 0.501531
75 6 1 0.648379
75 6 2 0.665685
75 6 3 0.000000
75 6 4 0.588376
75 6 5 0.507092
75 7 1 0.639322
75 7 2 0.656627
75 7 3 0.634079
75 7 4 0.000000
75 7 5 0.498035
75 8 1 0.647543
75 8 2 0.000000
75 8 3 0.642301
75 8 4 0.587539
75 8 5 0.000000
75 9 1 0.000000
75 9 2 0.645659
75 9 3 0.000000
75 9 4 0.568350
75 9 5 0.000000
75 10 1 0.633738
75 10 2 0.651044
75 10 3 0.628496
75 10 4 0.573735
75 10 5 0.492452
76 1 1 0.656640
76 1 2 0.000000
76 1 3 0.651398
76 1 4 0.000000
76 1 5 0.000000
76 2 1 0.000000
76 2 2 0.659795
76 2 3 0.000000
76 2 4 0.582486
76 2 5 0.000000
76 3 1 0.667468
76 3 2 0.684774
76 3 3 0.662226
76 3 4 0.000000
76 3 5 0.526182
76 4 1 0.649683
76 4 2 0.666988
76 4 3 0.000000
76 4 4 0.589679
76 4 5 0.000000
76 5 1 0.642818
76 5 2 0.000000
76 5 3 0.637575
76 5 4 0.000000
76 5 5 0.501531
76 6 1 0.648379
76 6 2 0.665685
76 6 3 0.000000
76 6 4 0.588376
76 6 5 0.507092
76 7 1 0.639322
76 7 2 0.656627
76 7 3 0.634079
76 7 4 0.000000
76 7 5 0.498035
76 8 1 0.647543
76 8 2 0.000000
76 8 3 0.642301
76 8 4 0.587539
76 8 5 0.000000
76 9 1 0.000000
76 9 2 0.645659
76 9 3 0.000000
76 9 4 0.568350
76 9 5 0.000000
76 10 1 0.633738
76 10 2 0.651044
76 10 3 0.628496
76 10 4 0.573735
76 10 5 0.492452
77 1 1 0.656640
77 1 2 0.000000
77 1 3 0.651398
77 1 4 0.000000
77 1 5 0.000000
77 2 1 0.000000
77 2 2 0.659795
77 2 3 0.000000
77 2 4 0.582486
77 2 5 0.000000
77 3 1 0.667468
77 3 2 0.684774
77 3 3 0.662226
77 3 4 0.000000
77 3 5 0.526182
77 4 1 0.649683
77 4 2 0.666988
77 4 3 0.000000
77 4 4 0.589679
77 4 5 0.000000
77 5 1 0.642818
77 5 2 0.000000
77 5 3 0.637575
77 5 4 0.000000
77 5 5 0.501531
77 6 1 0.648379
77 6 2 0.665685
77 6 3 0.000000
77 6 4 0.588376
77 6 5 0.507092
77 7 1 0.639322
77 7 2 0.656627
77 7 3 0.634079
77 7 4 0.000000
77 7 5 0.498035
77 8 1 0.647543
77 8 2 0.000000
77 8 3 0.642301
77 8 4 0.587539
77 8 5 0.000000
77 9 1 0.000000
77 9 2 0.645659
77 9 3 0.000000
77 9 4 0.568350
77 9 5 0.000000
77 10 1 0.633738
77 10 2 0.651044
77 10 3 0.628496
77 10 4 0.573735
77 10 5 0.492452
78 1 1 0.656640
78 1 2 0.000000
78 1 3 0.651398
78 1 4 0.000000
78 1 5 0.000000
78 2 1 0.000000
78 2 2 0.659795
78 2 3 0.000000
78 2 4 0.582486
78 2 5 0.000000
78 3 1 0.667468
78 3 2 0.684774
78 3 3 0.662226
78 3 4 0.000000
78 3 5 0.526182
78 4 1 0.649683
78 4 2 0.666988
78 4 3 0.000000
78 4 4 0.589679
78 4 5 0.000000
78 5 1 0.642818
78 5 2 0.000000
78 5 3 0.637575
78 5 4 0.000000
78 5 5 0.501531
78 6 1 0.648379
78 6 2 0.665685
78 6 3 0.000000
78 6 4 0.588376
78 6 5 0.507092
78 7 1 0.639322
78 7 2 0.656627
78 7 3 0.634079
78 7 4 0.000000
78 7 5 0.498035
78 8 1 0.647543
78 8 2 0.000000
78 8 3 0.642301
78 8 4 0.587539
78 8 5 0.000000
78 9 1 0.000000
78 9 2 0.645659
78 9 3 0.000000
78 9 4 0.568350
78 9 5 0.000000
78 10 1 0.633738
78 10 2 0.651044
78 10 3 0.628496
78 10 4 0.573735
78 10 5 0.492452
79 1 1 0.656640
79 1 2 0.000000
79 1 3 0.651398
79 1 4 0.000000
79 1 5 0.000000
79 2 1 0.000000
79 2 2 0.659795
79 2 3 0.000000
79 2 4 0.582486
79 2 5 0.000000
79 3 1 0.667468
79 3 2 0.684774
79 3 3 0.662226
79 3 4 0.000000
79 3 5 0.526182
79 4 1 0.649683
79 4 2 0.666988
79 4 3 0.000000
79 4 4 0.589679
79 4 5 0.000000
79 5 1 0.642818
79 5 2 0.000000
79 5 3 0.637575
79 5 4 0.000000
79 5 5 0.501531
79 6 1 0.648379
79 6 2 0.665685
79 6 3 0.000000
79 6 4 0.588376
79 6 5 0.507092
79 7 1 0.639322
79 7 2 0.656627
79 7 3 0.634079
79 7 4 0.000000
79 7 5 0.498035
79 8 1 0.647543
79 8 2 0.000000
79 8 3 0.642301
79 8 4 0.587539
79 8 5 0.000000
79 9 1 0.000000
79 9 2 0.645659
79 9 3 0.000000
79 9 4 0.568350
79 9 5 0.000000
79 10 1 0.633738
79 10 2 0.651044
79 10 3 0.628496
79 10 4 0.573735
79 10 5 0.492452
80 1 1 0.656640
80 1 2 0.000000
80 1 3 0.651398
80 1 4 0.000000
80 1 5 0.000000
80 2 1 0.000000
80 2 2 0.659795
80 2 3 0.000000
80 2 4 0.582486
80 2 5 0.000000
80 3 1 0.667468
80 3 2 0.684774
80 3 3 0.662226
80 3 4 0.000000
80 3 5 0.526182
80 4 1 0.649683
80 4 2 0.666988
80 4 3 0.000000
80 4 4 0.589679
80 4 5 0.000000
80 5 1 0.642818
80 5 2 0.000000
80 5 3 0.637575
80 5 4 0.000000
80 5 5 0.501531
80 6 1 0.648379
80 6 2 0.665685
80 6 3 0.000000
80 6 4 0.588376
80 6 5 0.507092
80 7 1 0.639322
80 7 2 0.656627
80 7 3 0.634079
80 7 4 0.000000
80 7 5 0.498035
80 8 1 0.647543
80 8 2 0.000000
80 8 3 0.642301
80 8 4 0.587539
80 8 5 0.000000
80 9 1 0.000000
80 9 2 0.645659
80 9 3 0.000000
80 9 4 0.568350
80 9 5 0.000000
80 10 1 0.633738
80 10 2 0.651044
80 10 3 0.628496
80 10 4 0.573735
80 10 5 0.492452
81 1 1 0.656640
81 1 2 0.000000
81 1 3 0.651398
81 1 4 0.000000
81 1 5 0.000000
81 2 1 0.000000
81 2 2 0.659795
81 2 3 0.000000
81 2 4 0.582486
81 2 5 0.000000
81 3 1 0.667468
81 3 2 0.684774
81 3 3 0.662226
81 3 4 0.000000
81 3 5 0.526182
81 4 1 0.649683
81 4 2 0.666988
81 4 3 0.000000
81 4 4 0.589679
81 4 5 0.000000
81 5 1 0.642818
81 5 2 0.000000
81 5 3 0.637575
81 5 4 0.000000
81 5 5 0.501531
81 6 1 0.648379
81 6 2 0.665685
81 6 3 0.000000
81 6 4 0.588376
81 6 5 0.507092
81 7 1 0.639322
81 7 2 0.656627
81 7 3 0.634079
81 7 4 0.000000
81 7 5 0.498035
81 8 1 0.647543
81 8 2 0.000000
81 8 3 0.642301
81 8 4 0.587539
81 8 5 0.000000
81 9 1 0.000000
81 9 2 0.645659
81 9 3 0.000000
81 9 4 0.568350
81 9 5 0.000000
81 10 1 0.633738
81 10 2 0.651044
81 10 3 0.628496
81 10 4 0.573735
81 10 5 0.492452
82 1 1 0.656640
82 1 2 0.000000
82 1 3 0.651398
82 1 4 0.000000
82 1 5 0.000000
82 2 1 0.000000
82 2 2 0.659795
82 2 3 0.000000
82 2 4 0.582486
82 2 5 0.000000
82 3 1 0.667468
82 3 2 0.684774
82 3 3 0.662226
82 3 4 0.000000
82 3 5 0.526182
82 4 1 0.649683
82 4 2 0.666988
82 4 3 0.000000
82 4 4 0.589679
82 4 5 0.000000
82 5 1 0.642818
82 5 2 0.000000
82 5 3 0.637575
82 5 4 0.000000
82 5 5 0.501531
82 6 1 0.648379
82 6 2 0.665685
82 6 3 0.000000
82 6 4 0.588376
82 6 5 0.507092
82 7 1 0.639322
82 7 2 0.656627
82 7 3 0.634079
82 7 4 0.000000
82 7 5 0.498035
82 8 1 0.647543
82 8 2 0.000000
82 8 3 0.642301
82 8 4 0.587539
82 8 5 0.000000
82 9 1 0.000000
82 9 2 0.645659
82 9 3 0.000000
82 9 4 0.568350
82 9 5 0.000000
82 10 1 0.633738
82 10 2 0.651044
82 10 3 0.628496
82 10 4 0.573735
82 10 5 0.492452
83 1 1 0.656640
83 1 2 0.000000
83 1 3 0.651398
83 1 4 0.000000
83 1 5 0.000000
83 2 1 0.000000
83 2 2 0.659795
83 2 3 0.000000
83 2 4 0.582486
83 2 5 0.000000
83 3 1 0.667468
83 3 2 0.684774
83 3 3 0.662226
83 3 4 0.000000
83 3 5 0.526182
83 4 1 0.649683
83 4 2 0.666988
83 4 3 0.000000
83 4 4 0.589679
83 4 5 0.000000
83 5 1 0.642818
83 5 2 0.000000
83 5 3 0.637575
83 5 4 0.000000
83 5 5 0.501531
83 6 1 0.648379
83 6 2 0.665685
83 6 3 0.000000
83 6 4 0.588376
83 6 5 0.507092
83 7 1 0.639322
83 7 2 0.656627
83 7 3 0.634079
83 7 4 0.000000
83 7 5 0.498035
83 8 1 0.647543
83 8 2 0.000000
83 8 3 0.642301
83 8 4 0.587539
83 8 5 0.000000
83 9 1 0.000000
83 9 2 0.645659
83 9 3 0.000000
83 9 4 0.568350
83 9 5 0.000000
83 10 1 0.633738
83 10 2 0.651044
83 10 3 0.628496
83 10 4 0.573735
83 10 5 0.492452
84 1 1 0.656640
84 1 2 0.000000
84 1 3 0.651398
84 1 4 0.000000
84 1 5 0.000000
84 2 1 0.000000
84 2 2 0.659795
84 2 3 0.000000
84 2 4 0.582486
84 2 5 0.000000
84 3 1 0.667468
84 3 2 0.684774
84 3 3 0.662226
84 3 4 0.000000
84 3 5 0.526182
84 4 1 0.649683
84 4 2 0.666988
84 4 3 0.000000
84 4 4 0.589679
84 4 5 0.000000
84 5 1 0.642818
84 5 2 0.000000
84 5 3 0.637575
84 5 4 0.000000
84 5 5 0.501531
84 6 1 0.648379
84 6 2 0.665685
84 6 3 0.000000
84 6 4 0.588376
84 6 5 0.507092
84 7 1 0.639322
84 7 2 0.656627
84 7 3 0.634079
84 7 4 0.000000
84 7 5 0.498035
84 8 1 0.647543
84 8 2 0.000000
84 8 3 0.642301
84 8 4 0.587539
84 8 5 0.000000
84 9 1 0.000000
84 9 2 0.645659
84 9 3 0.000000
84 9 4 0.568350
84 9 5 0.000000
84 10 1 0.633738
84 10 2 0.651044
84 10 3 0.628496
84 10 4 0.573735
84 10 5 0.492452
85 1 1 0.656640
85 1 2 0.000000
85 1 3 0.651398
85 1 4 0.000000
85 1 5 0.000000
85 2 1 0.000000
85 2 2 0.659795
85 2 3 0.000000
85 2 4 0.582486
85 2 5 0.000000
85 3 1 0.667468
85 3 2 0.684774
85 3 3 0.662226
85 3 4 0.000000
85 3 5 0.526182
85 4 1 0.649683
85 4 2 0.666988
85 4 3 0.000000
85 4 4 0.589679
85 4 5 0.000000
85 5 1 0.642818
85 5 2 0.000000
85 5 3 0.637575
85 5 4 0.000000
85 5 5 0.501531
85 6 1 0.648379
85 6 2 0.665685
85 6 3 0.000000
85 6 4 0.588376
85 6 5 0.507092
85 7 1 0.639322
85 7 2 0.656627
85 7 3 0.634079
85 7 4 0.000000
85 7 5 0.498035
85 8 1 0.647543
85 8 2 0.000000
85 8 3 0.642301
85 8 4 0.587539
85 8 5 0.000000
85 9 1 0.000000
85 9 2 0.645659
85 9 3 0.000000
85 9 4 0.568350
85 9 5 0.000000
85 10 1 0.633738
85 10 2 0.651044
85 10 3 0.628496
85 10 4 0.573735
85 10 5 0.492452
86 1 1 0.656640
86 1 2 0.000000
86 1 3 0.651398
86 1 4 0.000000
86 1 5 0.000000
86 2 1 0.000000
86 2 2 0.659795
86 2 3 0.000000
86 2 4 0.582486
86 2 5 0.000000
86 3 1 0.667468
86 3 2 0.684774
86 3 3 0.662226
86 3 4 0.000000
86 3 5 0.526182
86 4 1 0.649683
86 4 2 0.666988
86 4 3 0.000000
86 4 4 0.589679
86 4 5 0.000000
86 5 1 0.642818
86 5 2 0.000000
86 5 3 0.637575
86 5 4 0.000000
86 5 5 0.501531
86 6 1 0.648379
86 6 2 0.665685
86 6 3 0.000000
86 6 4 0.588376
86 6 5 0.507092
86 7 1 0.639322
86 7 2 0.656627
86 7 3 0.634079
86 7 4 0.000000
86 7 5 0.498035
86 8 1 0.647543
86 8 2 0.000000
86 8 3 0.642301
86 8 4 0.587539
86 8 5 0.000000
86 9 1 0.000000
86 9 2 0.645659
86 9 3 0.000000
86 9 4 0.568350
86 9 5 0.000000
86 10 1 0.633738
86 10 2 0.651044
86 10 3 0.628496
86 10 4 0.573735
86 10 5 0.492452
87 1 1 0.656640
87 1 2 0.000000
87 1 3 0.651398
87 1 4 0.000000
87 1 5 0.000000
87 2 1 0.000000
87 2 2 0.659795
87 2 3 0.000000
87 2 4 0.582486
87 2 5 0.000000
87 3 1 0.667468
87 3 2 0.684774
87 3 3 0.662226
87 3 4 0.000000
87 3 5 0.526182
87 4 1 0.649683
87 4 2 0.666988
87 4 3 0.000000
87 4 4 0.589679
87 4 5 0.000000
87 5 1 0.642818
87 5 2 0.000000
87 5 3 0.637575
87 5 4 0.000000
87 5 5 0.501531
87 6 1 0.648379
87 6 2 0.665685
87 6 3 0.000000
87 6 4 0.588376
87 6 5 0.507092
87 7 1 0.639322
87 7 2 0.656627
87 7 3 0.634079
87 7 4 0.000000
87 7 5 0.498035
87 8 1 0.647543
87 8 2 0.000000
87 8 3 0.642301
87 8 4 0.587539
87 8 5 0.000000
87 9 1 0.000000
87 9 2 0.645659
87 9 3 0.000000
87 9 4 0.568350
87 9 5 0.000000
87 10 1 0.633738
87 10 2 0.651044
87 10 3 0.628496
87 10 4 0.573735
87 10 5 0.492452
88 1 1 0.656640
88 1 2 0.000000
88 1 3 0.651398
88 1 4 0.000000
88 1 5 0.000000
88 2 1 0.000000
88 2 2 0.659795
88 2 3 0.000000
88 2 4 0.582486
88 2 5 0.000000
88 3 1 0.667468
88 3 2 0.684774
88 3 3 0.662226
88 3 4 0.000000
88 3 5 0.526182
88 4 1 0.649683
88 4 2 0.666988
88 4 3 0.000000
88 4 4 0.589679
88 4 5 0.000000
88 5 1 0.642818
88 5 2 0.000000
88 5 3 0.637575
88 5 4 0.000000
88 5 5 0.501531
88 6 1 0.648379
88 6 2 0.665685
88 6 3 0.000000
88 6 4 0.588376
88 6 5 0.507092
88 7 1 0.639322
88 7 2 0.656627
88 7 3 0.634079
88 7 4 0.000000
88 7 5 0.498035
88 8 1 0.647543
88 8 2 0.000000
88 8 3 0.642301
88 8 4 0.587539
88 8 5 0.000000
88 9 1 0.000000
88 9 2 0.645659
88 9 3 0.000000
88 9 4 0.568350
88 9 5 0.000000
88 10 1 0.633738
88 10 2 0.651044
88 10 3 0.628496
88 10 4 0.573735
88 10 5 0.492452
89 1 1 0.656640
89 1 2 0.000000
89 1 3 0.651398
89 1 4 0.000000
89 1 5 0.000000
89 2 1 0.000000
89 2 2 0.659795
89 2 3 0.000000
89 2 4 0.582486
89 2 5 0.000000
89 3 1 0.667468
89 3 2 0.684774
89 3 3 0.662226
89 3 4 0.000000
89 3 5 0.526182
89 4 1 0.649683
89 4 2 0.666988
89 4 3 0.000000
89 4 4 0.589679
89 4 5 0.000000
89 5 1 0.642818
89 5 2 0.000000
89 5 3 0.637575
89 5 4 0.000000
89 5 5 0.501531
89 6 1 0.648379
89 6 2 0.665685
89 6 3 0.000000
89 6 4 0.588376
89 6 5 0.507092
89 7 1 0.639322
89 7 2 0.656627
89 7 3 0.634079
89 7 4 0.000000
89 7 5 0.498035
89 8 1 0.647543
89 8 2 0.000000
89 8 3 0.642301
89 8 4 0.587539
89 8 5 0.000000
89 9 1 0.000000
89 9 2 0.645659
89 9 3 0.000000
89 9 4 0.568350
89 9 5 0.000000
89 10 1 0.633738
89 10 2 0.651044
89 10 3 0.628496
89 10 4 0.573735
89 10 5 0.492452
90 1 1 0.656640
90 1 2 0.000000
90 1 3 0.651398
90 1 4 0.000000
90 1 5 0.000000
90 2 1 0.000000
90 2 2 0.659795
90 2 3 0.000000
90 2 4 0.582486
90 2 5 0.000000
90 3 1 0.667468
90 3 2 0.684774
90 3 3 0.662226
90 3 4 0.000000
90 3 5 0.526182
90 4 1 0.649683
90 4 2 0.666988
90 4 3 0.000000
90 4 4 0.589679
90 4 5 0.000000
90 5 1 0.642818
90 5 2 0.000000
90 5 3 0.637575
90 5 4 0.000000
90 5 5 0.501531
90 6 1 0.648379
90 6 2 0.665685
90 6 3 0.000000
90 6 4 0.588376
90 6 5 0.507092
90 7 1 0.639322
90 7 2 0.656627
90 7 3 0.634079
90 7 4 0.000000
90 7 5 0.498035
90 8 1 0.647543
90 8 2 0.000000
90 8 3 0.642301
90 8 4 0.587539
90 8 5 0.000000
90 9 1 0.000000
90 9 2 0.645659
90 9 3 0.000000
90 9 4 0.568350
90 9 5 0.000000
90 10 1 0.633738
90 10 2 0.651044
90 10 3 0.628496
90 10 4 0.573735
90 10 5 0.492452
