1 1 1 0.660593
1 1 2 0.689966
1 1 3 0.000000
1 1 4 0.000000
1 1 5 0.585993
1 2 1 0.000000
1 2 2 0.659059
1 2 3 0.648957
1 2 4 0.615889
1 2 5 0.555086
1 3 1 0.654724
1 3 2 0.000000
1 3 3 0.673996
1 3 4 0.640927
1 3 5 0.580125
1 4 1 0.631486
1 4 2 0.660860
1 4 3 0.000000
1 4 4 0.617690
1 4 5 0.556887
1 5 1 0.610010
1 5 2 0.639384
1 5 3 0.629282
1 5 4 0.596214
1 5 5 0.535411
2 1 1 0.660593
2 1 2 0.689966
2 1 3 0.000000
2 1 4 0.000000
2 1 5 0.585993
2 2 1 0.000000
2 2 2 0.659059
2 2 3 0.648957
2 2 4 0.615889
2 2 5 0.555086
2 3 1 0.654724
2 3 2 0.000000
2 3 3 0.673996
2 3 4 0.640927
2 3 5 0.580125
2 4 1 0.631486
2 4 2 0.660860
2 4 3 0.000000
2 4 4 0.617690
2 4 5 0.556887
2 5 1 0.610010
2 5 2 0.639384
2 5 3 0.629282
2 5 4 0.596214
2 5 5 0.535411
3 1 1 0.660593
3 1 2 0.689966
3 1 3 0.000000
3 1 4 0.000000
3 1 5 0.585993
3 2 1 0.000000
3 2 2 0.659059
3 2 3 0.648957
3 2 4 0.615889
3 2 5 0.555086
3 3 1 0.654724
3 3 2 0.000000
3 3 3 0.673996
3 3 4 0.640927
3 3 5 0.580125
3 4 1 0.631486
3 4 2 0.660860
3 4 3 0.000000
3 4 4 0.617690
3 4 5 0.556887
3 5 1 0.610010
3 5 2 0.639384
3 5 3 0.629282
3 5 4 0.596214
3 5 5 0.535411
4 1 1 0.660593
4 1 2 0.689966
4 1 3 0.000000
4 1 4 0.000000
4 1 5 0.585993
4 2 1 0.000000
4 2 2 0.659059
4 2 3 0.648957
4 2 4 0.615889
4 2 5 0.555086
4 3 1 0.654724
4 3 2 0.000000
4 3 3 0.673996
4 3 4 0.640927
4 3 5 0.580125
4 4 1 0.631486
4 4 2 0.660860
4 4 3 0.000000
4 4 4 0.617690
4 4 5 0.556887
4 5 1 0.610010
4 5 2 0.639384
4 5 3 0.629282
4 5 4 0.596214
4 5 5 0.535411
5 1 1 0.660593
5 1 2 0.689966
5 1 3 0.000000
5 1 4 0.000000
5 1 5 0.585993
5 2 1 0.000000
5 2 2 0.659059
5 2 3 0.648957
5 2 4 0.615889
5 2 5 0.555086
5 3 1 0.654724
5 3 2 0.000000
5 3 3 0.673996
5 3 4 0.640927
5 3 5 0.580125
5 4 1 0.631486
5 4 2 0.660860
5 4 3 0.000000
5 4 4 0.617690
5 4 5 0.556887
5 5 1 0.610010
5 5 2 0.639384
5 5 3 0.629282
5 5 4 0.596214
5 5 5 0.535411
6 1 1 0.660593
6 1 2 0.689966
6 1 3 0.000000
6 1 4 0.000000
6 1 5 0.585993
6 2 1 0.000000
6 2 2 0.659059
6 2 3 0.648957
6 2 4 0.615889
6 2 5 0.555086
6 3 1 0.654724
6 3 2 0.000000
6 3 3 0.673996
6 3 4 0.640927
6 3 5 0.580125
6 4 1 0.631486
6 4 2 0.660860
6 4 3 0.000000
6 4 4 0.617690
6 4 5 0.556887
6 5 1 0.610010
6 5 2 0.639384
6 5 3 0.629282
6 5 4 0.596214
6 5 5 0.535411
7 1 1 0.660593
7 1 2 0.689966
7 1 3 0.000000
7 1 4 0.000000
7 1 5 0.585993
7 2 1 0.000000
7 2 2 0.659059
7 2 3 0.648957
7 2 4 0.615889
7 2 5 0.555086
7 3 1 0.654724
7 3 2 0.000000
7 3 3 0.673996
7 3 4 0.640927
7 3 5 0.580125
7 4 1 0.631486
7 4 2 0.660860
7 4 3 0.000000
7 4 4 0.617690
7 4 5 0.556887
7 5 1 0.610010
7 5 2 0.639384
7 5 3 0.629282
7 5 4 0.596214
7 5 5 0.535411
8 1 1 0.660593
8 1 2 0.689966
8 1 3 0.000000
8 1 4 0.000000
8 1 5 0.585993
8 2 1 0.000000
8 2 2 0.659059
8 2 3 0.648957
8 2 4 0.615889
8 2 5 0.555086
8 3 1 0.654724
8 3 2 0.000000
8 3 3 0.673996
8 3 4 0.640927
8 3 5 0.580125
8 4 1 0.631486
8 4 2 0.660860
8 4 3 0.000000
8 4 4 0.617690
8 4 5 0.556887
8 5 1 0.610010
8 5 2 0.639384
8 5 3 0.629282
8 5 4 0.596214
8 5 5 0.535411
9 1 1 0.660593
9 1 2 0.689966
9 1 3 0.000000
9 1 4 0.000000
9 1 5 0.585993
9 2 1 0.000000
9 2 2 0.659059
9 2 3 0.648957
9 2 4 0.615889
9 2 5 0.555086
9 3 1 0.654724
9 3 2 0.000000
9 3 3 0.673996
9 3 4 0.640927
9 3 5 0.580125
9 4 1 0.631486
9 4 2 0.660860
9 4 3 0.000000
9 4 4 0.617690
9 4 5 0.556887
9 5 1 0.610010
9 5 2 0.639384
9 5 3 0.629282
9 5 4 0.596214
9 5 5 0.535411
10 1 1 0.660593
10 1 2 0.689966
10 1 3 0.000000
10 1 4 0.000000
10 1 5 0.585993
10 2 1 0.000000
10 2 2 0.659059
10 2 3 0.648957
10 2 4 0.615889
10 2 5 0.555086
10 3 1 0.654724
10 3 2 0.000000
10 3 3 0.673996
10 3 4 0.640927
10 3 5 0.580125
10 4 1 0.631486
10 4 2 0.660860
10 4 3 0.000000
10 4 4 0.617690
10 4 5 0.556887
10 5 1 0.610010
10 5 2 0.639384
10 5 3 0.629282
10 5 4 0.596214
10 5 5 0.535411
11 1 1 0.660593
11 1 2 0.689966
11 1 3 0.000000
11 1 4 0.000000
11 1 5 0.585993
11 2 1 0.000000
11 2 2 0.659059
11 2 3 0.648957
11 2 4 0.615889
11 2 5 0.555086
11 3 1 0.654724
11 3 2 0.000000
11 3 3 0.673996
11 3 4 0.640927
11 3 5 0.580125
11 4 1 0.631486
11 4 2 0.660860
11 4 3 0.000000
11 4 4 0.617690
11 4 5 0.556887
11 5 1 0.610010
11 5 2 0.639384
11 5 3 0.629282
11 5 4 0.596214
11 5 5 0.535411
12 1 1 0.660593
12 1 2 0.689966
12 1 3 0.000000
12 1 4 0.000000
12 1 5 0.585993
12 2 1 0.000000
12 2 2 0.659059
12 2 3 0.648957
12 2 4 0.615889
12 2 5 0.555086
12 3 1 0.654724
12 3 2 0.000000
12 3 3 0.673996
12 3 4 0.640927
12 3 5 0.580125
12 4 1 0.631486
12 4 2 0.660860
12 4 3 0.000000
12 4 4 0.617690
12 4 5 0.556887
12 5 1 0.610010
12 5 2 0.639384
12 5 3 0.629282
12 5 4 0.596214
12 5 5 0.535411
13 1 1 0.660593
13 1 2 0.689966
13 1 3 0.000000
13 1 4 0.000000
13 1 5 0.585993
13 2 1 0.000000
13 2 2 0.659059
13 2 3 0.648957
13 2 4 0.615889
13 2 5 0.555086
13 3 1 0.654724
13 3 2 0.000000
13 3 3 0.673996
13 3 4 0.640927
13 3 5 0.580125
13 4 1 0.631486
13 4 2 0.660860
13 4 3 0.000000
13 4 4 0.617690
13 4 5 0.556887
13 5 1 0.610010
13 5 2 0.639384
13 5 3 0.629282
13 5 4 0.596214
13 5 5 0.535411
14 1 1 0.660593
14 1 2 0.689966
14 1 3 0.000000
14 1 4 0.000000
14 1 5 0.585993
14 2 1 0.000000
14 2 2 0.659059
14 2 3 0.648957
14 2 4 0.615889
14 2 5 0.555086
14 3 1 0.654724
14 3 2 0.000000
14 3 3 0.673996
14 3 4 0.640927
14 3 5 0.580125
14 4 1 0.631486
14 4 2 0.660860
14 4 3 0.000000
14 4 4 0.617690
14 4 5 0.556887
14 5 1 0.610010
14 5 2 0.639384
14 5 3 0.629282
14 5 4 0.596214
14 5 5 0.535411
15 1 1 0.660593
15 1 2 0.689966
15 1 3 0.000000
15 1 4 0.000000
15 1 5 0.585993
15 2 1 0.000000
15 2 2 0.659059
15 2 3 0.648957
15 2 4 0.615889
15 2 5 0.555086
15 3 1 0.654724
15 3 2 0.000000
15 3 3 0.673996
15 3 4 0.640927
15 3 5 0.580125
15 4 1 0.631486
15 4 2 0.660860
15 4 3 0.000000
15 4 4 0.617690
15 4 5 0.556887
15 5 1 0.610010
15 5 2 0.639384
15 5 3 0.629282
15 5 4 0.596214
15 5 5 0.535411
16 1 1 0.660593
16 1 2 0.689966
16 1 3 0.000000
16 1 4 0.000000
16 1 5 0.585993
16 2 1 0.000000
16 2 2 0.659059
16 2 3 0.648957
16 2 4 0.615889
16 2 5 0.555086
16 3 1 0.654724
16 3 2 0.000000
16 3 3 0.673996
16 3 4 0.640927
16 3 5 0.580125
16 4 1 0.631486
16 4 2 0.660860
16 4 3 0.000000
16 4 4 0.617690
16 4 5 0.556887
16 5 1 0.610010
16 5 2 0.639384
16 5 3 0.629282
16 5 4 0.596214
16 5 5 0.535411
17 1 1 0.660593
17 1 2 0.689966
17 1 3 0.000000
17 1 4 0.000000
17 1 5 0.585993
17 2 1 0.000000
17 2 2 0.659059
17 2 3 0.648957
17 2 4 0.615889
17 2 5 0.555086
17 3 1 0.654724
17 3 2 0.000000
17 3 3 0.673996
17 3 4 0.640927
17 3 5 0.580125
17 4 1 0.631486
17 4 2 0.660860
17 4 3 0.000000
17 4 4 0.617690
17 4 5 0.556887
17 5 1 0.610010
17 5 2 0.639384
17 5 3 0.629282
17 5 4 0.596214
17 5 5 0.535411
18 1 1 0.660593
18 1 2 0.689966
18 1 3 0.000000
18 1 4 0.000000
18 1 5 0.585993
18 2 1 0.000000
18 2 2 0.659059
18 2 3 0.648957
18 2 4 0.615889
18 2 5 0.555086
18 3 1 0.654724
18 3 2 0.000000
18 3 3 0.673996
18 3 4 0.640927
18 3 5 0.580125
18 4 1 0.631486
18 4 2 0.660860
18 4 3 0.000000
18 4 4 0.617690
18 4 5 0.556887
18 5 1 0.610010
18 5 2 0.639384
18 5 3 0.629282
18 5 4 0.596214
18 5 5 0.535411
19 1 1 0.660593
19 1 2 0.689966
19 1 3 0.000000
19 1 4 0.000000
19 1 5 0.585993
19 2 1 0.000000
19 2 2 0.659059
19 2 3 0.648957
19 2 4 0.615889
19 2 5 0.555086
19 3 1 0.654724
19 3 2 0.000000
19 3 3 0.673996
19 3 4 0.640927
19 3 5 0.580125
19 4 1 0.631486
19 4 2 0.660860
19 4 3 0.000000
19 4 4 0.617690
19 4 5 0.556887
19 5 1 0.610010
19 5 2 0.639384
19 5 3 0.629282
19 5 4 0.596214
19 5 5 0.535411
20 1 1 0.660593
20 1 2 0.689966
20 1 3 0.000000
20 1 4 0.000000
20 1 5 0.585993
20 2 1 0.000000
20 2 2 0.659059
20 2 3 0.648957
20 2 4 0.615889
20 2 5 0.555086
20 3 1 0.654724
20 3 2 0.000000
20 3 3 0.673996
20 3 4 0.640927
20 3 5 0.580125
20 4 1 0.631486
20 4 2 0.660860
20 4 3 0.000000
20 4 4 0.617690
20 4 5 0.556887
20 5 1 0.610010
20 5 2 0.639384
20 5 3 0.629282
20 5 4 0.596214
20 5 5 0.535411
21 1 1 0.660593
21 1 2 0.689966
21 1 3 0.000000
21 1 4 0.000000
21 1 5 0.585993
21 2 1 0.000000
21 2 2 0.659059
21 2 3 0.648957
21 2 4 0.615889
21 2 5 0.555086
21 3 1 0.654724
21 3 2 0.000000
21 3 3 0.673996
21 3 4 0.640927
21 3 5 0.580125
21 4 1 0.631486
21 4 2 0.660860
21 4 3 0.000000
21 4 4 0.617690
21 4 5 0.556887
21 5 1 0.610010
21 5 2 0.639384
21 5 3 0.629282
21 5 4 0.596214
21 5 5 0.535411
22 1 1 0.660593
22 1 2 0.689966
22 1 3 0.000000
22 1 4 0.000000
22 1 5 0.585993
22 2 1 0.000000
22 2 2 0.659059
22 2 3 0.648957
22 2 4 0.615889
22 2 5 0.555086
22 3 1 0.654724
22 3 2 0.000000
22 3 3 0.673996
22 3 4 0.640927
22 3 5 0.580125
22 4 1 0.631486
22 4 2 0.660860
22 4 3 0.000000
22 4 4 0.617690
22 4 5 0.556887
22 5 1 0.610010
22 5 2 0.639384
22 5 3 0.629282
22 5 4 0.596214
22 5 5 0.535411
23 1 1 0.660593
23 1 2 0.689966
23 1 3 0.000000
23 1 4 0.000000
23 1 5 0.585993
23 2 1 0.000000
23 2 2 0.659059
23 2 3 0.648957
23 2 4 0.615889
23 2 5 0.555086
23 3 1 0.654724
23 3 2 0.000000
23 3 3 0.673996
23 3 4 0.640927
23 3 5 0.580125
23 4 1 0.631486
23 4 2 0.660860
23 4 3 0.000000
23 4 4 0.617690
23 4 5 0.556887
23 5 1 0.610010
23 5 2 0.639384
23 5 3 0.629282
23 5 4 0.596214
23 5 5 0.535411
24 1 1 0.660593
24 1 2 0.689966
24 1 3 0.000000
24 1 4 0.000000
24 1 5 0.585993
24 2 1 0.000000
24 2 2 0.659059
24 2 3 0.648957
24 2 4 0.615889
24 2 5 0.555086
24 3 1 0.654724
24 3 2 0.000000
24 3 3 0.673996
24 3 4 0.640927
24 3 5 0.580125
24 4 1 0.631486
24 4 2 0.660860
24 4 3 0.000000
24 4 4 0.617690
24 4 5 0.556887
24 5 1 0.610010
24 5 2 0.639384
24 5 3 0.629282
24 5 4 0.596214
24 5 5 0.535411
25 1 1 0.660593
25 1 2 0.689966
25 1 3 0.000000
25 1 4 0.000000
25 1 5 0.585993
25 2 1 0.000000
25 2 2 0.659059
25 2 3 0.648957
25 2 4 0.615889
25 2 5 0.555086
25 3 1 0.654724
25 3 2 0.000000
25 3 3 0.673996
25 3 4 0.640927
25 3 5 0.580125
25 4 1 0.631486
25 4 2 0.660860
25 4 3 0.000000
25 4 4 0.617690
25 4 5 0.556887
25 5 1 0.610010
25 5 2 0.639384
25 5 3 0.629282
25 5 4 0.596214
25 5 5 0.535411
26 1 1 0.660593
26 1 2 0.689966
26 1 3 0.000000
26 1 4 0.000000
26 1 5 0.585993
26 2 1 0.000000
26 2 2 0.659059
26 2 3 0.648957
26 2 4 0.615889
26 2 5 0.555086
26 3 1 0.654724
26 3 2 0.000000
26 3 3 0.673996
26 3 4 0.640927
26 3 5 0.580125
26 4 1 0.631486
26 4 2 0.660860
26 4 3 0.000000
26 4 4 0.617690
26 4 5 0.556887
26 5 1 0.610010
26 5 2 0.639384
26 5 3 0.629282
26 5 4 0.596214
26 5 5 0.535411
27 1 1 0.660593
27 1 2 0.689966
27 1 3 0.000000
27 1 4 0.000000
27 1 5 0.585993
27 2 1 0.000000
27 2 2 0.659059
27 2 3 0.648957
27 2 4 0.615889
27 2 5 0.555086
27 3 1 0.654724
27 3 2 0.000000
27 3 3 0.673996
27 3 4 0.640927
27 3 5 0.580125
27 4 1 0.631486
27 4 2 0.660860
27 4 3 0.000000
27 4 4 0.617690
27 4 5 0.556887
27 5 1 0.610010
27 5 2 0.639384
27 5 3 0.629282
27 5 4 0.596214
27 5 5 0.535411
28 1 1 0.660593
28 1 2 0.689966
28 1 3 0.000000
28 1 4 0.000000
28 1 5 0.585993
28 2 1 0.000000
28 2 2 0.659059
28 2 3 0.648957
28 2 4 0.615889
28 2 5 0.555086
28 3 1 0.654724
28 3 2 0.000000
28 3 3 0.673996
28 3 4 0.640927
28 3 5 0.580125
28 4 1 0.631486
28 4 2 0.660860
28 4 3 0.000000
28 4 4 0.617690
28 4 5 0.556887
28 5 1 0.610010
28 5 2 0.639384
28 5 3 0.629282
28 5 4 0.596214
28 5 5 0.535411
29 1 1 0.660593
29 1 2 0.689966
29 1 3 0.000000
29 1 4 0.000000
29 1 5 0.585993
29 2 1 0.000000
29 2 2 0.659059
29 2 3 0.648957
29 2 4 0.615889
29 2 5 0.555086
29 3 1 0.654724
29 3 2 0.000000
29 3 3 0.673996
29 3 4 0.640927
29 3 5 0.580125
29 4 1 0.631486
29 4 2 0.660860
29 4 3 0.000000
29 4 4 0.617690
29 4 5 0.556887
29 5 1 0.610010
29 5 2 0.639384
29 5 3 0.629282
29 5 4 0.596214
29 5 5 0.535411
30 1 1 0.660593
30 1 2 0.689966
30 1 3 0.000000
30 1 4 0.000000
30 1 5 0.585993
30 2 1 0.000000
30 2 2 0.659059
30 2 3 0.648957
30 2 4 0.615889
30 2 5 0.555086
30 3 1 0.654724
30 3 2 0.000000
30 3 3 0.673996
30 3 4 0.640927
30 3 5 0.580125
30 4 1 0.631486
30 4 2 0.660860
30 4 3 0.000000
30 4 4 0.617690
30 4 5 0.556887
30 5 1 0.610010
30 5 2 0.639384
30 5 3 0.629282
30 5 4 0.596214
30 5 5 0.535411
31 1 1 0.660593
31 1 2 0.689966
31 1 3 0.000000
31 1 4 0.000000
31 1 5 0.585993
31 2 1 0.000000
31 2 2 0.659059
31 2 3 0.648957
31 2 4 0.615889
31 2 5 0.555086
31 3 1 0.654724
31 3 2 0.000000
31 3 3 0.673996
31 3 4 0.640927
31 3 5 0.580125
31 4 1 0.631486
31 4 2 0.660860
31 4 3 0.000000
31 4 4 0.617690
31 4 5 0.556887
31 5 1 0.610010
31 5 2 0.639384
31 5 3 0.629282
31 5 4 0.596214
31 5 5 0.535411
32 1 1 0.660593
32 1 2 0.689966
32 1 3 0.000000
32 1 4 0.000000
32 1 5 0.585993
32 2 1 0.000000
32 2 2 0.659059
32 2 3 0.648957
32 2 4 0.615889
32 2 5 0.555086
32 3 1 0.654724
32 3 2 0.000000
32 3 3 0.673996
32 3 4 0.640927
32 3 5 0.580125
32 4 1 0.631486
32 4 2 0.660860
32 4 3 0.000000
32 4 4 0.617690
32 4 5 0.556887
32 5 1 0.610010
32 5 2 0.639384
32 5 3 0.629282
32 5 4 0.596214
32 5 5 0.535411
33 1 1 0.660593
33 1 2 0.689966
33 1 3 0.000000
33 1 4 0.000000
33 1 5 0.585993
33 2 1 0.000000
33 2 2 0.659059
33 2 3 0.648957
33 2 4 0.615889
33 2 5 0.555086
33 3 1 0.654724
33 3 2 0.000000
33 3 3 0.673996
33 3 4 0.640927
33 3 5 0.580125
33 4 1 0.631486
33 4 2 0.660860
33 4 3 0.000000
33 4 4 0.617690
33 4 5 0.556887
33 5 1 0.610010
33 5 2 0.639384
33 5 3 0.629282
33 5 4 0.596214
33 5 5 0.535411
34 1 1 0.660593
34 1 2 0.689966
34 1 3 0.000000
34 1 4 0.000000
34 1 5 0.585993
34 2 1 0.000000
34 2 2 0.659059
34 2 3 0.648957
34 2 4 0.615889
34 2 5 0.555086
34 3 1 0.654724
34 3 2 0.000000
34 3 3 0.673996
34 3 4 0.640927
34 3 5 0.580125
34 4 1 0.631486
34 4 2 0.660860
34 4 3 0.000000
34 4 4 0.617690
34 4 5 0.556887
34 5 1 0.610010
34 5 2 0.639384
34 5 3 0.629282
34 5 4 0.596214
34 5 5 0.535411
35 1 1 0.660593
35 1 2 0.689966
35 1 3 0.000000
35 1 4 0.000000
35 1 5 0.585993
35 2 1 0.000000
35 2 2 0.659059
35 2 3 0.648957
35 2 4 0.615889
35 2 5 0.555086
35 3 1 0.654724
35 3 2 0.000000
35 3 3 0.673996
35 3 4 0.640927
35 3 5 0.580125
35 4 1 0.631486
35 4 2 0.660860
35 4 3 0.000000
35 4 4 0.617690
35 4 5 0.556887
35 5 1 0.610010
35 5 2 0.639384
35 5 3 0.629282
35 5 4 0.596214
35 5 5 0.535411
36 1 1 0.660593
36 1 2 0.689966
36 1 3 0.000000
36 1 4 0.000000
36 1 5 0.585993
36 2 1 0.000000
36 2 2 0.659059
36 2 3 0.648957
36 2 4 0.615889
36 2 5 0.555086
36 3 1 0.654724
36 3 2 0.000000
36 3 3 0.673996
36 3 4 0.640927
36 3 5 0.580125
36 4 1 0.631486
36 4 2 0.660860
36 4 3 0.000000
36 4 4 0.617690
36 4 5 0.556887
36 5 1 0.610010
36 5 2 0.639384
36 5 3 0.629282
36 5 4 0.596214
36 5 5 0.535411
37 1 1 0.660593
37 1 2 0.689966
37 1 3 0.000000
37 1 4 0.000000
37 1 5 0.585993
37 2 1 0.000000
37 2 2 0.659059
37 2 3 0.648957
37 2 4 0.615889
37 2 5 0.555086
37 3 1 0.654724
37 3 2 0.000000
37 3 3 0.673996
37 3 4 0.640927
37 3 5 0.580125
37 4 1 0.631486
37 4 2 0.660860
37 4 3 0.000000
37 4 4 0.617690
37 4 5 0.556887
37 5 1 0.610010
37 5 2 0.639384
37 5 3 0.629282
37 5 4 0.596214
37 5 5 0.535411
38 1 1 0.660593
38 1 2 0.689966
38 1 3 0.000000
38 1 4 0.000000
38 1 5 0.585993
38 2 1 0.000000
38 2 2 0.659059
38 2 3 0.648957
38 2 4 0.615889
38 2 5 0.555086
38 3 1 0.654724
38 3 2 0.000000
38 3 3 0.673996
38 3 4 0.640927
38 3 5 0.580125
38 4 1 0.631486
38 4 2 0.660860
38 4 3 0.000000
38 4 4 0.617690
38 4 5 0.556887
38 5 1 0.610010
38 5 2 0.639384
38 5 3 0.629282
38 5 4 0.596214
38 5 5 0.535411
39 1 1 0.660593
39 1 2 0.689966
39 1 3 0.000000
39 1 4 0.000000
39 1 5 0.585993
39 2 1 0.000000
39 2 2 0.659059
39 2 3 0.648957
39 2 4 0.615889
39 2 5 0.555086
39 3 1 0.654724
39 3 2 0.000000
39 3 3 0.673996
39 3 4 0.640927
39 3 5 0.580125
39 4 1 0.631486
39 4 2 0.660860
39 4 3 0.000000
39 4 4 0.617690
39 4 5 0.556887
39 5 1 0.610010
39 5 2 0.639384
39 5 3 0.629282
39 5 4 0.596214
39 5 5 0.535411
40 1 1 0.660593
40 1 2 0.689966
40 1 3 0.000000
40 1 4 0.000000
40 1 5 0.585993
40 2 1 0.000000
40 2 2 0.659059
40 2 3 0.648957
40 2 4 0.615889
40 2 5 0.555086
40 3 1 0.654724
40 3 2 0.000000
40 3 3 0.673996
40 3 4 0.640927
40 3 5 0.580125
40 4 1 0.631486
40 4 2 0.660860
40 4 3 0.000000
40 4 4 0.617690
40 4 5 0.556887
40 5 1 0.610010
40 5 2 0.639384
40 5 3 0.629282
40 5 4 0.596214
40 5 5 0.535411
41 1 1 0.660593
41 1 2 0.689966
41 1 3 0.000000
41 1 4 0.000000
41 1 5 0.585993
41 2 1 0.000000
41 2 2 0.659059
41 2 3 0.648957
41 2 4 0.615889
41 2 5 0.555086
41 3 1 0.654724
41 3 2 0.000000
41 3 3 0.673996
41 3 4 0.640927
41 3 5 0.580125
41 4 1 0.631486
41 4 2 0.660860
41 4 3 0.000000
41 4 4 0.617690
41 4 5 0.556887
41 5 1 0.610010
41 5 2 0.639384
41 5 3 0.629282
41 5 4 0.596214
41 5 5 0.535411
42 1 1 0.660593
42 1 2 0.689966
42 1 3 0.000000
42 1 4 0.000000
42 1 5 0.585993
42 2 1 0.000000
42 2 2 0.659059
42 2 3 0.648957
42 2 4 0.615889
42 2 5 0.555086
42 3 1 0.654724
42 3 2 0.000000
42 3 3 0.673996
42 3 4 0.640927
42 3 5 0.580125
42 4 1 0.631486
42 4 2 0.660860
42 4 3 0.000000
42 4 4 0.617690
42 4 5 0.556887
42 5 1 0.610010
42 5 2 0.639384
42 5 3 0.629282
42 5 4 0.596214
42 5 5 0.535411
43 1 1 0.660593
43 1 2 0.689966
43 1 3 0.000000
43 1 4 0.000000
43 1 5 0.585993
43 2 1 0.000000
43 2 2 0.659059
43 2 3 0.648957
43 2 4 0.615889
43 2 5 0.555086
43 3 1 0.654724
43 3 2 0.000000
43 3 3 0.673996
43 3 4 0.640927
43 3 5 0.580125
43 4 1 0.631486
43 4 2 0.660860
43 4 3 0.000000
43 4 4 0.617690
43 4 5 0.556887
43 5 1 0.610010
43 5 2 0.639384
43 5 3 0.629282
43 5 4 0.596214
43 5 5 0.535411
44 1 1 0.660593
44 1 2 0.689966
44 1 3 0.000000
44 1 4 0.000000
44 1 5 0.585993
44 2 1 0.000000
44 2 2 0.659059
44 2 3 0.648957
44 2 4 0.615889
44 2 5 0.555086
44 3 1 0.654724
44 3 2 0.000000
44 3 3 0.673996
44 3 4 0.640927
44 3 5 0.580125
44 4 1 0.631486
44 4 2 0.660860
44 4 3 0.000000
44 4 4 0.617690
44 4 5 0.556887
44 5 1 0.610010
44 5 2 0.639384
44 5 3 0.629282
44 5 4 0.596214
44 5 5 0.535411
45 1 1 0.660593
45 1 2 0.689966
45 1 3 0.000000
45 1 4 0.000000
45 1 5 0.585993
45 2 1 0.000000
45 2 2 0.659059
45 2 3 0.648957
45 2 4 0.615889
45 2 5 0.555086
45 3 1 0.654724
45 3 2 0.000000
45 3 3 0.673996
45 3 4 0.640927
45 3 5 0.580125
45 4 1 0.631486
45 4 2 0.660860
45 4 3 0.000000
45 4 4 0.617690
45 4 5 0.556887
45 5 1 0.610010
45 5 2 0.639384
45 5 3 0.629282
45 5 4 0.596214
45 5 5 0.535411
46 1 1 0.660593
46 1 2 0.689966
46 1 3 0.000000
46 1 4 0.000000
46 1 5 0.585993
46 2 1 0.000000
46 2 2 0.659059
46 2 3 0.648957
46 2 4 0.615889
46 2 5 0.555086
46 3 1 0.654724
46 3 2 0.000000
46 3 3 0.673996
46 3 4 0.640927
46 3 5 0.580125
46 4 1 0.631486
46 4 2 0.660860
46 4 3 0.000000
46 4 4 0.617690
46 4 5 0.556887
46 5 1 0.610010
46 5 2 0.639384
46 5 3 0.629282
46 5 4 0.596214
46 5 5 0.535411
47 1 1 0.660593
47 1 2 0.689966
47 1 3 0.000000
47 1 4 0.000000
47 1 5 0.585993
47 2 1 0.000000
47 2 2 0.659059
47 2 3 0.648957
47 2 4 0.615889
47 2 5 0.555086
47 3 1 0.654724
47 3 2 0.000000
47 3 3 0.673996
47 3 4 0.640927
47 3 5 0.580125
47 4 1 0.631486
47 4 2 0.660860
47 4 3 0.000000
47 4 4 0.617690
47 4 5 0.556887
47 5 1 0.610010
47 5 2 0.639384
47 5 3 0.629282
47 5 4 0.596214
47 5 5 0.535411
48 1 1 0.660593
48 1 2 0.689966
48 1 3 0.000000
48 1 4 0.000000
48 1 5 0.585993
48 2 1 0.000000
48 2 2 0.659059
48 2 3 0.648957
48 2 4 0.615889
48 2 5 0.555086
48 3 1 0.654724
48 3 2 0.000000
48 3 3 0.673996
48 3 4 0.640927
48 3 5 0.580125
48 4 1 0.631486
48 4 2 0.660860
48 4 3 0.000000
48 4 4 0.617690
48 4 5 0.556887
48 5 1 0.610010
48 5 2 0.639384
48 5 3 0.629282
48 5 4 0.596214
48 5 5 0.535411
49 1 1 0.660593
49 1 2 0.689966
49 1 3 0.000000
49 1 4 0.000000
49 1 5 0.585993
49 2 1 0.000000
49 2 2 0.659059
49 2 3 0.648957
49 2 4 0.615889
49 2 5 0.555086
49 3 1 0.654724
49 3 2 0.000000
49 3 3 0.673996
49 3 4 0.640927
49 3 5 0.580125
49 4 1 0.631486
49 4 2 0.660860
49 4 3 0.000000
49 4 4 0.617690
49 4 5 0.556887
49 5 1 0.610010
49 5 2 0.639384
49 5 3 0.629282
49 5 4 0.596214
49 5 5 0.535411
50 1 1 0.660593
50 1 2 0.689966
50 1 3 0.000000
50 1 4 0.000000
50 1 5 0.585993
50 2 1 0.000000
50 2 2 0.659059
50 2 3 0.648957
50 2 4 0.615889
50 2 5 0.555086
50 3 1 0.654724
50 3 2 0.000000
50 3 3 0.673996
50 3 4 0.640927
50 3 5 0.580125
50 4 1 0.631486
50 4 2 0.660860
50 4 3 0.000000
50 4 4 0.617690
50 4 5 0.556887
50 5 1 0.610010
50 5 2 0.639384
50 5 3 0.629282
50 5 4 0.596214
50 5 5 0.535411
51 1 1 0.660593
51 1 2 0.689966
51 1 3 0.000000
51 1 4 0.000000
51 1 5 0.585993
51 2 1 0.000000
51 2 2 0.659059
51 2 3 0.648957
51 2 4 0.615889
51 2 5 0.555086
51 3 1 0.654724
51 3 2 0.000000
51 3 3 0.673996
51 3 4 0.640927
51 3 5 0.580125
51 4 1 0.631486
51 4 2 0.660860
51 4 3 0.000000
51 4 4 0.617690
51 4 5 0.556887
51 5 1 0.610010
51 5 2 0.639384
51 5 3 0.629282
51 5 4 0.596214
51 5 5 0.535411
52 1 1 0.660593
52 1 2 0.689966
52 1 3 0.000000
52 1 4 0.000000
52 1 5 0.585993
52 2 1 0.000000
52 2 2 0.659059
52 2 3 0.648957
52 2 4 0.615889
52 2 5 0.555086
52 3 1 0.654724
52 3 2 0.000000
52 3 3 0.673996
52 3 4 0.640927
52 3 5 0.580125
52 4 1 0.631486
52 4 2 0.660860
52 4 3 0.000000
52 4 4 0.617690
52 4 5 0.556887
52 5 1 0.610010
52 5 2 0.639384
52 5 3 0.629282
52 5 4 0.596214
52 5 5 0.535411
53 1 1 0.660593
53 1 2 0.689966
53 1 3 0.000000
53 1 4 0.000000
53 1 5 0.585993
53 2 1 0.000000
53 2 2 0.659059
53 2 3 0.648957
53 2 4 0.615889
53 2 5 0.555086
53 3 1 0.654724
53 3 2 0.000000
53 3 3 0.673996
53 3 4 0.640927
53 3 5 0.580125
53 4 1 0.631486
53 4 2 0.660860
53 4 3 0.000000
53 4 4 0.617690
53 4 5 0.556887
53 5 1 0.610010
53 5 2 0.639384
53 5 3 0.629282
53 5 4 0.596214
53 5 5 0.535411
54 1 1 0.660593
54 1 2 0.689966
54 1 3 0.000000
54 1 4 0.000000
54 1 5 0.585993
54 2 1 0.000000
54 2 2 0.659059
54 2 3 0.648957
54 2 4 0.615889
54 2 5 0.555086
54 3 1 0.654724
54 3 2 0.000000
54 3 3 0.673996
54 3 4 0.640927
54 3 5 0.580125
54 4 1 0.631486
54 4 2 0.660860
54 4 3 0.000000
54 4 4 0.617690
54 4 5 0.556887
54 5 1 0.610010
54 5 2 0.639384
54 5 3 0.629282
54 5 4 0.596214
54 5 5 0.535411
55 1 1 0.660593
55 1 2 0.689966
55 1 3 0.000000
55 1 4 0.000000
55 1 5 0.585993
55 2 1 0.000000
55 2 2 0.659059
55 2 3 0.648957
55 2 4 0.615889
55 2 5 0.555086
55 3 1 0.654724
55 3 2 0.000000
55 3 3 0.673996
55 3 4 0.640927
55 3 5 0.580125
55 4 1 0.631486
55 4 2 0.660860
55 4 3 0.000000
55 4 4 0.617690
55 4 5 0.556887
55 5 1 0.610010
55 5 2 0.639384
55 5 3 0.629282
55 5 4 0.596214
55 5 5 0.535411
56 1 1 0.660593
56 1 2 0.689966
56 1 3 0.000000
56 1 4 0.000000
56 1 5 0.585993
56 2 1 0.000000
56 2 2 0.659059
56 2 3 0.648957
56 2 4 0.615889
56 2 5 0.555086
56 3 1 0.654724
56 3 2 0.000000
56 3 3 0.673996
56 3 4 0.640927
56 3 5 0.580125
56 4 1 0.631486
56 4 2 0.660860
56 4 3 0.000000
56 4 4 0.617690
56 4 5 0.556887
56 5 1 0.610010
56 5 2 0.639384
56 5 3 0.629282
56 5 4 0.596214
56 5 5 0.535411
57 1 1 0.660593
57 1 2 0.689966
57 1 3 0.000000
57 1 4 0.000000
57 1 5 0.585993
57 2 1 0.000000
57 2 2 0.659059
57 2 3 0.648957
57 2 4 0.615889
57 2 5 0.555086
57 3 1 0.654724
57 3 2 0.000000
57 3 3 0.673996
57 3 4 0.640927
57 3 5 0.580125
57 4 1 0.631486
57 4 2 0.660860
57 4 3 0.000000
57 4 4 0.617690
57 4 5 0.556887
57 5 1 0.610010
57 5 2 0.639384
57 5 3 0.629282
57 5 4 0.596214
57 5 5 0.535411
58 1 1 0.660593
58 1 2 0.689966
58 1 3 0.000000
58 1 4 0.000000
58 1 5 0.585993
58 2 1 0.000000
58 2 2 0.659059
58 2 3 0.648957
58 2 4 0.615889
58 2 5 0.555086
58 3 1 0.654724
58 3 2 0.000000
58 3 3 0.673996
58 3 4 0.640927
58 3 5 0.580125
58 4 1 0.631486
58 4 2 0.660860
58 4 3 0.000000
58 4 4 0.617690
58 4 5 0.556887
58 5 1 0.610010
58 5 2 0.639384
58 5 3 0.629282
58 5 4 0.596214
58 5 5 0.535411
59 1 1 0.660593
59 1 2 0.689966
59 1 3 0.000000
59 1 4 0.000000
59 1 5 0.585993
59 2 1 0.000000
59 2 2 0.659059
59 2 3 0.648957
59 2 4 0.615889
59 2 5 0.555086
59 3 1 0.654724
59 3 2 0.000000
59 3 3 0.673996
59 3 4 0.640927
59 3 5 0.580125
59 4 1 0.631486
59 4 2 0.660860
59 4 3 0.000000
59 4 4 0.617690
59 4 5 0.556887
59 5 1 0.610010
59 5 2 0.639384
59 5 3 0.629282
59 5 4 0.596214
59 5 5 0.535411
60 1 1 0.660593
60 1 2 0.689966
60 1 3 0.000000
60 1 4 0.000000
60 1 5 0.585993
60 2 1 0.000000
60 2 2 0.659059
60 2 3 0.648957
60 2 4 0.615889
60 2 5 0.555086
60 3 1 0.654724
60 3 2 0.000000
60 3 3 0.673996
60 3 4 0.640927
60 3 5 0.580125
60 4 1 0.631486
60 4 2 0.660860
60 4 3 0.000000
60 4 4 0.617690
60 4 5 0.556887
60 5 1 0.610010
60 5 2 0.639384
60 5 3 0.629282
60 5 4 0.596214
60 5 5 0.535411
61 1 1 0.660593
61 1 2 0.689966
61 1 3 0.000000
61 1 4 0.000000
61 1 5 0.585993
61 2 1 0.000000
61 2 2 0.659059
61 2 3 0.648957
61 2 4 0.615889
61 2 5 0.555086
61 3 1 0.654724
61 3 2 0.000000
61 3 3 0.673996
61 3 4 0.640927
61 3 5 0.580125
61 4 1 0.631486
61 4 2 0.660860
61 4 3 0.000000
61 4 4 0.617690
61 4 5 0.556887
61 5 1 0.610010
61 5 2 0.639384
61 5 3 0.629282
61 5 4 0.596214
61 5 5 0.535411
62 1 1 0.660593
62 1 2 0.689966
62 1 3 0.000000
62 1 4 0.000000
62 1 5 0.585993
62 2 1 0.000000
62 2 2 0.659059
62 2 3 0.648957
62 2 4 0.615889
62 2 5 0.555086
62 3 1 0.654724
62 3 2 0.000000
62 3 3 0.673996
62 3 4 0.640927
62 3 5 0.580125
62 4 1 0.631486
62 4 2 0.660860
62 4 3 0.000000
62 4 4 0.617690
62 4 5 0.556887
62 5 1 0.610010
62 5 2 0.639384
62 5 3 0.629282
62 5 4 0.596214
62 5 5 0.535411
63 1 1 0.660593
63 1 2 0.689966
63 1 3 0.000000
63 1 4 0.000000
63 1 5 0.585993
63 2 1 0.000000
63 2 2 0.659059
63 2 3 0.648957
63 2 4 0.615889
63 2 5 0.555086
63 3 1 0.654724
63 3 2 0.000000
63 3 3 0.673996
63 3 4 0.640927
63 3 5 0.580125
63 4 1 0.631486
63 4 2 0.660860
63 4 3 0.000000
63 4 4 0.617690
63 4 5 0.556887
63 5 1 0.610010
63 5 2 0.639384
63 5 3 0.629282
63 5 4 0.596214
63 5 5 0.535411
64 1 1 0.660593
64 1 2 0.689966
64 1 3 0.000000
64 1 4 0.000000
64 1 5 0.585993
64 2 1 0.000000
64 2 2 0.659059
64 2 3 0.648957
64 2 4 0.615889
64 2 5 0.555086
64 3 1 0.654724
64 3 2 0.000000
64 3 3 0.673996
64 3 4 0.640927
64 3 5 0.580125
64 4 1 0.631486
64 4 2 0.660860
64 4 3 0.000000
64 4 4 0.617690
64 4 5 0.556887
64 5 1 0.610010
64 5 2 0.639384
64 5 3 0.629282
64 5 4 0.596214
64 5 5 0.535411
65 1 1 0.660593
65 1 2 0.689966
65 1 3 0.000000
65 1 4 0.000000
65 1 5 0.585993
65 2 1 0.000000
65 2 2 0.659059
65 2 3 0.648957
65 2 4 0.615889
65 2 5 0.555086
65 3 1 0.654724
65 3 2 0.000000
65 3 3 0.673996
65 3 4 0.640927
65 3 5 0.580125
65 4 1 0.631486
65 4 2 0.660860
65 4 3 0.000000
65 4 4 0.617690
65 4 5 0.556887
65 5 1 0.610010
65 5 2 0.639384
65 5 3 0.629282
65 5 4 0.596214
65 5 5 0.535411
66 1 1 0.660593
66 1 2 0.689966
66 1 3 0.000000
66 1 4 0.000000
66 1 5 0.585993
66 2 1 0.000000
66 2 2 0.659059
66 2 3 0.648957
66 2 4 0.615889
66 2 5 0.555086
66 3 1 0.654724
66 3 2 0.000000
66 3 3 0.673996
66 3 4 0.640927
66 3 5 0.580125
66 4 1 0.631486
66 4 2 0.660860
66 4 3 0.000000
66 4 4 0.617690
66 4 5 0.556887
66 5 1 0.610010
66 5 2 0.639384
66 5 3 0.629282
66 5 4 0.596214
66 5 5 0.535411
67 1 1 0.660593
67 1 2 0.689966
67 1 3 0.000000
67 1 4 0.000000
67 1 5 0.585993
67 2 1 0.000000
67 2 2 0.659059
67 2 3 0.648957
67 2 4 0.615889
67 2 5 0.555086
67 3 1 0.654724
67 3 2 0.000000
67 3 3 0.673996
67 3 4 0.640927
67 3 5 0.580125
67 4 1 0.631486
67 4 2 0.660860
67 4 3 0.000000
67 4 4 0.617690
67 4 5 0.556887
67 5 1 0.610010
67 5 2 0.639384
67 5 3 0.629282
67 5 4 0.596214
67 5 5 0.535411
68 1 1 0.660593
68 1 2 0.689966
68 1 3 0.000000
68 1 4 0.000000
68 1 5 0.585993
68 2 1 0.000000
68 2 2 0.659059
68 2 3 0.648957
68 2 4 0.615889
68 2 5 0.555086
68 3 1 0.654724
68 3 2 0.000000
68 3 3 0.673996
68 3 4 0.640927
68 3 5 0.580125
68 4 1 0.631486
68 4 2 0.660860
68 4 3 0.000000
68 4 4 0.617690
68 4 5 0.556887
68 5 1 0.610010
68 5 2 0.639384
68 5 3 0.629282
68 5 4 0.596214
68 5 5 0.535411
69 1 1 0.660593
69 1 2 0.689966
69 1 3 0.000000
69 1 4 0.000000
69 1 5 0.585993
69 2 1 0.000000
69 2 2 0.659059
69 2 3 0.648957
69 2 4 0.615889
69 2 5 0.555086
69 3 1 0.654724
69 3 2 0.000000
69 3 3 0.673996
69 3 4 0.640927
69 3 5 0.580125
69 4 1 0.631486
69 4 2 0.660860
69 4 3 0.000000
69 4 4 0.617690
69 4 5 0.556887
69 5 1 0.610010
69 5 2 0.639384
69 5 3 0.629282
69 5 4 0.596214
69 5 5 0.535411
70 1 1 0.660593
70 1 2 0.689966
70 1 3 0.000000
70 1 4 0.000000
70 1 5 0.585993
70 2 1 0.000000
70 2 2 0.659059
70 2 3 0.648957
70 2 4 0.615889
70 2 5 0.555086
70 3 1 0.654724
70 3 2 0.000000
70 3 3 0.673996
70 3 4 0.640927
70 3 5 0.580125
70 4 1 0.631486
70 4 2 0.660860
70 4 3 0.000000
70 4 4 0.617690
70 4 5 0.556887
70 5 1 0.610010
70 5 2 0.639384
70 5 3 0.629282
70 5 4 0.596214
70 5 5 0.535411
71 1 1 0.660593
71 1 2 0.689966
71 1 3 0.000000
71 1 4 0.000000
71 1 5 0.585993
71 2 1 0.000000
71 2 2 0.659059
71 2 3 0.648957
71 2 4 0.615889
71 2 5 0.555086
71 3 1 0.654724
71 3 2 0.000000
71 3 3 0.673996
71 3 4 0.640927
71 3 5 0.580125
71 4 1 0.631486
71 4 2 0.660860
71 4 3 0.000000
71 4 4 0.617690
71 4 5 0.556887
71 5 1 0.610010
71 5 2 0.639384
71 5 3 0.629282
71 5 4 0.596214
71 5 5 0.535411
72 1 1 0.660593
72 1 2 0.689966
72 1 3 0.000000
72 1 4 0.000000
72 1 5 0.585993
72 2 1 0.000000
72 2 2 0.659059
72 2 3 0.648957
72 2 4 0.615889
72 2 5 0.555086
72 3 1 0.654724
72 3 2 0.000000
72 3 3 0.673996
72 3 4 0.640927
72 3 5 0.580125
72 4 1 0.631486
72 4 2 0.660860
72 4 3 0.000000
72 4 4 0.617690
72 4 5 0.556887
72 5 1 0.610010
72 5 2 0.639384
72 5 3 0.629282
72 5 4 0.596214
72 5 5 0.535411
73 1 1 0.660593
73 1 2 0.689966
73 1 3 0.000000
73 1 4 0.000000
73 1 5 0.585993
73 2 1 0.000000
73 2 2 0.659059
73 2 3 0.648957
73 2 4 0.615889
73 2 5 0.555086
73 3 1 0.654724
73 3 2 0.000000
73 3 3 0.673996
73 3 4 0.640927
73 3 5 0.580125
73 4 1 0.631486
73 4 2 0.660860
73 4 3 0.000000
73 4 4 0.617690
73 4 5 0.556887
73 5 1 0.610010
73 5 2 0.639384
73 5 3 0.629282
73 5 4 0.596214
73 5 5 0.535411
74 1 1 0.660593
74 1 2 0.689966
74 1 3 0.000000
74 1 4 0.000000
74 1 5 0.585993
74 2 1 0.000000
74 2 2 0.659059
74 2 3 0.648957
74 2 4 0.615889
74 2 5 0.555086
74 3 1 0.654724
74 3 2 0.000000
74 3 3 0.673996
74 3 4 0.640927
74 3 5 0.580125
74 4 1 0.631486
74 4 2 0.660860
74 4 3 0.000000
74 4 4 0.617690
74 4 5 0.556887
74 5 1 0.610010
74 5 2 0.639384
74 5 3 0.629282
74 5 4 0.596214
74 5 5 0.535411
75 1 1 0.660593
75 1 2 0.689966
75 1 3 0.000000
75 1 4 0.000000
75 1 5 0.585993
75 2 1 0.000000
75 2 2 0.659059
75 2 3 0.648957
75 2 4 0.615889
75 2 5 0.555086
75 3 1 0.654724
75 3 2 0.000000
75 3 3 0.673996
75 3 4 0.640927
75 3 5 0.580125
75 4 1 0.631486
75 4 2 0.660860
75 4 3 0.000000
75 4 4 0.617690
75 4 5 0.556887
75 5 1 0.610010
75 5 2 0.639384
75 5 3 0.629282
75 5 4 0.596214
75 5 5 0.535411
76 1 1 0.660593
76 1 2 0.689966
76 1 3 0.000000
76 1 4 0.000000
76 1 5 0.585993
76 2 1 0.000000
76 2 2 0.659059
76 2 3 0.648957
76 2 4 0.615889
76 2 5 0.555086
76 3 1 0.654724
76 3 2 0.000000
76 3 3 0.673996
76 3 4 0.640927
76 3 5 0.580125
76 4 1 0.631486
76 4 2 0.660860
76 4 3 0.000000
76 4 4 0.617690
76 4 5 0.556887
76 5 1 0.610010
76 5 2 0.639384
76 5 3 0.629282
76 5 4 0.596214
76 5 5 0.535411
77 1 1 0.660593
77 1 2 0.689966
77 1 3 0.000000
77 1 4 0.000000
77 1 5 0.585993
77 2 1 0.000000
77 2 2 0.659059
77 2 3 0.648957
77 2 4 0.615889
77 2 5 0.555086
77 3 1 0.654724
77 3 2 0.000000
77 3 3 0.673996
77 3 4 0.640927
77 3 5 0.580125
77 4 1 0.631486
77 4 2 0.660860
77 4 3 0.000000
77 4 4 0.617690
77 4 5 0.556887
77 5 1 0.610010
77 5 2 0.639384
77 5 3 0.629282
77 5 4 0.596214
77 5 5 0.535411
78 1 1 0.660593
78 1 2 0.689966
78 1 3 0.000000
78 1 4 0.000000
78 1 5 0.585993
78 2 1 0.000000
78 2 2 0.659059
78 2 3 0.648957
78 2 4 0.615889
78 2 5 0.555086
78 3 1 0.654724
78 3 2 0.000000
78 3 3 0.673996
78 3 4 0.640927
78 3 5 0.580125
78 4 1 0.631486
78 4 2 0.660860
78 4 3 0.000000
78 4 4 0.617690
78 4 5 0.556887
78 5 1 0.610010
78 5 2 0.639384
78 5 3 0.629282
78 5 4 0.596214
78 5 5 0.535411
79 1 1 0.660593
79 1 2 0.689966
79 1 3 0.000000
79 1 4 0.000000
79 1 5 0.585993
79 2 1 0.000000
79 2 2 0.659059
79 2 3 0.648957
79 2 4 0.615889
79 2 5 0.555086
79 3 1 0.654724
79 3 2 0.000000
79 3 3 0.673996
79 3 4 0.640927
79 3 5 0.580125
79 4 1 0.631486
79 4 2 0.660860
79 4 3 0.000000
79 4 4 0.617690
79 4 5 0.556887
79 5 1 0.610010
79 5 2 0.639384
79 5 3 0.629282
79 5 4 0.596214
79 5 5 0.535411
80 1 1 0.660593
80 1 2 0.689966
80 1 3 0.000000
80 1 4 0.000000
80 1 5 0.585993
80 2 1 0.000000
80 2 2 0.659059
80 2 3 0.648957
80 2 4 0.615889
80 2 5 0.555086
80 3 1 0.654724
80 3 2 0.000000
80 3 3 0.673996
80 3 4 0.640927
80 3 5 0.580125
80 4 1 0.631486
80 4 2 0.660860
80 4 3 0.000000
80 4 4 0.617690
80 4 5 0.556887
80 5 1 0.610010
80 5 2 0.639384
80 5 3 0.629282
80 5 4 0.596214
80 5 5 0.535411
81 1 1 0.660593
81 1 2 0.689966
81 1 3 0.000000
81 1 4 0.000000
81 1 5 0.585993
81 2 1 0.000000
81 2 2 0.659059
81 2 3 0.648957
81 2 4 0.615889
81 2 5 0.555086
81 3 1 0.654724
81 3 2 0.000000
81 3 3 0.673996
81 3 4 0.640927
81 3 5 0.580125
81 4 1 0.631486
81 4 2 0.660860
81 4 3 0.000000
81 4 4 0.617690
81 4 5 0.556887
81 5 1 0.610010
81 5 2 0.639384
81 5 3 0.629282
81 5 4 0.596214
81 5 5 0.535411
82 1 1 0.660593
82 1 2 0.689966
82 1 3 0.000000
82 1 4 0.000000
82 1 5 0.585993
82 2 1 0.000000
82 2 2 0.659059
82 2 3 0.648957
82 2 4 0.615889
82 2 5 0.555086
82 3 1 0.654724
82 3 2 0.000000
82 3 3 0.673996
82 3 4 0.640927
82 3 5 0.580125
82 4 1 0.631486
82 4 2 0.660860
82 4 3 0.000000
82 4 4 0.617690
82 4 5 0.556887
82 5 1 0.610010
82 5 2 0.639384
82 5 3 0.629282
82 5 4 0.596214
82 5 5 0.535411
83 1 1 0.660593
83 1 2 0.689966
83 1 3 0.000000
83 1 4 0.000000
83 1 5 0.585993
83 2 1 0.000000
83 2 2 0.659059
83 2 3 0.648957
83 2 4 0.615889
83 2 5 0.555086
83 3 1 0.654724
83 3 2 0.000000
83 3 3 0.673996
83 3 4 0.640927
83 3 5 0.580125
83 4 1 0.631486
83 4 2 0.660860
83 4 3 0.000000
83 4 4 0.617690
83 4 5 0.556887
83 5 1 0.610010
83 5 2 0.639384
83 5 3 0.629282
83 5 4 0.596214
83 5 5 0.535411
84 1 1 0.660593
84 1 2 0.689966
84 1 3 0.000000
84 1 4 0.000000
84 1 5 0.585993
84 2 1 0.000000
84 2 2 0.659059
84 2 3 0.648957
84 2 4 0.615889
84 2 5 0.555086
84 3 1 0.654724
84 3 2 0.000000
84 3 3 0.673996
84 3 4 0.640927
84 3 5 0.580125
84 4 1 0.631486
84 4 2 0.660860
84 4 3 0.000000
84 4 4 0.617690
84 4 5 0.556887
84 5 1 0.610010
84 5 2 0.639384
84 5 3 0.629282
84 5 4 0.596214
84 5 5 0.535411
85 1 1 0.660593
85 1 2 0.689966
85 1 3 0.000000
85 1 4 0.000000
85 1 5 0.585993
85 2 1 0.000000
85 2 2 0.659059
85 2 3 0.648957
85 2 4 0.615889
85 2 5 0.555086
85 3 1 0.654724
85 3 2 0.000000
85 3 3 0.673996
85 3 4 0.640927
85 3 5 0.580125
85 4 1 0.631486
85 4 2 0.660860
85 4 3 0.000000
85 4 4 0.617690
85 4 5 0.556887
85 5 1 0.610010
85 5 2 0.639384
85 5 3 0.629282
85 5 4 0.596214
85 5 5 0.535411
86 1 1 0.660593
86 1 2 0.689966
86 1 3 0.000000
86 1 4 0.000000
86 1 5 0.585993
86 2 1 0.000000
86 2 2 0.659059
86 2 3 0.648957
86 2 4 0.615889
86 2 5 0.555086
86 3 1 0.654724
86 3 2 0.000000
86 3 3 0.673996
86 3 4 0.640927
86 3 5 0.580125
86 4 1 0.631486
86 4 2 0.660860
86 4 3 0.000000
86 4 4 0.617690
86 4 5 0.556887
86 5 1 0.610010
86 5 2 0.639384
86 5 3 0.629282
86 5 4 0.596214
86 5 5 0.535411
87 1 1 0.660593
87 1 2 0.689966
87 1 3 0.000000
87 1 4 0.000000
87 1 5 0.585993
87 2 1 0.000000
87 2 2 0.659059
87 2 3 0.648957
87 2 4 0.615889
87 2 5 0.555086
87 3 1 0.654724
87 3 2 0.000000
87 3 3 0.673996
87 3 4 0.640927
87 3 5 0.580125
87 4 1 0.631486
87 4 2 0.660860
87 4 3 0.000000
87 4 4 0.617690
87 4 5 0.556887
87 5 1 0.610010
87 5 2 0.639384
87 5 3 0.629282
87 5 4 0.596214
87 5 5 0.535411
88 1 1 0.660593
88 1 2 0.689966
88 1 3 0.000000
88 1 4 0.000000
88 1 5 0.585993
88 2 1 0.000000
88 2 2 0.659059
88 2 3 0.648957
88 2 4 0.615889
88 2 5 0.555086
88 3 1 0.654724
88 3 2 0.000000
88 3 3 0.673996
88 3 4 0.640927
88 3 5 0.580125
88 4 1 0.631486
88 4 2 0.660860
88 4 3 0.000000
88 4 4 0.617690
88 4 5 0.556887
88 5 1 0.610010
88 5 2 0.639384
88 5 3 0.629282
88 5 4 0.596214
88 5 5 0.535411
89 1 1 0.660593
89 1 2 0.689966
89 1 3 0.000000
89 1 4 0.000000
89 1 5 0.585993
89 2 1 0.000000
89 2 2 0.659059
89 2 3 0.648957
89 2 4 0.615889
89 2 5 0.555086
89 3 1 0.654724
89 3 2 0.000000
89 3 3 0.673996
89 3 4 0.640927
89 3 5 0.580125
89 4 1 0.631486
89 4 2 0.660860
89 4 3 0.000000
89 4 4 0.617690
89 4 5 0.556887
89 5 1 0.610010
89 5 2 0.639384
89 5 3 0.629282
89 5 4 0.596214
89 5 5 0.535411
90 1 1 0.660593
90 1 2 0.689966
90 1 3 0.000000
90 1 4 0.000000
90 1 5 0.585993
90 2 1 0.000000
90 2 2 0.659059
90 2 3 0.648957
90 2 4 0.615889
90 2 5 0.555086
90 3 1 0.654724
90 3 2 0.000000
90 3 3 0.673996
90 3 4 0.640927
90 3 5 0.580125
90 4 1 0.631486
90 4 2 0.660860
90 4 3 0.000000
90 4 4 0.617690
90 4 5 0.556887
90 5 1 0.610010
90 5 2 0.639384
90 5 3 0.629282
90 5 4 0.596214
90 5 5 0.535411
